~o
<STREAMINFO> 1 39
<VECSIZE> 39<NULLD><MFCC_D_A_0><DIAGC>
~h "belas"
<BEGINHMM>
<NUMSTATES> 6
<STATE> 2
<MEAN> 39
 0.000000e+00 0.000000e+00 0.000000e+00 0.000000e+00 0.000000e+00 0.000000e+00 0.000000e+00 0.000000e+00 0.000000e+00 0.000000e+00 0.000000e+00 0.000000e+00 0.000000e+00 0.000000e+00 0.000000e+00 0.000000e+00 0.000000e+00 0.000000e+00 0.000000e+00 0.000000e+00 0.000000e+00 0.000000e+00 0.000000e+00 0.000000e+00 0.000000e+00 0.000000e+00 0.000000e+00 0.000000e+00 0.000000e+00 0.000000e+00 0.000000e+00 0.000000e+00 0.000000e+00 0.000000e+00 0.000000e+00 0.000000e+00 0.000000e+00 0.000000e+00 0.000000e+00
<VARIANCE> 39
 1.375336e+02 8.151984e+01 1.070120e+02 1.243910e+02 9.593076e+01 8.855123e+01 1.038120e+02 6.928267e+01 6.524660e+01 5.226656e+01 4.481892e+01 5.190245e+01 1.336836e+02 3.173570e+00 2.873949e+00 3.194736e+00 2.596782e+00 3.056394e+00 2.894886e+00 2.509655e+00 2.431815e+00 3.145530e+00 2.660326e+00 2.452070e+00 2.202776e+00 1.557382e+00 3.376584e-01 3.997111e-01 4.157922e-01 4.211936e-01 4.717892e-01 4.950847e-01 4.440690e-01 4.383784e-01 5.202263e-01 4.718212e-01 4.089891e-01 3.707154e-01 2.023523e-01
<GCONST> 1.300532e+02
<STATE> 3
<MEAN> 39
 0.000000e+00 0.000000e+00 0.000000e+00 0.000000e+00 0.000000e+00 0.000000e+00 0.000000e+00 0.000000e+00 0.000000e+00 0.000000e+00 0.000000e+00 0.000000e+00 0.000000e+00 0.000000e+00 0.000000e+00 0.000000e+00 0.000000e+00 0.000000e+00 0.000000e+00 0.000000e+00 0.000000e+00 0.000000e+00 0.000000e+00 0.000000e+00 0.000000e+00 0.000000e+00 0.000000e+00 0.000000e+00 0.000000e+00 0.000000e+00 0.000000e+00 0.000000e+00 0.000000e+00 0.000000e+00 0.000000e+00 0.000000e+00 0.000000e+00 0.000000e+00 0.000000e+00
<VARIANCE> 39
 1.375336e+02 8.151984e+01 1.070120e+02 1.243910e+02 9.593076e+01 8.855123e+01 1.038120e+02 6.928267e+01 6.524660e+01 5.226656e+01 4.481892e+01 5.190245e+01 1.336836e+02 3.173570e+00 2.873949e+00 3.194736e+00 2.596782e+00 3.056394e+00 2.894886e+00 2.509655e+00 2.431815e+00 3.145530e+00 2.660326e+00 2.452070e+00 2.202776e+00 1.557382e+00 3.376584e-01 3.997111e-01 4.157922e-01 4.211936e-01 4.717892e-01 4.950847e-01 4.440690e-01 4.383784e-01 5.202263e-01 4.718212e-01 4.089891e-01 3.707154e-01 2.023523e-01
<GCONST> 1.300532e+02
<STATE> 4
<MEAN> 39
 0.000000e+00 0.000000e+00 0.000000e+00 0.000000e+00 0.000000e+00 0.000000e+00 0.000000e+00 0.000000e+00 0.000000e+00 0.000000e+00 0.000000e+00 0.000000e+00 0.000000e+00 0.000000e+00 0.000000e+00 0.000000e+00 0.000000e+00 0.000000e+00 0.000000e+00 0.000000e+00 0.000000e+00 0.000000e+00 0.000000e+00 0.000000e+00 0.000000e+00 0.000000e+00 0.000000e+00 0.000000e+00 0.000000e+00 0.000000e+00 0.000000e+00 0.000000e+00 0.000000e+00 0.000000e+00 0.000000e+00 0.000000e+00 0.000000e+00 0.000000e+00 0.000000e+00
<VARIANCE> 39
 1.375336e+02 8.151984e+01 1.070120e+02 1.243910e+02 9.593076e+01 8.855123e+01 1.038120e+02 6.928267e+01 6.524660e+01 5.226656e+01 4.481892e+01 5.190245e+01 1.336836e+02 3.173570e+00 2.873949e+00 3.194736e+00 2.596782e+00 3.056394e+00 2.894886e+00 2.509655e+00 2.431815e+00 3.145530e+00 2.660326e+00 2.452070e+00 2.202776e+00 1.557382e+00 3.376584e-01 3.997111e-01 4.157922e-01 4.211936e-01 4.717892e-01 4.950847e-01 4.440690e-01 4.383784e-01 5.202263e-01 4.718212e-01 4.089891e-01 3.707154e-01 2.023523e-01
<GCONST> 1.300532e+02
<STATE> 5
<MEAN> 39
 0.000000e+00 0.000000e+00 0.000000e+00 0.000000e+00 0.000000e+00 0.000000e+00 0.000000e+00 0.000000e+00 0.000000e+00 0.000000e+00 0.000000e+00 0.000000e+00 0.000000e+00 0.000000e+00 0.000000e+00 0.000000e+00 0.000000e+00 0.000000e+00 0.000000e+00 0.000000e+00 0.000000e+00 0.000000e+00 0.000000e+00 0.000000e+00 0.000000e+00 0.000000e+00 0.000000e+00 0.000000e+00 0.000000e+00 0.000000e+00 0.000000e+00 0.000000e+00 0.000000e+00 0.000000e+00 0.000000e+00 0.000000e+00 0.000000e+00 0.000000e+00 0.000000e+00
<VARIANCE> 39
 1.375336e+02 8.151984e+01 1.070120e+02 1.243910e+02 9.593076e+01 8.855123e+01 1.038120e+02 6.928267e+01 6.524660e+01 5.226656e+01 4.481892e+01 5.190245e+01 1.336836e+02 3.173570e+00 2.873949e+00 3.194736e+00 2.596782e+00 3.056394e+00 2.894886e+00 2.509655e+00 2.431815e+00 3.145530e+00 2.660326e+00 2.452070e+00 2.202776e+00 1.557382e+00 3.376584e-01 3.997111e-01 4.157922e-01 4.211936e-01 4.717892e-01 4.950847e-01 4.440690e-01 4.383784e-01 5.202263e-01 4.718212e-01 4.089891e-01 3.707154e-01 2.023523e-01
<GCONST> 1.300532e+02
<TRANSP> 6
 0.000000e+00 5.000000e-01 5.000000e-01 0.000000e+00 0.000000e+00 0.000000e+00
 0.000000e+00 4.000000e-01 3.000000e-01 3.000000e-01 0.000000e+00 0.000000e+00
 0.000000e+00 0.000000e+00 4.000000e-01 3.000000e-01 3.000000e-01 0.000000e+00
 0.000000e+00 0.000000e+00 0.000000e+00 4.000000e-01 3.000000e-01 3.000000e-01
 0.000000e+00 0.000000e+00 0.000000e+00 0.000000e+00 5.000000e-01 5.000000e-01
 0.000000e+00 0.000000e+00 0.000000e+00 0.000000e+00 0.000000e+00 0.000000e+00
<ENDHMM>
