~o
<STREAMINFO> 1 39
<VECSIZE> 39<NULLD><MFCC_D_A_0><DIAGC>
~h "dua"
<BEGINHMM>
<NUMSTATES> 6
<STATE> 2
<MEAN> 39
 0.000000e+00 0.000000e+00 0.000000e+00 0.000000e+00 0.000000e+00 0.000000e+00 0.000000e+00 0.000000e+00 0.000000e+00 0.000000e+00 0.000000e+00 0.000000e+00 0.000000e+00 0.000000e+00 0.000000e+00 0.000000e+00 0.000000e+00 0.000000e+00 0.000000e+00 0.000000e+00 0.000000e+00 0.000000e+00 0.000000e+00 0.000000e+00 0.000000e+00 0.000000e+00 0.000000e+00 0.000000e+00 0.000000e+00 0.000000e+00 0.000000e+00 0.000000e+00 0.000000e+00 0.000000e+00 0.000000e+00 0.000000e+00 0.000000e+00 0.000000e+00 0.000000e+00
<VARIANCE> 39
 3.831955e+01 8.705308e+01 8.145494e+01 8.439008e+01 8.207652e+01 1.108280e+02 1.242809e+02 8.680079e+01 7.543425e+01 5.860622e+01 4.203421e+01 4.683588e+01 1.135220e+02 1.531990e+00 2.507823e+00 2.527591e+00 2.030982e+00 3.509367e+00 3.568195e+00 3.041539e+00 2.560599e+00 3.223600e+00 3.019318e+00 2.505099e+00 2.357356e+00 1.929682e+00 1.896276e-01 3.867713e-01 4.319098e-01 3.379983e-01 5.046716e-01 5.900725e-01 5.191627e-01 4.621842e-01 5.563033e-01 5.217646e-01 4.526210e-01 3.964467e-01 2.267833e-01
<GCONST> 1.283946e+02
<STATE> 3
<MEAN> 39
 0.000000e+00 0.000000e+00 0.000000e+00 0.000000e+00 0.000000e+00 0.000000e+00 0.000000e+00 0.000000e+00 0.000000e+00 0.000000e+00 0.000000e+00 0.000000e+00 0.000000e+00 0.000000e+00 0.000000e+00 0.000000e+00 0.000000e+00 0.000000e+00 0.000000e+00 0.000000e+00 0.000000e+00 0.000000e+00 0.000000e+00 0.000000e+00 0.000000e+00 0.000000e+00 0.000000e+00 0.000000e+00 0.000000e+00 0.000000e+00 0.000000e+00 0.000000e+00 0.000000e+00 0.000000e+00 0.000000e+00 0.000000e+00 0.000000e+00 0.000000e+00 0.000000e+00
<VARIANCE> 39
 3.831955e+01 8.705308e+01 8.145494e+01 8.439008e+01 8.207652e+01 1.108280e+02 1.242809e+02 8.680079e+01 7.543425e+01 5.860622e+01 4.203421e+01 4.683588e+01 1.135220e+02 1.531990e+00 2.507823e+00 2.527591e+00 2.030982e+00 3.509367e+00 3.568195e+00 3.041539e+00 2.560599e+00 3.223600e+00 3.019318e+00 2.505099e+00 2.357356e+00 1.929682e+00 1.896276e-01 3.867713e-01 4.319098e-01 3.379983e-01 5.046716e-01 5.900725e-01 5.191627e-01 4.621842e-01 5.563033e-01 5.217646e-01 4.526210e-01 3.964467e-01 2.267833e-01
<GCONST> 1.283946e+02
<STATE> 4
<MEAN> 39
 0.000000e+00 0.000000e+00 0.000000e+00 0.000000e+00 0.000000e+00 0.000000e+00 0.000000e+00 0.000000e+00 0.000000e+00 0.000000e+00 0.000000e+00 0.000000e+00 0.000000e+00 0.000000e+00 0.000000e+00 0.000000e+00 0.000000e+00 0.000000e+00 0.000000e+00 0.000000e+00 0.000000e+00 0.000000e+00 0.000000e+00 0.000000e+00 0.000000e+00 0.000000e+00 0.000000e+00 0.000000e+00 0.000000e+00 0.000000e+00 0.000000e+00 0.000000e+00 0.000000e+00 0.000000e+00 0.000000e+00 0.000000e+00 0.000000e+00 0.000000e+00 0.000000e+00
<VARIANCE> 39
 3.831955e+01 8.705308e+01 8.145494e+01 8.439008e+01 8.207652e+01 1.108280e+02 1.242809e+02 8.680079e+01 7.543425e+01 5.860622e+01 4.203421e+01 4.683588e+01 1.135220e+02 1.531990e+00 2.507823e+00 2.527591e+00 2.030982e+00 3.509367e+00 3.568195e+00 3.041539e+00 2.560599e+00 3.223600e+00 3.019318e+00 2.505099e+00 2.357356e+00 1.929682e+00 1.896276e-01 3.867713e-01 4.319098e-01 3.379983e-01 5.046716e-01 5.900725e-01 5.191627e-01 4.621842e-01 5.563033e-01 5.217646e-01 4.526210e-01 3.964467e-01 2.267833e-01
<GCONST> 1.283946e+02
<STATE> 5
<MEAN> 39
 0.000000e+00 0.000000e+00 0.000000e+00 0.000000e+00 0.000000e+00 0.000000e+00 0.000000e+00 0.000000e+00 0.000000e+00 0.000000e+00 0.000000e+00 0.000000e+00 0.000000e+00 0.000000e+00 0.000000e+00 0.000000e+00 0.000000e+00 0.000000e+00 0.000000e+00 0.000000e+00 0.000000e+00 0.000000e+00 0.000000e+00 0.000000e+00 0.000000e+00 0.000000e+00 0.000000e+00 0.000000e+00 0.000000e+00 0.000000e+00 0.000000e+00 0.000000e+00 0.000000e+00 0.000000e+00 0.000000e+00 0.000000e+00 0.000000e+00 0.000000e+00 0.000000e+00
<VARIANCE> 39
 3.831955e+01 8.705308e+01 8.145494e+01 8.439008e+01 8.207652e+01 1.108280e+02 1.242809e+02 8.680079e+01 7.543425e+01 5.860622e+01 4.203421e+01 4.683588e+01 1.135220e+02 1.531990e+00 2.507823e+00 2.527591e+00 2.030982e+00 3.509367e+00 3.568195e+00 3.041539e+00 2.560599e+00 3.223600e+00 3.019318e+00 2.505099e+00 2.357356e+00 1.929682e+00 1.896276e-01 3.867713e-01 4.319098e-01 3.379983e-01 5.046716e-01 5.900725e-01 5.191627e-01 4.621842e-01 5.563033e-01 5.217646e-01 4.526210e-01 3.964467e-01 2.267833e-01
<GCONST> 1.283946e+02
<TRANSP> 6
 0.000000e+00 5.000000e-01 5.000000e-01 0.000000e+00 0.000000e+00 0.000000e+00
 0.000000e+00 4.000000e-01 3.000000e-01 3.000000e-01 0.000000e+00 0.000000e+00
 0.000000e+00 0.000000e+00 4.000000e-01 3.000000e-01 3.000000e-01 0.000000e+00
 0.000000e+00 0.000000e+00 0.000000e+00 4.000000e-01 3.000000e-01 3.000000e-01
 0.000000e+00 0.000000e+00 0.000000e+00 0.000000e+00 5.000000e-01 5.000000e-01
 0.000000e+00 0.000000e+00 0.000000e+00 0.000000e+00 0.000000e+00 0.000000e+00
<ENDHMM>
