~o
<STREAMINFO> 1 63
<VECSIZE> 63<NULLD><MFCC_D_A_0><DIAGC>
~h "e"
<BEGINHMM>
<NUMSTATES> 8
<STATE> 2
<MEAN> 63
 -1.419467e+01 3.730510e+00 -2.997769e+00 4.840536e-01 -6.971366e-01 1.354099e+00 2.715958e+00 4.255763e+00 1.489028e+00 2.085585e+00 -2.245749e+00 -3.220734e+00 -5.169329e+00 -2.894253e+00 -6.624786e-01 3.385121e-01 3.746069e-01 -2.710881e-02 1.269847e-01 1.184788e-01 6.126303e+01 4.195702e-04 1.972831e-02 3.279295e-02 2.667742e-03 -3.119303e-02 -3.083136e-02 2.649622e-02 3.705658e-02 6.317464e-03 -2.571255e-02 -2.140756e-02 -2.504042e-03 2.113885e-02 1.144257e-02 1.343112e-03 -1.473923e-02 -1.314147e-02 -1.032139e-05 -4.452173e-04 -7.300943e-04 1.510560e-02 1.176022e-02 -1.655193e-02 3.271268e-02 3.054667e-02 3.697441e-02 3.021764e-02 -1.459590e-02 -1.152446e-02 4.801130e-03 2.687949e-03 5.660529e-03 7.758121e-03 -3.202807e-03 -5.329786e-03 2.365029e-03 1.331960e-03 -9.739808e-03 -8.131205e-03 -3.559254e-03 -5.183674e-03 3.397549e-02
<VARIANCE> 63
 1.594790e+01 2.586838e+00 2.979631e+00 1.841632e+00 3.261733e+00 2.779890e+00 4.413586e+00 4.975369e+00 3.714444e+00 3.088371e+00 3.736236e+00 3.407033e+00 4.777468e+00 2.597445e+00 1.517841e+00 1.085763e+00 6.748456e-01 4.896127e-01 3.303882e-01 1.590987e-01 2.869603e+02 4.753983e-02 9.424508e-02 1.216625e-01 1.766032e-01 2.253237e-01 2.659177e-01 2.881961e-01 3.439631e-01 2.707544e-01 2.445443e-01 2.783660e-01 2.334717e-01 2.177361e-01 1.849828e-01 1.431132e-01 1.155145e-01 7.392692e-02 4.963582e-02 2.796849e-02 1.453925e-02 2.157366e-01 2.190970e-02 3.019896e-02 4.108724e-02 5.322878e-02 6.843644e-02 6.344283e-02 6.062555e-02 7.259369e-02 6.022342e-02 4.948377e-02 6.389523e-02 4.911412e-02 4.389929e-02 3.592145e-02 2.863272e-02 2.145852e-02 1.528196e-02 1.043013e-02 1.000000e-02 1.000000e-02 2.291785e-02
<GCONST> 2.255523e+01
<STATE> 3
<MEAN> 63
 -3.130750e+00 -3.016156e+00 -6.887815e+00 1.519878e+00 4.668886e+00 -3.377362e+00 -5.794600e+00 3.309952e+00 2.665143e-01 5.967491e-02 3.195294e+00 5.487730e+00 -1.378260e+00 9.237409e-02 3.974431e+00 -2.113472e+00 -4.797046e+00 -7.293387e-01 7.749128e-01 -1.021548e+00 7.891525e+01 9.588277e-02 -8.166774e-02 -2.506047e-02 -1.020118e-01 5.108049e-03 -3.116981e-02 -8.149245e-02 -1.711631e-02 3.263871e-02 -8.606472e-03 7.644138e-02 1.340542e-01 9.866966e-02 3.554684e-02 4.172670e-03 -2.819547e-02 -4.823663e-02 -7.122968e-03 1.970049e-02 -9.299918e-03 1.560622e-01 -3.628507e-02 7.639092e-03 1.415562e-02 -2.238530e-02 -1.574671e-02 6.229073e-03 1.290783e-02 -6.341579e-03 1.279989e-03 2.130777e-03 -8.313105e-03 -1.448257e-02 2.636079e-03 5.865859e-04 -9.606318e-03 -6.156864e-04 6.337845e-03 2.753367e-03 4.958106e-04 2.681898e-03 -1.591078e-02
<VARIANCE> 63
 4.544358e+01 2.700783e+01 6.568877e+01 7.918170e+01 4.879114e+01 4.860025e+01 3.814898e+01 3.588398e+01 3.734789e+01 2.014836e+01 3.540336e+01 4.119346e+01 2.411585e+01 2.181914e+01 2.745292e+01 1.234207e+01 7.621602e+00 3.191286e+00 2.304611e+00 1.214439e+00 2.517603e+01 3.739777e+00 2.739630e+00 4.301568e+00 4.701958e+00 3.553380e+00 3.958057e+00 3.535126e+00 2.843896e+00 3.119056e+00 2.030929e+00 2.478814e+00 2.508814e+00 2.419143e+00 1.881393e+00 2.517233e+00 8.758897e-01 6.547083e-01 3.153958e-01 2.217385e-01 1.162104e-01 2.215190e+00 5.560217e-01 5.017034e-01 6.116357e-01 6.753765e-01 6.069096e-01 6.751295e-01 6.647358e-01 5.169953e-01 5.855755e-01 3.979807e-01 4.667983e-01 4.010985e-01 4.854772e-01 3.516450e-01 4.430644e-01 1.614625e-01 1.231723e-01 6.249985e-02 4.403728e-02 2.278371e-02 3.590666e-01
<GCONST> 1.672652e+02
<STATE> 4
<MEAN> 63
 -2.068420e+00 8.338416e-01 -1.555094e+00 3.342276e+00 -2.943964e+00 4.597628e-01 -3.553276e+00 3.520159e+00 1.379432e+00 -8.140928e+00 -1.969789e+00 3.719527e+00 -2.219734e+00 -3.220647e-01 -4.329435e-01 -2.950673e+00 -1.589543e-01 1.111961e+00 -2.267990e-01 -3.416989e-01 5.550992e+01 -2.238128e-03 4.805481e-05 3.114628e-04 -2.427961e-03 -1.540871e-03 -2.615019e-03 -2.018374e-03 -7.441849e-04 2.417125e-03 -3.883803e-04 -3.022042e-03 -1.511440e-03 4.947411e-04 8.002793e-04 8.207273e-05 -1.529414e-03 -1.825740e-03 -7.469279e-04 7.436093e-05 1.131558e-05 2.272543e-03 -1.897192e-03 1.045348e-03 9.405438e-04 -3.725165e-05 -4.014586e-04 4.892654e-04 1.355610e-04 4.178887e-05 -5.821026e-05 -4.576972e-05 4.835492e-04 1.070839e-03 7.667713e-04 -1.055717e-04 -1.852148e-05 6.820070e-04 6.488400e-04 1.130338e-04 -1.784882e-05 5.869656e-05 1.657019e-03
<VARIANCE> 63
 7.532809e+01 9.824939e+01 7.858083e+01 8.546769e+01 8.069288e+01 5.534830e+01 5.252003e+01 5.989223e+01 8.443130e+01 5.968248e+01 5.133971e+01 5.205996e+01 3.667738e+01 2.419221e+01 2.226276e+01 1.748047e+01 1.055590e+01 4.921025e+00 2.390972e+00 1.443785e+00 6.771834e+01 3.931105e+00 9.086121e+00 7.044098e+00 6.165650e+00 9.697583e+00 5.863847e+00 5.433129e+00 5.460576e+00 6.512041e+00 6.250538e+00 5.259982e+00 5.959884e+00 3.639541e+00 2.474161e+00 2.180191e+00 2.011317e+00 1.037101e+00 5.428452e-01 2.918229e-01 1.637245e-01 4.324954e+00 6.485064e-01 1.707366e+00 1.379333e+00 1.167129e+00 1.975060e+00 1.171487e+00 1.098367e+00 1.076973e+00 1.261000e+00 1.213319e+00 1.014742e+00 1.182323e+00 7.363348e-01 5.116237e-01 4.427720e-01 4.104877e-01 2.068381e-01 1.150580e-01 6.212245e-02 3.369431e-02 8.014239e-01
<GCONST> 2.013746e+02
<STATE> 5
<MEAN> 63
 -7.972584e+00 3.126254e+00 2.279286e+00 4.311643e+00 -8.241509e-01 -4.171213e-01 1.889980e+00 -5.524283e+00 -3.007790e+00 -3.629531e+00 1.338915e+00 1.692783e+00 4.534557e-01 1.110053e+00 2.498810e+00 -1.632527e+00 -1.113855e+00 4.418809e-01 4.190658e-01 -3.600736e-01 7.129013e+01 -2.327544e-02 6.818052e-03 7.766928e-03 -6.825129e-03 -7.789945e-03 3.517287e-03 9.103520e-03 -5.872073e-03 1.866167e-03 -1.759027e-04 -5.740704e-03 -8.654446e-03 -1.033019e-03 -4.794751e-03 -2.938618e-03 -6.350076e-04 3.846665e-03 5.856919e-04 6.841037e-05 4.063576e-04 4.167749e-02 2.096595e-03 -1.241220e-03 -5.259554e-03 1.863883e-03 5.146260e-04 -5.050573e-04 -3.910835e-04 1.292027e-03 -6.142927e-05 -5.146490e-04 -4.813135e-04 -8.632793e-04 -3.294668e-03 -2.383184e-03 1.051670e-03 -3.600357e-04 3.294835e-05 -2.117644e-04 7.348954e-05 2.390829e-04 -5.044176e-03
<VARIANCE> 63
 1.081674e+02 7.547368e+01 5.793855e+01 6.084084e+01 5.801015e+01 5.223857e+01 4.130254e+01 3.988639e+01 3.847654e+01 4.015768e+01 3.393032e+01 4.053101e+01 2.266674e+01 1.497003e+01 1.547636e+01 1.135655e+01 8.182450e+00 3.494905e+00 1.394071e+00 7.811181e-01 1.281249e+02 6.716287e+00 6.315945e+00 4.780126e+00 4.176066e+00 4.981736e+00 3.545575e+00 3.399075e+00 3.020720e+00 3.327589e+00 2.974389e+00 3.061582e+00 4.528409e+00 1.842589e+00 1.317930e+00 1.239713e+00 9.132981e-01 7.563542e-01 3.199311e-01 1.400428e-01 6.985442e-02 5.644228e+00 1.113195e+00 1.157969e+00 8.966759e-01 7.742406e-01 9.917417e-01 7.313378e-01 6.432144e-01 5.969576e-01 6.735017e-01 5.934054e-01 5.859064e-01 9.426084e-01 3.610440e-01 2.683525e-01 2.489614e-01 1.816809e-01 1.563980e-01 6.521539e-02 2.797322e-02 1.412862e-02 1.012304e+00
<GCONST> 1.750615e+02
<STATE> 6
<MEAN> 63
 -4.151266e+00 -9.116902e+00 8.317225e+00 -1.401831e+01 5.751463e+00 -1.517544e+01 1.657858e+01 -1.397269e+01 1.736045e+00 -8.894514e+00 1.064865e+00 -3.365097e+00 -6.153344e-01 -4.758527e+00 -1.320927e+00 -1.235775e+00 -1.266052e+00 -1.183764e+00 -1.439305e+00 -1.070096e+00 8.280528e+01 -1.117862e-02 2.368728e-03 4.267620e-03 -3.366374e-03 -5.886254e-03 4.245536e-03 3.240976e-03 -3.589457e-03 -2.051699e-03 1.553076e-03 -3.689799e-03 -6.667997e-03 -3.534303e-03 -8.328196e-04 -1.564889e-03 1.274034e-03 2.048907e-03 4.884310e-05 -3.854465e-05 7.899241e-04 -6.822772e-03 2.971167e-03 -5.695701e-04 -1.912104e-03 4.615603e-03 2.696344e-03 -3.069619e-04 -1.739074e-03 9.413906e-04 -1.383458e-03 2.757414e-04 -1.658433e-04 4.341795e-04 -1.669483e-03 6.805899e-04 1.443095e-03 6.012733e-04 1.074875e-04 4.437109e-04 1.093915e-05 1.262589e-04 -1.823624e-03
<VARIANCE> 63
 6.310818e+01 4.826603e+01 6.503374e+01 6.839669e+01 1.258418e+02 1.277123e+02 6.780887e+01 7.364831e+01 7.980911e+01 4.588592e+01 7.568623e+01 4.367004e+01 5.107906e+01 3.597614e+01 2.503595e+01 1.531177e+01 1.084706e+01 7.198586e+00 4.668190e+00 2.544997e+00 6.813642e+01 4.159144e+00 5.097246e+00 4.830555e+00 4.974945e+00 7.998467e+00 6.910484e+00 4.910019e+00 5.918703e+00 6.050716e+00 3.758778e+00 5.459481e+00 4.086944e+00 4.282612e+00 2.811380e+00 2.042075e+00 1.211565e+00 8.963667e-01 5.524560e-01 3.654788e-01 1.990023e-01 5.295734e+00 6.891769e-01 9.296396e-01 7.857534e-01 8.593463e-01 1.328191e+00 1.303861e+00 9.436707e-01 1.137292e+00 1.165846e+00 7.503077e-01 1.030696e+00 7.783439e-01 8.161530e-01 5.064430e-01 3.830324e-01 2.422391e-01 1.809686e-01 1.069628e-01 6.975667e-02 3.809420e-02 9.622009e-01
<GCONST> 1.990721e+02
<STATE> 7
<MEAN> 63
 -9.775103e+00 2.615878e+00 -2.938621e+00 -2.715116e+00 -3.487954e+00 -6.202631e+00 -2.890806e+00 -3.779755e+00 -8.900478e-01 -5.785432e+00 -1.771605e+00 -1.955062e+00 2.762907e-01 -1.206065e+00 -1.682846e-01 -1.694853e+00 -8.380268e-01 -3.595198e-01 -7.999094e-02 -6.575239e-01 7.368802e+01 -1.640534e-02 2.273020e-02 -2.694040e-03 4.518818e-02 1.040095e-02 7.233100e-03 1.666544e-02 9.259054e-03 -1.188854e-02 1.169652e-03 -1.976092e-02 -3.491576e-02 -3.162856e-02 -1.041682e-02 2.180291e-03 1.007379e-02 1.331827e-02 1.769327e-03 -6.565162e-03 2.026391e-03 -4.619611e-02 8.052519e-03 -2.906780e-05 -2.091520e-03 2.406893e-03 1.728782e-03 -3.680250e-03 -2.572195e-03 2.109904e-03 9.472196e-04 -9.939184e-04 2.318206e-03 3.504735e-03 2.174566e-03 1.091791e-03 1.810522e-03 -1.981645e-04 -1.523958e-03 -4.637372e-04 -8.811153e-05 -6.548320e-04 4.090890e-03
<VARIANCE> 63
 6.040305e+01 3.027739e+01 3.350831e+01 3.576420e+01 4.417171e+01 3.721141e+01 3.328188e+01 2.279069e+01 3.261353e+01 3.316046e+01 2.140896e+01 1.679320e+01 1.979797e+01 1.071321e+01 8.057312e+00 7.015740e+00 4.382093e+00 2.900800e+00 1.550324e+00 7.323904e-01 6.720218e+01 2.506729e+00 1.611926e+00 1.782904e+00 1.946230e+00 2.175506e+00 2.026860e+00 1.639858e+00 1.416561e+00 2.153741e+00 1.756988e+00 1.387379e+00 1.288369e+00 1.039134e+00 7.568937e-01 5.630029e-01 4.751185e-01 3.487022e-01 1.823198e-01 1.058102e-01 5.598786e-02 1.845834e+00 3.755127e-01 2.928123e-01 2.897040e-01 3.078091e-01 3.669733e-01 3.799178e-01 3.104061e-01 2.755072e-01 4.094673e-01 3.291253e-01 2.607803e-01 2.273616e-01 1.822382e-01 1.449782e-01 1.092684e-01 8.450630e-02 6.363621e-02 3.401234e-02 2.080982e-02 1.116916e-02 2.630072e-01
<GCONST> 1.335708e+02
<TRANSP> 8
 0.000000e+00 1.000000e+00 0.000000e+00 0.000000e+00 0.000000e+00 0.000000e+00 0.000000e+00 0.000000e+00
 0.000000e+00 9.383013e-01 5.048076e-02 1.121795e-02 0.000000e+00 0.000000e+00 0.000000e+00 0.000000e+00
 0.000000e+00 0.000000e+00 9.872366e-01 0.000000e+00 1.276337e-02 0.000000e+00 0.000000e+00 0.000000e+00
 0.000000e+00 0.000000e+00 0.000000e+00 9.982263e-01 1.393640e-03 3.800837e-04 0.000000e+00 0.000000e+00
 0.000000e+00 0.000000e+00 0.000000e+00 0.000000e+00 9.923403e-01 7.659661e-03 0.000000e+00 0.000000e+00
 0.000000e+00 0.000000e+00 0.000000e+00 0.000000e+00 0.000000e+00 9.918294e-01 8.170628e-03 0.000000e+00
 0.000000e+00 0.000000e+00 0.000000e+00 0.000000e+00 0.000000e+00 0.000000e+00 9.946654e-01 5.334627e-03
 0.000000e+00 0.000000e+00 0.000000e+00 0.000000e+00 0.000000e+00 0.000000e+00 0.000000e+00 0.000000e+00
<ENDHMM>
