~o
<STREAMINFO> 1 39
<VECSIZE> 39<NULLD><MFCC_D_A_0><DIAGC>
~h "empat"
<BEGINHMM>
<NUMSTATES> 6
<STATE> 2
<MEAN> 39
 -6.025413e+00 1.005666e+01 1.651797e+00 1.216449e+01 6.171396e+00 -7.013077e-01 -1.671674e-01 7.212626e+00 5.435336e+00 -4.577745e+00 -7.938580e+00 -6.159359e+00 4.937447e+01 -5.680513e-01 5.000291e-01 4.356419e-01 -1.881092e-01 6.460787e-03 4.057302e-01 4.617428e-01 -3.519503e-02 7.327493e-02 3.457851e-01 -2.016387e-02 -1.509974e-01 -5.699148e-01 -6.752749e-02 -1.984400e-01 -5.137458e-02 -1.793767e-01 -2.382489e-01 -1.881510e-02 -8.962946e-03 -9.811827e-02 -1.213906e-01 -2.199525e-02 2.617827e-01 2.509103e-01 4.189410e-02
<VARIANCE> 39
 6.850417e+01 4.493869e+01 3.071410e+01 3.203436e+01 2.936184e+01 7.264748e+01 2.714949e+01 6.512679e+01 7.217651e+01 7.194335e+01 3.931379e+01 4.706071e+01 1.107442e+02 1.284416e+00 1.581726e+00 1.817886e+00 2.340285e+00 2.550433e+00 2.857290e+00 3.610953e+00 3.313909e+00 3.886533e+00 2.231440e+00 4.040699e+00 3.298281e+00 5.474315e-01 2.561964e-01 2.434989e-01 2.818425e-01 3.343409e-01 4.658209e-01 4.246248e-01 5.800810e-01 6.662319e-01 8.191302e-01 5.626826e-01 6.477370e-01 6.968620e-01 1.681361e-01
<GCONST> 1.222410e+02
<STATE> 3
<MEAN> 39
 -1.411490e+00 6.650465e+00 -5.916029e-01 6.183918e+00 6.487091e-01 -1.315779e+00 -1.465689e+00 4.432513e+00 3.147718e+00 -5.754663e+00 -4.058065e+00 -3.131210e-01 4.901820e+01 1.308875e+00 -7.487875e-01 -3.215293e-01 -3.739892e-01 -1.123302e+00 1.787008e-02 -3.941431e-01 -5.661877e-01 -3.183572e-02 -7.828205e-01 -9.397341e-02 9.366463e-01 1.253201e+00 1.403942e-01 2.433179e-03 1.152959e-01 -3.275272e-02 -1.380548e-01 1.729293e-01 -9.869436e-02 4.492974e-02 3.807270e-01 -4.096068e-02 -1.765545e-01 1.446005e-01 8.769097e-02
<VARIANCE> 39
 7.910183e+01 8.332876e+01 4.931699e+01 4.717729e+01 6.365588e+01 4.042808e+01 3.716969e+01 4.058840e+01 3.456385e+01 5.081137e+01 5.869809e+01 4.158293e+01 8.560837e+01 4.712665e+00 9.167654e+00 5.550474e+00 6.491540e+00 8.248846e+00 5.249508e+00 3.059316e+00 4.190944e+00 6.861306e+00 5.052677e+00 5.299140e+00 6.780890e+00 5.999438e+00 7.735729e-01 1.515436e+00 1.185400e+00 1.322558e+00 1.402504e+00 1.267993e+00 6.462280e-01 8.994520e-01 9.219033e-01 8.416988e-01 7.994830e-01 1.154018e+00 1.015379e+00
<GCONST> 1.460273e+02
<STATE> 4
<MEAN> 39
 6.027053e+00 -1.513002e+00 3.008610e+00 -8.772548e-01 -1.312732e+01 6.518045e+00 -4.025216e+00 -2.426841e+00 7.214453e+00 -1.236387e+01 -2.622102e+00 1.198315e+01 6.275336e+01 -1.106242e-01 -5.174159e-02 3.569837e-01 8.655713e-02 4.393231e-01 5.680819e-01 -1.116612e-01 -2.407142e-01 -4.983307e-01 -1.423666e-01 4.734024e-01 3.013355e-01 3.230925e-02 -5.180395e-01 3.448942e-01 -2.570271e-01 3.260679e-01 7.532488e-01 -3.910897e-01 1.342787e-01 3.944397e-01 -4.507830e-01 3.098063e-01 9.782188e-02 -6.254388e-01 -5.911909e-01
<VARIANCE> 39
 2.047785e+01 4.310719e+01 1.125253e+01 1.816314e+01 3.206977e+01 2.279621e+01 1.769583e+01 2.921092e+01 3.013928e+01 2.115723e+01 3.309457e+01 1.735487e+01 4.309316e+01 2.406820e+00 3.207147e+00 2.470000e+00 3.712691e+00 7.477341e+00 3.427801e+00 2.110282e+00 3.531065e+00 3.881765e+00 1.638302e+00 2.923709e+00 4.217319e+00 3.199934e+00 1.550708e-01 6.190102e-01 3.950582e-01 5.120524e-01 6.846070e-01 4.881294e-01 3.693826e-01 7.051610e-01 5.000724e-01 2.968364e-01 5.922080e-01 4.394733e-01 2.771127e-01
<GCONST> 1.173141e+02
<STATE> 5
<MEAN> 39
 -5.298882e+00 7.721668e+00 1.599964e-01 3.769667e+00 -2.450813e-01 -4.977871e-01 -1.815210e+00 2.532824e+00 -1.837786e+00 -6.354485e+00 -1.948947e+00 2.998363e+00 4.911468e+01 -9.985605e-01 8.465601e-01 -2.296977e-01 -6.711707e-02 4.418347e-01 -6.752981e-01 1.716330e-01 2.666201e-01 -5.370625e-01 4.557670e-01 -2.099896e-01 -8.836259e-01 -1.165244e+00 2.182565e-01 -2.217859e-01 6.386959e-02 -1.238107e-01 -2.948636e-01 1.144554e-01 -5.863348e-02 -1.914513e-01 1.203620e-01 -1.446829e-01 -2.135225e-02 1.846131e-01 2.672967e-01
<VARIANCE> 39
 3.106832e+01 7.228323e+01 3.726973e+01 4.821580e+01 2.251729e+01 2.858017e+01 3.426918e+01 6.161961e+01 3.307096e+01 3.418945e+01 2.423687e+01 3.852550e+01 1.021985e+02 2.421408e+00 6.284105e+00 3.295924e+00 5.918814e+00 3.970298e+00 3.266991e+00 3.588515e+00 5.352932e+00 5.244913e+00 4.034727e+00 2.522326e+00 4.338706e+00 4.213415e+00 2.854513e-01 1.231871e+00 5.465791e-01 1.194774e+00 7.231411e-01 5.710824e-01 7.494450e-01 8.966252e-01 1.001207e+00 7.531829e-01 5.118909e-01 8.193009e-01 5.875817e-01
<GCONST> 1.331651e+02
<TRANSP> 6
 0.000000e+00 6.250000e-01 3.750000e-01 0.000000e+00 0.000000e+00 0.000000e+00
 0.000000e+00 9.074074e-01 9.259259e-02 0.000000e+00 0.000000e+00 0.000000e+00
 0.000000e+00 0.000000e+00 8.699187e-01 1.219512e-01 8.130082e-03 0.000000e+00
 0.000000e+00 0.000000e+00 0.000000e+00 8.611111e-01 1.203704e-01 1.851852e-02
 0.000000e+00 0.000000e+00 0.000000e+00 0.000000e+00 9.000000e-01 9.999999e-02
 0.000000e+00 0.000000e+00 0.000000e+00 0.000000e+00 0.000000e+00 0.000000e+00
<ENDHMM>
