~o
<STREAMINFO> 1 36
<VECSIZE> 36<NULLD><LPC_D_A><DIAGC>
~h "enam"
<BEGINHMM>
<NUMSTATES> 8
<STATE> 2
<MEAN> 36
 -2.793910e+00 4.780434e+00 -6.966908e+00 8.615040e+00 -9.020844e+00 8.284724e+00 -6.766294e+00 4.705709e+00 -2.743704e+00 1.332295e+00 -4.681754e-01 8.864497e-02 -1.094711e-02 1.013538e-02 -2.720828e-03 -1.607049e-02 4.084590e-02 -6.715483e-02 7.960922e-02 -6.936532e-02 4.889385e-02 -3.032774e-02 1.260961e-02 1.911113e-03 2.387037e-02 -6.093748e-02 1.043615e-01 -1.529084e-01 1.844355e-01 -1.890680e-01 1.713205e-01 -1.334904e-01 8.673488e-02 -5.011528e-02 2.143805e-02 -4.700575e-03
<VARIANCE> 36
 2.045341e-01 1.960004e+00 6.823349e+00 1.618217e+01 2.755790e+01 3.434986e+01 3.221191e+01 2.309581e+01 1.231022e+01 4.572226e+00 1.010056e+00 7.970247e-02 2.753300e-02 2.409196e-01 7.940832e-01 1.890902e+00 3.160268e+00 3.801480e+00 3.511179e+00 2.500702e+00 1.298083e+00 4.774488e-01 1.068312e-01 1.000000e-02 1.000000e-02 4.413227e-02 1.498903e-01 3.595429e-01 6.060047e-01 7.336040e-01 6.784418e-01 4.825120e-01 2.491176e-01 9.071320e-02 1.995335e-02 1.000000e-02
<GCONST> 5.277563e+01
<STATE> 3
<MEAN> 36
 -6.686487e-01 8.430687e-02 -5.880470e-01 4.093132e-01 -3.756071e-01 3.711977e-01 -3.655078e-01 3.556840e-01 -2.742910e-01 2.209050e-01 -2.057761e-01 1.296144e-01 2.260276e-03 -2.301319e-03 -6.228524e-03 -2.555990e-03 -3.557937e-04 1.261485e-04 4.757978e-04 -1.999375e-03 -2.279390e-03 1.335824e-04 1.823905e-03 3.318647e-03 2.358118e-03 5.002083e-03 2.928872e-03 2.664779e-03 9.507975e-04 -4.149281e-04 -1.311202e-03 -1.511154e-03 -2.201296e-04 4.661885e-04 4.031990e-04 -1.434211e-04
<VARIANCE> 36
 2.047529e-01 8.729869e-02 6.644672e-02 1.057793e-01 6.159904e-02 5.082886e-02 3.603929e-02 4.982040e-02 3.470499e-02 1.982869e-02 1.584695e-02 1.327784e-02 1.677419e-02 1.000000e-02 1.000000e-02 1.000000e-02 1.000000e-02 1.000000e-02 1.000000e-02 1.000000e-02 1.000000e-02 1.000000e-02 1.000000e-02 1.000000e-02 1.000000e-02 1.000000e-02 1.000000e-02 1.000000e-02 1.000000e-02 1.000000e-02 1.000000e-02 1.000000e-02 1.000000e-02 1.000000e-02 1.000000e-02 1.000000e-02
<GCONST> -8.066220e+01
<STATE> 4
<MEAN> 36
 -2.515376e+00 4.332414e+00 -6.515174e+00 8.152735e+00 -8.727404e+00 8.353582e+00 -7.090314e+00 5.120328e+00 -3.275177e+00 1.742705e+00 -7.137430e-01 1.953552e-01 6.017275e-02 -1.375952e-01 2.319299e-01 -3.434794e-01 4.011835e-01 -4.081384e-01 3.671826e-01 -2.789004e-01 1.728834e-01 -9.315399e-02 3.284536e-02 -4.311743e-03 -7.558352e-03 1.907689e-02 -2.579946e-02 3.643700e-02 -4.051432e-02 3.458711e-02 -2.703081e-02 1.830626e-02 -8.106742e-03 4.029850e-03 1.303936e-04 -2.190034e-03
<VARIANCE> 36
 1.690529e-01 8.422050e-01 2.467726e+00 5.421655e+00 8.247281e+00 9.795382e+00 9.524658e+00 7.182665e+00 4.011302e+00 1.751480e+00 4.964034e-01 5.203601e-02 1.057107e-02 6.335808e-02 1.741716e-01 4.218985e-01 6.964198e-01 8.539794e-01 8.805763e-01 7.013525e-01 4.026020e-01 1.741482e-01 4.879626e-02 1.000000e-02 1.000000e-02 1.396786e-02 3.546843e-02 8.394201e-02 1.322408e-01 1.526203e-01 1.519376e-01 1.190086e-01 6.759131e-02 2.943082e-02 1.000000e-02 1.000000e-02
<GCONST> 1.447595e+01
<STATE> 5
<MEAN> 36
 -8.084275e-01 -1.507679e-01 -9.418827e-03 2.745811e-02 -5.460704e-03 1.143471e-01 2.075222e-02 8.454457e-03 -8.247137e-02 -2.859568e-02 -8.098411e-02 7.634718e-02 -4.645224e-03 7.441334e-03 3.396910e-03 2.443448e-03 -4.582888e-03 -1.184904e-03 -3.420432e-03 -5.633896e-04 -2.620696e-04 1.262800e-03 5.752281e-04 2.140588e-03 -2.919192e-04 6.460826e-03 2.814906e-03 8.307952e-04 -2.091011e-03 -1.227291e-03 -2.664143e-03 4.046756e-04 1.184786e-03 1.472149e-03 1.189456e-04 -3.270977e-04
<VARIANCE> 36
 3.490213e-01 2.332660e-01 1.524914e-01 7.459632e-02 7.851090e-02 4.856149e-02 4.127896e-02 3.769025e-02 3.145589e-02 3.036887e-02 2.399526e-02 1.837132e-02 2.860781e-02 2.660517e-02 1.696367e-02 1.000000e-02 1.174741e-02 1.000000e-02 1.000000e-02 1.000000e-02 1.000000e-02 1.000000e-02 1.000000e-02 1.000000e-02 1.000000e-02 1.000000e-02 1.000000e-02 1.000000e-02 1.000000e-02 1.000000e-02 1.000000e-02 1.000000e-02 1.000000e-02 1.000000e-02 1.000000e-02 1.000000e-02
<GCONST> -7.534144e+01
<STATE> 6
<MEAN> 36
 -1.188524e+00 1.058486e+00 -1.404324e+00 1.405867e+00 -1.258001e+00 9.976687e-01 -6.877496e-01 3.927772e-01 -2.713128e-01 1.108430e-01 -5.449010e-02 5.178746e-02 -1.322839e-02 3.095212e-02 1.741674e-02 -3.494790e-03 3.785487e-02 -4.216446e-02 3.066990e-02 -4.117739e-02 1.820644e-02 -4.451506e-03 8.743817e-03 -8.683931e-03 -2.160734e-02 4.513107e-02 -5.945596e-02 8.240068e-02 -8.298198e-02 7.473012e-02 -6.186634e-02 4.522010e-02 -2.338020e-02 1.247306e-02 -8.070790e-03 3.688256e-03
<VARIANCE> 36
 7.122239e-01 1.541884e+00 2.320783e+00 2.788940e+00 2.420824e+00 1.718309e+00 9.658003e-01 5.004121e-01 3.165056e-01 1.972349e-01 9.369097e-02 2.375355e-02 2.431671e-02 4.122901e-02 5.073854e-02 6.080094e-02 6.880226e-02 8.264942e-02 9.031465e-02 7.461032e-02 4.478511e-02 1.842240e-02 1.000000e-02 1.000000e-02 1.000000e-02 1.463383e-02 2.982945e-02 4.770698e-02 5.589860e-02 5.021764e-02 4.125663e-02 2.820554e-02 1.579145e-02 1.000000e-02 1.000000e-02 1.000000e-02
<GCONST> -2.520497e+01
<STATE> 7
<MEAN> 36
 -1.752255e+00 2.563177e+00 -3.611156e+00 4.152648e+00 -4.002186e+00 3.342252e+00 -2.429779e+00 1.450653e+00 -8.096070e-01 3.582563e-01 -1.366280e-01 5.581012e-02 -1.020549e-01 2.293002e-01 -3.055425e-01 4.833553e-01 -5.643941e-01 5.799701e-01 -5.372596e-01 4.152327e-01 -2.724426e-01 1.589537e-01 -7.029846e-02 1.689379e-02 6.580191e-03 -2.196895e-02 1.430699e-02 3.582462e-03 -3.501390e-02 6.978024e-02 -8.534834e-02 8.628535e-02 -6.308466e-02 3.665367e-02 -1.693703e-02 7.249096e-03
<VARIANCE> 36
 1.698567e+00 7.125578e+00 1.503060e+01 2.434115e+01 2.959119e+01 2.883466e+01 2.346804e+01 1.523425e+01 7.283953e+00 2.509124e+00 5.418141e-01 4.756887e-02 2.995816e-02 1.535654e-01 4.848814e-01 1.043813e+00 1.791667e+00 2.310416e+00 2.331461e+00 1.748510e+00 9.149530e-01 3.217598e-01 6.880185e-02 1.000000e-02 1.000000e-02 2.651100e-02 7.365051e-02 1.627659e-01 2.767379e-01 3.690101e-01 3.850200e-01 2.927899e-01 1.553449e-01 5.388360e-02 1.109168e-02 1.000000e-02
<GCONST> 4.368013e+01
<TRANSP> 8
 0.000000e+00 2.250000e-01 7.750000e-01 0.000000e+00 0.000000e+00 0.000000e+00 0.000000e+00 0.000000e+00
 0.000000e+00 8.333333e-01 0.000000e+00 1.666667e-01 0.000000e+00 0.000000e+00 0.000000e+00 0.000000e+00
 0.000000e+00 0.000000e+00 8.941979e-01 0.000000e+00 1.058020e-01 0.000000e+00 0.000000e+00 0.000000e+00
 0.000000e+00 0.000000e+00 0.000000e+00 8.909091e-01 0.000000e+00 1.090909e-01 0.000000e+00 0.000000e+00
 0.000000e+00 0.000000e+00 0.000000e+00 0.000000e+00 8.830189e-01 1.169811e-01 0.000000e+00 0.000000e+00
 0.000000e+00 0.000000e+00 0.000000e+00 0.000000e+00 0.000000e+00 4.244604e-01 5.755396e-01 0.000000e+00
 0.000000e+00 0.000000e+00 0.000000e+00 0.000000e+00 0.000000e+00 0.000000e+00 3.750000e-01 6.250000e-01
 0.000000e+00 0.000000e+00 0.000000e+00 0.000000e+00 0.000000e+00 0.000000e+00 0.000000e+00 0.000000e+00
<ENDHMM>
