~o
<STREAMINFO> 1 39
<VECSIZE> 39<NULLD><PLP_D_A_0><DIAGC>
~h "kali"
<BEGINHMM>
<NUMSTATES> 8
<STATE> 2
<MEAN> 39
 -7.095758e-01 -1.098279e+00 -9.237496e-01 -1.240152e+00 -9.331602e-01 -7.454006e-01 -2.455245e-01 -5.554356e-01 -2.817101e-01 -4.146518e-01 2.412528e-01 3.524788e-01 5.233044e+00 2.218926e-01 7.342781e-03 -7.464761e-02 3.270740e-02 -4.237973e-02 -3.996208e-02 -3.484627e-02 -9.758964e-03 5.351893e-02 1.650002e-02 -1.524683e-02 4.971843e-03 1.418179e-01 -1.166379e-02 1.171314e-02 -1.859048e-03 7.840492e-03 -3.192866e-05 -4.541238e-03 -2.112307e-03 3.822157e-03 1.252732e-02 -1.204779e-02 -4.307624e-03 4.629034e-03 -1.302823e-02
<VARIANCE> 39
 7.082654e-01 3.229758e-01 3.999529e-01 7.294951e-01 5.204613e-01 4.462880e-01 8.262249e-01 1.948554e-01 2.864642e-01 4.921165e-01 1.220913e-01 1.172250e-01 8.373287e-01 4.158477e-02 2.072943e-02 3.756231e-02 5.820487e-02 3.136379e-02 3.571160e-02 4.830388e-02 3.128565e-02 4.823561e-02 2.462143e-02 1.880600e-02 1.319678e-02 2.928034e-02 1.000000e-02 1.000000e-02 1.000000e-02 1.000000e-02 1.000000e-02 1.000000e-02 1.000000e-02 1.000000e-02 1.000000e-02 1.000000e-02 1.000000e-02 1.000000e-02 1.000000e-02
<GCONST> -4.560550e+01
<STATE> 3
<MEAN> 39
 -3.201571e-02 -1.367525e+00 -1.144621e+00 -1.925101e+00 -1.055133e+00 -1.329641e+00 3.521338e-01 -6.702520e-01 3.729990e-02 -3.693776e-01 2.714247e-01 3.231676e-01 6.594983e+00 2.479823e-02 3.723491e-02 6.234444e-02 9.310499e-02 2.904459e-02 -8.269843e-02 -8.521236e-02 -5.626781e-02 -1.192216e-01 -6.023816e-02 3.807348e-03 5.424001e-02 -4.175131e-02 -3.469229e-02 8.417311e-03 4.436669e-02 3.793217e-02 3.802017e-02 -1.406518e-03 -1.432935e-02 -2.757880e-02 -5.977553e-02 -1.026206e-02 -1.466550e-03 -1.648174e-02 -2.734305e-02
<VARIANCE> 39
 2.051893e-02 7.004305e-01 2.477726e-01 2.117051e-01 3.356094e-01 2.174840e-01 8.940602e-01 2.636335e-01 2.880412e-01 1.675219e-01 2.791635e-01 2.106466e-01 1.573766e-01 1.000000e-02 1.000000e-02 1.883931e-02 1.298633e-02 1.491678e-02 1.504472e-02 1.507846e-02 2.548278e-02 3.993601e-02 2.093198e-02 1.623132e-02 1.518222e-02 1.000000e-02 1.000000e-02 1.000000e-02 1.000000e-02 1.000000e-02 1.000000e-02 1.000000e-02 1.000000e-02 1.000000e-02 1.000000e-02 1.000000e-02 1.000000e-02 1.000000e-02 1.000000e-02
<GCONST> -6.094965e+01
<STATE> 4
<MEAN> 39
 -1.371519e-02 -9.000472e-01 -6.181584e-01 -2.902210e-01 -5.327284e-01 -1.316949e+00 -7.288976e-01 -1.001634e+00 -9.548601e-01 -8.493634e-01 2.361020e-01 3.225274e-01 5.497639e+00 -9.465016e-02 -2.375444e-02 1.870150e-01 2.665353e-01 1.858811e-01 -8.964344e-02 -1.688117e-01 -8.773178e-02 -3.765636e-02 1.896456e-02 3.322642e-02 -1.386385e-01 -2.587606e-02 -3.507661e-02 -2.444536e-02 2.956803e-02 -2.568384e-02 -6.409960e-03 -1.811223e-02 -8.718903e-03 4.218592e-02 8.039656e-02 3.738647e-02 -7.627520e-03 -1.625639e-02 1.602020e-02
<VARIANCE> 39
 7.918040e-02 4.840098e-01 4.852384e-01 6.705675e-01 2.604949e-01 5.805435e-01 5.782826e-01 3.778830e-01 2.923557e-01 2.963866e-01 2.164091e-01 1.077884e-01 7.103118e-01 1.000000e-02 1.240864e-02 1.883862e-02 1.562454e-02 1.580415e-02 3.747249e-02 2.556806e-02 1.933529e-02 5.250700e-02 1.358311e-02 2.278423e-02 1.202623e-02 1.000000e-02 1.000000e-02 1.000000e-02 1.000000e-02 1.000000e-02 1.000000e-02 1.000000e-02 1.000000e-02 1.000000e-02 1.000000e-02 1.000000e-02 1.000000e-02 1.000000e-02 1.000000e-02
<GCONST> -5.475277e+01
<STATE> 5
<MEAN> 39
 -5.070241e-01 -1.238473e+00 1.740464e-01 1.596716e-01 1.808836e-01 -2.550790e+00 -9.807818e-01 -1.029195e+00 -7.350739e-01 -4.176923e-01 3.817915e-03 -2.956286e-01 6.050084e+00 -8.058595e-02 2.638008e-02 6.735365e-02 7.504076e-02 5.633698e-02 -3.360222e-03 -4.343257e-02 2.100923e-02 6.649953e-02 8.879032e-03 -6.966216e-02 -5.890545e-02 -6.153925e-02 -3.716693e-03 2.843438e-02 -4.680916e-02 -7.841818e-02 -4.042125e-02 8.924166e-02 5.283623e-02 -1.385322e-02 -4.767099e-03 -2.005726e-02 1.972274e-03 4.438695e-02 -2.562667e-02
<VARIANCE> 39
 5.002502e-02 5.365058e-01 8.274320e-01 4.959170e-01 1.151396e-01 9.090667e-01 5.526999e-01 4.010527e-01 1.374816e-01 1.805254e-01 4.740876e-01 1.176751e-01 2.955399e-01 1.268366e-02 1.554182e-02 3.438396e-02 2.492441e-02 1.558542e-02 8.423854e-02 2.279899e-02 1.951753e-02 2.107513e-02 1.500550e-02 2.309836e-02 1.494864e-02 1.213062e-02 1.000000e-02 1.000000e-02 1.000000e-02 1.000000e-02 1.000000e-02 1.000000e-02 1.000000e-02 1.000000e-02 1.000000e-02 1.000000e-02 1.000000e-02 1.000000e-02 1.000000e-02
<GCONST> -5.465244e+01
<STATE> 6
<MEAN> 39
 -1.198002e+00 -6.715525e-01 -4.254548e-01 -1.670231e-01 -3.980947e-01 -1.173391e+00 -1.011943e+00 -9.659190e-01 -5.347896e-01 -4.913777e-01 -1.022135e-03 3.599776e-02 4.883673e+00 -1.243464e-01 -4.108394e-04 -3.209852e-03 -1.386442e-01 -5.228928e-02 1.140271e-01 6.817571e-02 7.246469e-03 6.330188e-02 3.847216e-02 1.677497e-02 5.466256e-02 -5.073191e-02 1.949074e-02 -1.005329e-04 -1.220291e-02 -1.030138e-02 2.548127e-03 -2.240958e-02 1.698636e-02 1.940851e-02 -1.249204e-02 -2.442550e-03 -7.245818e-04 -6.100911e-03 2.230483e-02
<VARIANCE> 39
 4.242532e-01 2.138642e-01 4.972520e-01 5.198736e-01 2.705962e-01 4.202278e-01 2.494885e-01 1.749868e-01 1.749167e-01 1.467716e-01 1.871197e-01 1.021706e-01 3.721626e-01 3.150827e-02 1.698375e-02 2.840094e-02 2.271655e-02 1.341875e-02 2.669749e-02 1.081576e-02 1.299470e-02 1.514600e-02 1.124399e-02 1.890183e-02 1.079825e-02 1.405073e-02 1.000000e-02 1.000000e-02 1.000000e-02 1.000000e-02 1.000000e-02 1.000000e-02 1.000000e-02 1.000000e-02 1.000000e-02 1.000000e-02 1.000000e-02 1.000000e-02 1.000000e-02
<GCONST> -5.897916e+01
<STATE> 7
<MEAN> 39
 -6.017113e-01 -6.986182e-01 -6.649914e-02 -2.508358e-01 -2.863140e-01 -1.030004e+00 -7.559748e-01 -6.922655e-01 -3.577743e-01 -6.838632e-01 -8.162760e-02 8.429927e-02 4.646773e+00 5.765412e-02 6.482871e-02 -4.120845e-02 -7.759833e-02 -2.325873e-02 -3.006695e-02 6.813162e-02 9.381840e-02 -8.466658e-03 -2.162700e-02 -5.597241e-02 -6.669362e-03 7.988836e-03 2.759031e-02 -3.582428e-03 -2.709590e-03 2.295644e-02 -1.089985e-02 -1.790012e-02 -7.489353e-03 -1.459587e-03 -1.451510e-03 -4.982390e-03 -1.858379e-03 -1.138998e-05 1.915703e-03
<VARIANCE> 39
 7.561330e-01 9.107206e-01 6.048433e-01 1.000104e+00 6.442569e-01 7.830936e-01 6.296818e-01 4.501408e-01 3.764140e-01 2.972957e-01 3.985937e-01 2.573929e-01 1.091860e+00 5.438346e-02 9.175342e-02 4.907948e-02 5.868121e-02 6.607091e-02 6.186864e-02 4.472892e-02 3.000079e-02 4.085603e-02 2.867821e-02 4.347447e-02 3.275893e-02 3.951095e-02 1.055501e-02 1.835461e-02 1.017088e-02 1.055882e-02 1.181342e-02 1.416356e-02 1.000000e-02 1.000000e-02 1.000000e-02 1.000000e-02 1.000000e-02 1.000000e-02 1.000000e-02
<GCONST> -3.394083e+01
<TRANSP> 8
 0.000000e+00 8.600000e-01 1.400000e-01 0.000000e+00 0.000000e+00 0.000000e+00 0.000000e+00 0.000000e+00
 0.000000e+00 6.861314e-01 1.642336e-01 1.496350e-01 0.000000e+00 0.000000e+00 0.000000e+00 0.000000e+00
 0.000000e+00 0.000000e+00 8.392370e-01 1.607629e-01 0.000000e+00 0.000000e+00 0.000000e+00 0.000000e+00
 0.000000e+00 0.000000e+00 0.000000e+00 6.794872e-01 2.179487e-01 1.025641e-01 0.000000e+00 0.000000e+00
 0.000000e+00 0.000000e+00 0.000000e+00 0.000000e+00 7.848101e-01 2.151899e-01 0.000000e+00 0.000000e+00
 0.000000e+00 0.000000e+00 0.000000e+00 0.000000e+00 0.000000e+00 7.214485e-01 2.785515e-01 0.000000e+00
 0.000000e+00 0.000000e+00 0.000000e+00 0.000000e+00 0.000000e+00 0.000000e+00 7.782705e-01 2.217295e-01
 0.000000e+00 0.000000e+00 0.000000e+00 0.000000e+00 0.000000e+00 0.000000e+00 0.000000e+00 0.000000e+00
<ENDHMM>
