~o
<STREAMINFO> 1 39
<VECSIZE> 39<NULLD><MFCC_D_A_0><DIAGC>
~h "lima"
<BEGINHMM>
<NUMSTATES> 6
<STATE> 2
<MEAN> 39
 -4.195872e-01 -1.199106e+00 -5.806699e-01 1.611211e+01 1.122207e+01 -3.137400e+00 -1.111074e+01 1.367067e+00 -2.193759e+00 -5.277730e+00 2.669687e+00 1.912169e+00 6.081258e+01 2.004092e-01 3.682799e-01 1.274431e-01 5.640503e-01 6.343213e-01 -1.859615e-01 -2.019552e-01 1.326319e-01 2.319979e-01 2.173510e-01 -2.686372e-01 -4.096395e-01 8.891044e-04 -7.119747e-02 1.087757e-01 -2.136700e-02 -1.494148e-01 -7.975718e-02 1.228684e-01 1.982824e-01 1.135139e-01 1.279267e-01 2.991307e-02 -1.721636e-01 -9.643274e-02 -9.902586e-02
<VARIANCE> 39
 2.509889e+01 3.291288e+01 6.159118e+01 4.392838e+01 5.479772e+01 3.258095e+01 5.700700e+01 3.677920e+01 4.669963e+01 4.075773e+01 3.917806e+01 2.938253e+01 1.149082e+02 1.041842e+00 3.434191e+00 3.996920e+00 2.265552e+00 2.807648e+00 3.238617e+00 6.684770e+00 3.276143e+00 3.585229e+00 3.082791e+00 3.543169e+00 2.301577e+00 1.603075e+00 1.567054e-01 4.493760e-01 6.271604e-01 3.064860e-01 4.821061e-01 5.982044e-01 1.006319e+00 4.889946e-01 7.015218e-01 5.949596e-01 5.318248e-01 3.875630e-01 1.747549e-01
<GCONST> 1.240694e+02
<STATE> 3
<MEAN> 39
 9.409693e-01 7.873995e+00 -1.950143e+00 1.516756e+01 1.269842e+01 -1.913078e+00 -5.251669e+00 5.975120e+00 3.167901e+00 -2.889585e+00 -5.737331e+00 -5.726914e+00 5.939476e+01 7.159477e-01 5.627168e-02 -8.215437e-01 -1.376144e+00 -1.319248e+00 -4.918454e-01 6.337904e-01 9.902167e-01 3.887448e-01 -4.197241e-01 -1.023036e-01 4.863877e-01 4.557975e-01 1.358107e-01 -3.473495e-01 -1.418596e-01 -3.024814e-01 -4.254329e-01 -2.368060e-01 -8.674078e-02 3.027568e-02 -1.168844e-01 -1.347316e-01 5.627559e-01 6.143473e-01 2.585510e-01
<VARIANCE> 39
 2.099948e+01 3.580984e+01 2.397450e+01 1.608352e+01 3.198131e+01 1.679849e+01 1.452000e+01 6.748395e+01 3.157728e+01 1.033121e+01 2.349995e+01 1.562602e+01 8.665502e+01 3.828780e-01 6.306386e-01 9.283862e-01 2.050090e+00 2.878240e+00 2.366144e+00 9.696999e-01 1.440852e+00 1.333491e+00 9.923291e-01 3.703805e+00 4.265547e+00 4.351772e-01 5.544184e-02 1.236962e-01 1.986295e-01 2.749517e-01 2.846907e-01 3.562174e-01 2.590584e-01 2.519101e-01 2.755795e-01 2.207391e-01 3.879550e-01 3.710491e-01 5.055474e-02
<GCONST> 9.663710e+01
<STATE> 4
<MEAN> 39
 2.933517e+00 -1.524092e+00 -1.232891e+01 -1.206347e+00 7.593853e-01 -3.220983e+00 -4.393709e-01 1.202819e+01 5.027562e+00 -5.457288e+00 2.258853e+00 8.877875e+00 6.928960e+01 -1.569194e-01 -1.723804e-01 -9.205139e-02 -5.447792e-01 -6.034936e-01 3.228286e-01 3.538873e-01 7.606110e-02 6.203161e-02 -2.271313e-01 2.132816e-01 6.905335e-01 -5.999497e-02 -1.472212e-01 1.439501e-01 2.115372e-01 2.765121e-01 2.890840e-01 1.699255e-01 -5.897069e-02 -1.803576e-01 -3.813037e-02 1.029726e-01 -1.797273e-01 -3.254478e-01 -1.562012e-01
<VARIANCE> 39
 2.576501e+01 5.235299e+01 3.401783e+01 1.850015e+01 2.779489e+01 3.215187e+01 2.032892e+01 3.169504e+01 3.674366e+01 2.998123e+01 3.330713e+01 2.472928e+01 7.693689e+01 4.590832e-01 1.514517e+00 1.324827e+00 2.024059e+00 2.056463e+00 1.360844e+00 1.280747e+00 1.387530e+00 1.456353e+00 1.684144e+00 2.448422e+00 3.184517e+00 8.805494e-01 5.332120e-02 1.361959e-01 1.495806e-01 2.275633e-01 2.565635e-01 3.015417e-01 2.163242e-01 2.347812e-01 2.482509e-01 2.422269e-01 3.201626e-01 3.055365e-01 5.034235e-02
<GCONST> 9.973512e+01
<STATE> 5
<MEAN> 39
 1.497657e+00 9.823278e+00 -2.284127e+00 4.434112e+00 -1.240573e+00 -1.258505e+00 1.770410e+00 9.659689e+00 4.230451e+00 -7.901818e+00 -3.124752e+00 4.279825e+00 5.166529e+01 -7.129340e-01 -6.326386e-02 2.666926e-01 4.774098e-02 1.148522e-01 3.533815e-01 5.988389e-02 -6.462335e-01 -4.170200e-01 2.962643e-01 -3.575192e-02 -3.429693e-01 -4.508414e-01 4.151232e-02 -7.800004e-02 -3.965924e-02 2.044823e-02 2.038393e-02 -4.174203e-02 -1.067155e-01 -6.033868e-02 -2.312086e-02 -4.299030e-02 -1.216013e-02 3.719803e-02 4.816184e-02
<VARIANCE> 39
 5.582161e+01 4.343103e+01 4.051490e+01 3.857960e+01 4.507175e+01 4.158741e+01 3.366857e+01 6.420479e+01 4.883313e+01 5.014077e+01 4.894231e+01 6.012191e+01 8.226869e+01 1.626428e+00 2.936414e+00 3.241788e+00 2.756056e+00 4.650965e+00 3.605093e+00 3.267339e+00 3.239682e+00 3.698880e+00 4.554692e+00 3.189143e+00 4.314766e+00 1.640740e+00 2.372618e-01 4.139293e-01 6.007598e-01 5.179945e-01 8.687617e-01 6.909389e-01 6.148441e-01 7.330253e-01 6.798426e-01 8.544546e-01 6.251627e-01 6.437993e-01 1.876447e-01
<GCONST> 1.291915e+02
<TRANSP> 6
 0.000000e+00 9.062500e-01 9.375000e-02 0.000000e+00 0.000000e+00 0.000000e+00
 0.000000e+00 9.273183e-01 7.268170e-02 0.000000e+00 0.000000e+00 0.000000e+00
 0.000000e+00 0.000000e+00 8.632479e-01 1.367521e-01 0.000000e+00 0.000000e+00
 0.000000e+00 0.000000e+00 0.000000e+00 9.021407e-01 6.727830e-02 3.058104e-02
 0.000000e+00 0.000000e+00 0.000000e+00 0.000000e+00 9.035088e-01 9.649124e-02
 0.000000e+00 0.000000e+00 0.000000e+00 0.000000e+00 0.000000e+00 0.000000e+00
<ENDHMM>
