~o
<STREAMINFO> 1 36
<VECSIZE> 36<NULLD><LPC_D_A><DIAGC>
~h "puluh"
<BEGINHMM>
<NUMSTATES> 8
<STATE> 2
<MEAN> 36
 -2.655742e+00 4.316400e+00 -6.068503e+00 7.198120e+00 -7.297585e+00 6.575902e+00 -5.354285e+00 3.682157e+00 -2.151981e+00 1.064743e+00 -3.655943e-01 8.434283e-02 9.832969e-02 -2.609990e-01 4.767767e-01 -6.731539e-01 7.838645e-01 -8.054924e-01 7.329658e-01 -5.944424e-01 4.118037e-01 -2.467765e-01 9.628686e-02 -1.416657e-02 -1.107403e-03 5.093173e-02 -1.152464e-01 1.908415e-01 -2.668838e-01 3.075604e-01 -3.095761e-01 2.800411e-01 -2.167621e-01 1.328560e-01 -6.460758e-02 1.745165e-02
<VARIANCE> 36
 1.583775e-01 2.001933e+00 8.210210e+00 1.989768e+01 3.517887e+01 4.619132e+01 4.659727e+01 3.632109e+01 2.116228e+01 8.776263e+00 2.208966e+00 1.734839e-01 1.097989e-01 1.526760e+00 6.530042e+00 1.692272e+01 3.019682e+01 3.869790e+01 3.882055e+01 3.032323e+01 1.702105e+01 6.572916e+00 1.504539e+00 1.035966e-01 1.137635e-02 1.555168e-01 6.760619e-01 1.752260e+00 3.162195e+00 4.111126e+00 4.167445e+00 3.276066e+00 1.857407e+00 7.281226e-01 1.713232e-01 1.268732e-02
<GCONST> 1.022970e+02
<STATE> 3
<MEAN> 36
 -1.427423e+00 1.721391e+00 -2.426166e+00 2.706944e+00 -2.698404e+00 2.350054e+00 -1.845945e+00 1.261366e+00 -7.574666e-01 3.417872e-01 -2.093862e-01 8.781844e-02 4.807169e-02 -3.060659e-02 5.645660e-02 -1.199180e-01 1.339616e-01 -1.577229e-01 1.533228e-01 -1.450955e-01 1.139976e-01 -7.642653e-02 4.531996e-02 -1.154164e-02 -2.911725e-03 -1.491471e-02 1.677310e-02 -7.797550e-03 3.296778e-03 5.970754e-03 -1.223579e-02 1.104402e-02 -1.431398e-02 1.097080e-02 1.845680e-04 1.876465e-03
<VARIANCE> 36
 7.219121e-01 3.143998e+00 5.259044e+00 7.361785e+00 7.990838e+00 7.052296e+00 5.325814e+00 3.206835e+00 1.712507e+00 6.900167e-01 1.649581e-01 2.535327e-02 1.594530e-02 4.139987e-02 8.793780e-02 1.220780e-01 1.723358e-01 1.970064e-01 1.935616e-01 1.486835e-01 8.264769e-02 3.951841e-02 1.010126e-02 1.000000e-02 1.000000e-02 1.000000e-02 1.462952e-02 2.183098e-02 3.070932e-02 3.747086e-02 3.764691e-02 3.106891e-02 1.797181e-02 1.000000e-02 1.000000e-02 1.000000e-02
<GCONST> -1.012604e+01
<STATE> 4
<MEAN> 36
 -5.792919e-01 -1.783353e-02 -1.923759e-01 1.399920e-01 -2.000847e-01 1.660065e-01 -1.419752e-01 1.425735e-01 -1.562666e-01 7.720131e-02 -8.294370e-02 1.051169e-01 1.615317e-02 3.054376e-03 5.981517e-03 -3.175533e-03 4.196254e-03 -2.864828e-03 1.983201e-03 -2.851381e-03 2.380853e-03 -1.069780e-03 6.195939e-04 -1.694262e-03 -5.176530e-04 4.492544e-03 -1.534105e-03 2.353230e-03 -2.874391e-03 1.561447e-03 -1.003914e-03 1.715649e-03 -6.647323e-04 1.553069e-04 -1.108577e-03 -7.128138e-04
<VARIANCE> 36
 3.032700e-01 1.349444e-01 1.831246e-01 8.059727e-02 7.463159e-02 4.916821e-02 7.176256e-02 3.660686e-02 2.445893e-02 3.319305e-02 1.889770e-02 1.379644e-02 2.338381e-02 1.343491e-02 1.000000e-02 1.000000e-02 1.000000e-02 1.000000e-02 1.000000e-02 1.000000e-02 1.000000e-02 1.000000e-02 1.000000e-02 1.000000e-02 1.000000e-02 1.000000e-02 1.000000e-02 1.000000e-02 1.000000e-02 1.000000e-02 1.000000e-02 1.000000e-02 1.000000e-02 1.000000e-02 1.000000e-02 1.000000e-02
<GCONST> -7.754554e+01
<STATE> 5
<MEAN> 36
 -2.250966e+00 3.730420e+00 -5.056900e+00 5.758684e+00 -5.711945e+00 4.934069e+00 -3.804305e+00 2.364061e+00 -1.253756e+00 4.507114e-01 -1.105514e-01 2.190421e-02 1.089775e-01 -2.339961e-01 3.497207e-01 -4.513488e-01 5.060440e-01 -4.726586e-01 3.895650e-01 -2.792678e-01 1.614407e-01 -8.485644e-02 4.471081e-02 -1.580629e-02 1.348168e-02 -2.790421e-02 2.675789e-02 -9.861108e-03 -2.441855e-02 6.011350e-02 -8.789077e-02 9.859309e-02 -7.985362e-02 5.392751e-02 -2.804487e-02 7.886417e-03
<VARIANCE> 36
 2.946733e-01 9.386675e-01 2.043702e+00 2.900122e+00 3.192770e+00 3.206162e+00 2.777565e+00 2.115946e+00 1.491439e+00 7.422054e-01 2.122280e-01 2.171165e-02 1.858146e-02 7.785708e-02 2.286503e-01 4.530110e-01 6.461368e-01 7.456290e-01 7.042053e-01 4.977158e-01 2.485854e-01 8.247013e-02 1.273536e-02 1.000000e-02 1.000000e-02 1.000000e-02 1.000000e-02 1.000000e-02 1.543011e-02 3.016822e-02 4.120953e-02 4.112067e-02 2.614941e-02 1.000000e-02 1.000000e-02 1.000000e-02
<GCONST> -7.896672e+00
<STATE> 6
<MEAN> 36
 -8.708658e-01 8.782716e-01 -1.248773e+00 1.225206e+00 -1.117340e+00 8.987445e-01 -6.452751e-01 3.986904e-01 -2.188870e-01 6.206687e-02 -5.593798e-02 2.412420e-02 1.951339e-02 1.494346e-02 3.466860e-02 -5.797867e-02 4.541598e-02 -5.242255e-02 4.681418e-02 -2.194093e-02 1.521872e-02 -6.682232e-03 1.442242e-03 -1.058714e-02 9.609292e-05 1.873798e-02 -1.272021e-02 2.593828e-02 -3.898099e-02 3.708735e-02 -4.062092e-02 2.300884e-02 -1.854267e-02 1.085954e-02 -2.680184e-03 4.604582e-03
<VARIANCE> 36
 7.653204e-01 1.760695e+00 2.414209e+00 3.071535e+00 2.857575e+00 2.261001e+00 1.632826e+00 9.585944e-01 5.510125e-01 2.294071e-01 8.067399e-02 1.832741e-02 2.994386e-02 3.466741e-02 5.283746e-02 9.232870e-02 1.290093e-01 1.469642e-01 1.334602e-01 9.161197e-02 4.324681e-02 1.363220e-02 1.000000e-02 1.000000e-02 1.000000e-02 1.000000e-02 1.000000e-02 1.000000e-02 1.525784e-02 1.890156e-02 1.654953e-02 1.307434e-02 1.000000e-02 1.000000e-02 1.000000e-02 1.000000e-02
<GCONST> -2.844622e+01
<STATE> 7
<MEAN> 36
 -1.563996e+00 2.493328e+00 -3.385478e+00 3.874726e+00 -3.897901e+00 3.428592e+00 -2.716250e+00 1.843913e+00 -1.061213e+00 4.552362e-01 -1.713571e-01 5.858323e-02 -2.166278e-03 3.583555e-02 -1.748218e-03 2.030577e-02 -5.315750e-02 5.633305e-02 -7.025521e-02 7.070524e-02 -6.004737e-02 4.015352e-02 -1.784428e-02 5.040354e-03 -7.309339e-03 1.015969e-02 -1.707936e-02 2.987233e-02 -3.815150e-02 4.438324e-02 -4.565822e-02 3.084993e-02 -2.268805e-02 1.314911e-02 -4.813307e-03 2.559824e-03
<VARIANCE> 36
 1.369638e+00 5.270527e+00 1.323772e+01 2.747732e+01 4.438312e+01 5.721640e+01 5.512810e+01 3.851389e+01 1.956459e+01 6.778724e+00 1.309388e+00 9.299729e-02 4.707576e-02 2.149105e-01 7.671942e-01 2.015277e+00 3.821611e+00 5.361073e+00 5.391845e+00 3.853043e+00 1.950263e+00 6.708801e-01 1.288104e-01 1.000000e-02 1.029100e-02 4.648020e-02 1.581304e-01 3.982246e-01 7.288763e-01 9.963446e-01 9.805562e-01 6.878844e-01 3.417998e-01 1.160360e-01 2.191334e-02 1.000000e-02
<GCONST> 6.505177e+01
<TRANSP> 8
 0.000000e+00 1.500000e-01 8.500000e-01 0.000000e+00 0.000000e+00 0.000000e+00 0.000000e+00 0.000000e+00
 0.000000e+00 8.378378e-01 1.621622e-01 0.000000e+00 0.000000e+00 0.000000e+00 0.000000e+00 0.000000e+00
 0.000000e+00 0.000000e+00 5.061728e-01 3.950617e-01 9.876543e-02 0.000000e+00 0.000000e+00 0.000000e+00
 0.000000e+00 0.000000e+00 0.000000e+00 9.389313e-01 0.000000e+00 6.106870e-02 0.000000e+00 0.000000e+00
 0.000000e+00 0.000000e+00 0.000000e+00 0.000000e+00 0.000000e+00 1.000000e+00 0.000000e+00 0.000000e+00
 0.000000e+00 0.000000e+00 0.000000e+00 0.000000e+00 0.000000e+00 2.156863e-01 7.843137e-01 0.000000e+00
 0.000000e+00 0.000000e+00 0.000000e+00 0.000000e+00 0.000000e+00 0.000000e+00 5.294118e-01 4.705882e-01
 0.000000e+00 0.000000e+00 0.000000e+00 0.000000e+00 0.000000e+00 0.000000e+00 0.000000e+00 0.000000e+00
<ENDHMM>
