~o
<STREAMINFO> 1 39
<VECSIZE> 39<NULLD><MFCC_D_A_0><DIAGC>
~h "satu"
<BEGINHMM>
<NUMSTATES> 6
<STATE> 2
<MEAN> 39
 -1.135598e+01 -1.433874e+01 5.699789e+00 -7.143332e+00 -7.561227e+00 2.978997e+00 -1.689064e+00 -5.383481e+00 -4.888860e+00 -4.229912e+00 4.004128e+00 5.037272e+00 6.075872e+01 1.128279e+00 1.866776e-01 1.401675e-01 -1.607537e-01 -2.395990e-01 3.533351e-01 -6.496316e-01 2.507232e-01 8.670701e-01 -1.002569e+00 -3.421322e-01 5.207343e-01 8.378111e-01 2.353899e-01 1.968713e-01 -8.124035e-02 6.981240e-02 -3.025237e-02 3.545456e-02 -3.461868e-02 1.047212e-01 1.346171e-01 4.763122e-02 -1.180759e-01 5.304259e-02 -2.090602e-02
<VARIANCE> 39
 1.004768e+02 7.530101e+01 9.515087e+01 6.427782e+01 6.576231e+01 5.220935e+01 1.661777e+02 3.945807e+01 7.187373e+01 7.840252e+01 2.803856e+01 2.438496e+01 1.317577e+02 5.563039e+00 8.301080e+00 6.386732e+00 3.613704e+00 4.636206e+00 3.962119e+00 3.149065e+00 4.526931e+00 5.354282e+00 4.904850e+00 2.413199e+00 2.202257e+00 2.195105e+00 5.662966e-01 1.018662e+00 8.690982e-01 6.567811e-01 8.358217e-01 6.692488e-01 5.406058e-01 9.915470e-01 1.138467e+00 1.082369e+00 4.842599e-01 3.675983e-01 3.812019e-01
<GCONST> 1.397695e+02
<STATE> 3
<MEAN> 39
 -2.118174e+00 1.020699e+00 1.752273e+00 1.843286e+00 -4.374753e+00 5.891998e+00 -1.256296e+00 -1.585488e+00 4.819911e+00 -6.811679e+00 -3.345992e-01 1.018604e+01 5.935160e+01 -8.100519e-01 9.853938e-01 -1.652813e-01 3.303329e-01 4.345763e-01 -1.573502e-01 4.842616e-01 -2.507862e-02 -3.788565e-01 7.443097e-01 -1.493238e-01 -5.791525e-01 -1.249268e+00 -2.333089e-01 -1.549129e-02 -1.462743e-02 -1.681052e-02 2.773507e-02 -1.552363e-01 9.431180e-02 7.404725e-02 -2.290997e-01 8.902205e-02 3.408883e-02 -1.945446e-01 -1.089987e-01
<VARIANCE> 39
 6.177240e+01 4.385145e+01 2.206645e+01 3.877914e+01 5.348527e+01 3.131463e+01 8.109555e+01 2.632875e+01 3.940429e+01 4.385312e+01 1.477306e+01 2.902187e+01 1.631775e+02 1.657122e+00 1.916004e+00 1.950712e+00 2.912012e+00 4.692878e+00 3.263691e+00 2.837682e+00 3.556087e+00 3.010423e+00 1.984369e+00 1.330670e+00 1.812445e+00 2.148078e+00 3.578858e-01 3.155764e-01 3.470280e-01 5.342074e-01 1.062142e+00 8.374459e-01 6.199788e-01 7.817708e-01 7.648731e-01 4.215631e-01 2.223433e-01 3.918862e-01 4.329773e-01
<GCONST> 1.222820e+02
<STATE> 4
<MEAN> 39
 -3.130076e+00 2.282661e+00 2.081952e+00 -1.185017e-01 -8.014223e+00 -3.246373e-01 -3.426037e+00 1.410505e+00 7.507684e-01 -9.162448e+00 -3.622990e+00 2.548774e+00 5.076531e+01 6.031699e-01 -8.095140e-02 5.050162e-01 1.343672e-01 -4.318505e-01 -3.386237e-01 -4.851792e-01 5.549443e-01 1.188713e-01 -6.784170e-01 -1.632393e-01 -4.669132e-01 6.671446e-01 9.951571e-02 -5.253113e-03 9.552019e-02 -4.016107e-03 -1.415392e-02 4.790670e-02 -1.298176e-01 3.978058e-02 1.483930e-01 -9.440547e-02 9.076850e-02 5.543083e-02 7.244436e-02
<VARIANCE> 39
 6.020996e+01 1.035581e+02 5.234356e+01 4.549763e+01 5.517823e+01 6.120108e+01 7.593809e+01 4.632681e+01 7.967108e+01 7.240757e+01 3.016125e+01 3.639906e+01 1.295034e+02 5.268071e+00 1.384922e+01 7.631150e+00 4.545940e+00 6.449081e+00 9.574612e+00 9.150641e+00 7.147574e+00 1.187093e+01 7.385674e+00 4.640543e+00 5.480688e+00 9.864767e+00 6.940050e-01 2.762149e+00 1.364909e+00 8.638998e-01 1.087515e+00 1.835072e+00 1.753417e+00 1.455028e+00 2.238631e+00 1.487624e+00 1.025766e+00 1.071729e+00 1.435290e+00
<GCONST> 1.552470e+02
<STATE> 5
<MEAN> 39
 -8.219689e-01 1.164413e+01 1.213354e+01 1.032610e+00 -1.253861e+01 -9.798361e-01 -5.374000e+00 7.092055e+00 1.034756e+01 -1.014732e+01 -1.849174e+00 -1.776668e-01 5.733535e+01 -6.420937e-01 3.416327e-01 -5.746582e-01 8.222568e-02 2.305106e-01 -4.857039e-02 7.126397e-01 -8.192700e-02 -4.154150e-02 6.880134e-01 -3.224671e-02 -5.330029e-02 -8.841349e-01 -9.145389e-02 -6.083240e-02 -1.489596e-01 -3.917538e-02 7.211140e-02 4.032739e-02 7.675713e-02 -1.305333e-01 -1.477717e-01 1.037082e-02 -6.275427e-02 -7.118246e-03 -6.083099e-02
<VARIANCE> 39
 3.784567e+01 6.299157e+01 5.578655e+01 4.724249e+01 3.472045e+01 3.930420e+01 1.150506e+02 4.151503e+01 1.166874e+02 1.234355e+02 3.028724e+01 3.608035e+01 1.452444e+02 4.340721e-01 1.686981e+00 3.688100e+00 1.692780e+00 3.257024e+00 3.146249e+00 4.250168e+00 2.513413e+00 5.660058e+00 3.247590e+00 2.410130e+00 2.669255e+00 4.533451e-01 5.726347e-02 2.514918e-01 5.432097e-01 3.747850e-01 6.362774e-01 4.992142e-01 7.417001e-01 5.245624e-01 7.228165e-01 5.591236e-01 4.944246e-01 4.343429e-01 7.382922e-02
<GCONST> 1.217948e+02
<TRANSP> 6
 0.000000e+00 8.750000e-01 1.250000e-01 0.000000e+00 0.000000e+00 0.000000e+00
 0.000000e+00 9.270833e-01 7.291667e-02 0.000000e+00 0.000000e+00 0.000000e+00
 0.000000e+00 0.000000e+00 9.175258e-01 8.247422e-02 0.000000e+00 0.000000e+00
 0.000000e+00 0.000000e+00 0.000000e+00 9.354839e-01 4.032258e-02 2.419355e-02
 0.000000e+00 0.000000e+00 0.000000e+00 0.000000e+00 9.557522e-01 4.424778e-02
 0.000000e+00 0.000000e+00 0.000000e+00 0.000000e+00 0.000000e+00 0.000000e+00
<ENDHMM>
