~o
<STREAMINFO> 1 36
<VECSIZE> 36<NULLD><LPC_D_A><DIAGC>
~h "sembilan"
<BEGINHMM>
<NUMSTATES> 8
<STATE> 2
<MEAN> 36
 -8.800550e-01 1.760221e-01 -2.603191e-01 3.195157e-01 -2.209183e-01 2.934215e-01 -2.158794e-01 2.138189e-01 -2.008856e-01 1.248940e-01 -1.308854e-01 1.135387e-01 3.498670e-03 -2.304617e-02 -5.691128e-03 -1.084429e-02 -1.617855e-03 -6.117924e-03 4.505433e-04 -5.725704e-03 -1.412658e-03 -4.014035e-03 4.471432e-04 -1.463318e-03 1.748788e-03 9.064330e-04 1.447003e-03 -7.617142e-04 -1.130876e-03 7.985038e-05 9.943090e-06 1.509254e-04 -1.495933e-04 2.099471e-04 3.379897e-04 -2.969017e-04
<VARIANCE> 36
 2.453688e-01 3.117924e-01 2.642173e-01 2.029283e-01 1.367255e-01 9.472433e-02 1.048738e-01 9.865577e-02 3.822415e-02 5.037027e-02 3.525734e-02 1.535099e-02 2.758087e-02 3.815536e-02 1.406201e-02 1.719808e-02 1.000000e-02 1.000000e-02 1.000000e-02 1.000000e-02 1.000000e-02 1.000000e-02 1.000000e-02 1.000000e-02 1.000000e-02 1.000000e-02 1.000000e-02 1.000000e-02 1.000000e-02 1.000000e-02 1.000000e-02 1.000000e-02 1.000000e-02 1.000000e-02 1.000000e-02 1.000000e-02
<GCONST> -6.931207e+01
<STATE> 3
<MEAN> 36
 -2.629206e+00 4.647252e+00 -6.846207e+00 8.512891e+00 -9.019113e+00 8.614037e+00 -7.244005e+00 5.314614e+00 -3.385353e+00 1.816674e+00 -7.330893e-01 1.957980e-01 -4.991484e-02 6.554279e-02 -1.126791e-01 1.070401e-01 -1.019843e-01 4.291720e-02 -9.284335e-03 -3.086576e-02 3.636643e-02 -3.469126e-02 1.557379e-02 -8.372460e-03 1.776796e-03 6.548371e-03 -4.429657e-03 1.230631e-02 -1.275848e-02 1.028197e-02 -4.426997e-03 -1.158214e-04 5.039220e-03 -5.804406e-03 4.060307e-03 -2.018517e-03
<VARIANCE> 36
 3.271611e-01 1.558329e+00 4.752709e+00 1.016394e+01 1.573396e+01 1.744610e+01 1.593351e+01 1.091822e+01 5.566838e+00 2.037696e+00 5.015217e-01 4.951272e-02 3.245726e-02 2.075387e-01 6.906826e-01 1.642812e+00 2.618382e+00 3.005839e+00 2.737144e+00 1.870312e+00 9.283965e-01 3.346807e-01 7.576434e-02 1.000000e-02 1.000000e-02 3.799631e-02 1.258388e-01 2.982891e-01 4.670058e-01 5.242792e-01 4.651968e-01 3.148305e-01 1.548766e-01 5.584171e-02 1.298346e-02 1.000000e-02
<GCONST> 4.115662e+01
<STATE> 4
<MEAN> 36
 -1.228155e+00 1.095750e+00 -1.437184e+00 1.403295e+00 -1.270647e+00 1.016079e+00 -6.476545e-01 4.802606e-01 -3.187933e-01 1.446601e-01 -9.677937e-02 4.492059e-02 -8.751469e-03 2.438985e-02 -9.083939e-03 2.112299e-03 -3.130120e-02 8.090890e-03 -1.345711e-02 5.104013e-03 -1.001383e-02 2.098247e-03 3.820679e-03 -8.055295e-03 -2.564936e-03 1.398818e-03 5.650988e-03 9.053012e-03 -4.932855e-03 9.958249e-03 -1.318686e-02 9.248036e-03 -1.754923e-03 5.863784e-03 -1.548722e-04 1.582836e-03
<VARIANCE> 36
 6.775484e-01 1.891662e+00 2.811211e+00 3.481388e+00 2.937172e+00 1.895519e+00 1.178159e+00 7.260278e-01 4.473844e-01 2.157776e-01 7.747842e-02 2.004923e-02 4.349307e-02 1.249271e-01 1.766282e-01 2.507023e-01 2.380616e-01 1.793053e-01 1.114455e-01 6.497049e-02 3.519511e-02 1.539533e-02 1.000000e-02 1.000000e-02 1.000000e-02 2.315781e-02 3.206905e-02 4.826626e-02 4.701180e-02 3.703025e-02 2.382079e-02 1.347150e-02 1.000000e-02 1.000000e-02 1.000000e-02 1.000000e-02
<GCONST> -1.935674e+01
<STATE> 5
<MEAN> 36
 -3.702619e+00 8.075877e+00 -1.375447e+01 1.937425e+01 -2.323470e+01 2.431866e+01 -2.226234e+01 1.753062e+01 -1.178319e+01 6.582067e+00 -2.730183e+00 6.220736e-01 6.855221e-02 -1.626347e-01 2.238926e-01 -2.937158e-01 3.013278e-01 -2.277710e-01 1.413242e-01 -6.629998e-02 6.620735e-03 1.172536e-02 -1.191328e-02 7.597222e-03 5.109781e-02 -1.441608e-01 2.511219e-01 -3.787336e-01 4.608250e-01 -4.699870e-01 4.167748e-01 -3.111604e-01 1.885292e-01 -9.323353e-02 3.334751e-02 -5.394584e-03
<VARIANCE> 36
 8.938924e+00 1.438900e+02 6.842563e+02 1.818233e+03 3.334888e+03 4.526180e+03 4.496559e+03 3.277446e+03 1.772936e+03 6.606744e+02 1.364506e+02 8.254467e+00 1.059071e+00 1.665028e+01 7.779895e+01 2.047206e+02 3.723834e+02 5.011461e+02 4.937296e+02 3.576150e+02 1.925433e+02 7.131192e+01 1.461464e+01 8.757506e-01 2.050632e-01 3.281737e+00 1.540312e+01 4.056325e+01 7.395071e+01 9.961775e+01 9.813335e+01 7.110632e+01 3.832212e+01 1.419684e+01 2.904751e+00 1.736287e-01
<GCONST> 2.196448e+02
<STATE> 6
<MEAN> 36
 -1.112461e+00 1.194328e+00 -1.730420e+00 1.744934e+00 -1.621419e+00 1.298085e+00 -8.332250e-01 4.647826e-01 -2.429049e-01 4.569374e-02 -1.676629e-02 3.133743e-02 -2.764141e-03 1.470322e-03 7.750588e-02 -9.586209e-02 1.292760e-01 -1.758113e-01 1.687364e-01 -1.475653e-01 1.113722e-01 -6.291609e-02 4.311445e-02 -1.179098e-02 -2.319658e-02 2.093733e-02 -2.885109e-02 5.694249e-02 -5.639525e-02 6.523304e-02 -7.472544e-02 5.440042e-02 -3.604754e-02 2.720264e-02 -1.299550e-02 5.135772e-03
<VARIANCE> 36
 1.014161e+00 2.886031e+00 4.672439e+00 6.035081e+00 5.219407e+00 3.689888e+00 2.207068e+00 1.078352e+00 5.361201e-01 2.451616e-01 8.658930e-02 2.179039e-02 2.042426e-02 4.090023e-02 6.633385e-02 1.512728e-01 2.333277e-01 2.762572e-01 2.716539e-01 1.986600e-01 1.083945e-01 4.426291e-02 1.212441e-02 1.000000e-02 1.000000e-02 1.105555e-02 2.422106e-02 4.905808e-02 7.630119e-02 8.703876e-02 8.068705e-02 5.998374e-02 3.252919e-02 1.266844e-02 1.000000e-02 1.000000e-02
<GCONST> -8.803234e+00
<STATE> 7
<MEAN> 36
 -1.699991e+00 2.538431e+00 -3.679933e+00 4.385821e+00 -4.561178e+00 4.106699e+00 -3.269181e+00 2.280266e+00 -1.394288e+00 6.840552e-01 -2.715990e-01 9.328965e-02 -3.181535e-02 5.420550e-02 -4.024279e-02 9.776691e-02 -1.165893e-01 1.151029e-01 -1.190918e-01 8.701015e-02 -5.313973e-02 3.595579e-02 -9.831994e-03 6.460151e-03 1.890117e-03 -1.810776e-02 2.402948e-02 -2.599424e-02 3.400917e-02 -1.933271e-02 8.407289e-03 -8.567581e-03 5.063185e-03 -3.042694e-03 -4.706085e-04 6.471170e-04
<VARIANCE> 36
 1.539863e+00 6.472321e+00 1.474633e+01 2.630247e+01 3.463093e+01 3.698484e+01 3.163081e+01 2.031374e+01 9.572824e+00 3.208024e+00 6.322507e-01 5.110165e-02 3.229169e-02 1.842523e-01 6.155289e-01 1.422805e+00 2.376313e+00 3.026927e+00 2.948103e+00 2.105418e+00 1.108569e+00 4.264377e-01 9.661710e-02 1.000000e-02 1.000000e-02 3.163740e-02 1.021430e-01 2.401512e-01 4.030733e-01 5.256276e-01 5.205371e-01 3.745245e-01 1.956142e-01 7.267884e-02 1.576329e-02 1.000000e-02
<GCONST> 5.092488e+01
<TRANSP> 8
 0.000000e+00 7.750000e-01 2.250000e-01 0.000000e+00 0.000000e+00 0.000000e+00 0.000000e+00 0.000000e+00
 0.000000e+00 9.592641e-01 0.000000e+00 4.073587e-02 0.000000e+00 0.000000e+00 0.000000e+00 0.000000e+00
 0.000000e+00 0.000000e+00 9.318182e-01 3.787879e-02 3.030303e-02 0.000000e+00 0.000000e+00 0.000000e+00
 0.000000e+00 0.000000e+00 0.000000e+00 5.527951e-01 0.000000e+00 4.472050e-01 0.000000e+00 0.000000e+00
 0.000000e+00 0.000000e+00 0.000000e+00 0.000000e+00 7.575758e-01 2.424242e-01 0.000000e+00 0.000000e+00
 0.000000e+00 0.000000e+00 0.000000e+00 0.000000e+00 0.000000e+00 1.578947e-01 8.421053e-01 0.000000e+00
 0.000000e+00 0.000000e+00 0.000000e+00 0.000000e+00 0.000000e+00 0.000000e+00 3.984962e-01 6.015037e-01
 0.000000e+00 0.000000e+00 0.000000e+00 0.000000e+00 0.000000e+00 0.000000e+00 0.000000e+00 0.000000e+00
<ENDHMM>
