~o
<STREAMINFO> 1 36
<VECSIZE> 36<NULLD><LPC_D_A><DIAGC>
~h "sepuluh"
<BEGINHMM>
<NUMSTATES> 8
<STATE> 2
<MEAN> 36
 -2.181189e+00 3.441133e+00 -4.233324e+00 4.740547e+00 -4.569172e+00 4.112971e+00 -3.208601e+00 2.218525e+00 -1.188072e+00 5.543381e-01 -1.812708e-01 6.531763e-02 -8.660979e-04 -3.283216e-02 4.173439e-02 -1.374248e-01 1.695865e-01 -2.209867e-01 2.138883e-01 -2.161899e-01 1.595033e-01 -1.146156e-01 6.145418e-02 -2.568085e-02 3.223745e-02 -5.090758e-02 4.654710e-02 -2.503370e-02 1.954651e-02 -6.681825e-03 6.522010e-03 6.310220e-04 2.018788e-05 2.867030e-03 -3.784674e-03 1.769180e-03
<VARIANCE> 36
 2.937682e-01 1.281811e+00 4.248817e+00 8.108428e+00 1.109190e+01 1.124724e+01 8.899926e+00 5.783733e+00 2.825453e+00 1.118911e+00 2.373066e-01 3.137803e-02 3.626386e-02 1.470577e-01 2.748112e-01 4.834703e-01 6.330585e-01 7.455347e-01 6.373295e-01 4.863772e-01 2.498759e-01 1.155109e-01 2.597128e-02 1.000000e-02 1.000000e-02 3.135971e-02 5.559001e-02 9.237465e-02 1.165029e-01 1.261477e-01 1.045786e-01 7.810539e-02 4.046142e-02 1.978854e-02 1.000000e-02 1.000000e-02
<GCONST> 1.406221e+01
<STATE> 3
<MEAN> 36
 -6.608891e-01 1.430042e-01 -2.562451e-01 2.858865e-01 -2.100105e-01 2.555867e-01 -1.918274e-01 2.146513e-01 -1.898696e-01 1.289697e-01 -1.209593e-01 1.209086e-01 1.344223e-02 -3.029348e-02 -1.523303e-03 -1.514221e-02 -2.831464e-03 -1.336394e-02 -1.037330e-03 -8.998754e-03 1.753388e-03 -6.041541e-03 -6.378692e-04 -1.992712e-04 4.897814e-04 3.433141e-03 -2.077391e-03 2.805792e-04 -2.181083e-04 -5.548727e-04 -1.040071e-03 2.294425e-04 -8.996321e-04 6.420080e-04 -1.744618e-04 7.226373e-06
<VARIANCE> 36
 2.600177e-01 2.450358e-01 1.989674e-01 1.361347e-01 9.478793e-02 8.833439e-02 8.566278e-02 6.549342e-02 3.504926e-02 4.054077e-02 2.308900e-02 1.415979e-02 3.212777e-02 2.559138e-02 1.467503e-02 1.144782e-02 1.000000e-02 1.000000e-02 1.000000e-02 1.000000e-02 1.000000e-02 1.000000e-02 1.000000e-02 1.000000e-02 1.000000e-02 1.000000e-02 1.000000e-02 1.000000e-02 1.000000e-02 1.000000e-02 1.000000e-02 1.000000e-02 1.000000e-02 1.000000e-02 1.000000e-02 1.000000e-02
<GCONST> -7.264510e+01
<STATE> 4
<MEAN> 36
 -5.602859e-01 7.114587e-01 -1.136203e+00 1.192524e+00 -1.269727e+00 1.090180e+00 -9.281411e-01 6.311318e-01 -3.633353e-01 1.687623e-01 -1.144934e-01 7.152734e-02 2.181902e-02 4.706283e-02 -3.026478e-02 1.426108e-02 -1.310103e-02 2.799605e-02 -4.255834e-02 2.744952e-02 -4.020573e-02 3.552818e-02 -1.740113e-02 -1.016459e-03 -4.185025e-02 2.503391e-02 -1.917780e-02 3.630850e-02 -3.845948e-02 4.873025e-02 -3.420553e-02 3.627295e-02 -3.401771e-02 1.940969e-02 -9.845206e-03 8.045291e-03
<VARIANCE> 36
 8.039005e-01 2.281117e+00 3.812674e+00 6.704293e+00 7.374984e+00 7.969567e+00 5.598910e+00 3.612284e+00 1.519508e+00 5.746689e-01 1.229511e-01 2.849125e-02 2.928450e-02 2.427327e-02 2.704416e-02 1.556823e-02 3.091375e-02 1.934270e-02 2.343302e-02 1.503382e-02 1.371734e-02 1.000000e-02 1.000000e-02 1.000000e-02 1.000000e-02 1.000000e-02 2.308566e-02 5.400794e-02 7.945424e-02 9.353165e-02 8.280256e-02 6.056206e-02 3.116413e-02 1.284581e-02 1.000000e-02 1.000000e-02
<GCONST> -2.032605e+01
<STATE> 5
<MEAN> 36
 -2.661587e+00 4.692760e+00 -6.801005e+00 8.316487e+00 -8.828034e+00 8.262815e+00 -6.897860e+00 4.995436e+00 -3.098911e+00 1.606774e+00 -6.436599e-01 1.758395e-01 1.078897e-02 -9.097379e-03 -4.420705e-03 2.030662e-02 -4.594866e-02 5.005712e-02 -6.127663e-02 5.358270e-02 -4.996040e-02 2.887873e-02 -1.804106e-02 6.220956e-03 1.090479e-02 -1.965913e-02 3.250923e-02 -3.985608e-02 4.451499e-02 -3.871781e-02 3.186043e-02 -2.160283e-02 1.405744e-02 -7.846430e-03 4.116945e-03 -1.801132e-03
<VARIANCE> 36
 2.747881e-01 2.020582e+00 7.211861e+00 1.651020e+01 2.634283e+01 3.234689e+01 3.153399e+01 2.395657e+01 1.350352e+01 5.142408e+00 1.100422e+00 8.256430e-02 4.000086e-02 2.735670e-01 8.864905e-01 1.945292e+00 2.957667e+00 3.524779e+00 3.352154e+00 2.513364e+00 1.389637e+00 5.277449e-01 1.171328e-01 1.012933e-02 1.000000e-02 5.074531e-02 1.644758e-01 3.621046e-01 5.498220e-01 6.537632e-01 6.281330e-01 4.726213e-01 2.639979e-01 1.004631e-01 2.262448e-02 1.000000e-02
<GCONST> 5.436211e+01
<STATE> 6
<MEAN> 36
 -5.523678e-01 7.104369e-01 -1.164380e+00 1.250492e+00 -1.369945e+00 1.270385e+00 -1.146954e+00 8.293708e-01 -5.951945e-01 3.218876e-01 -2.003159e-01 9.751289e-02 2.348666e-02 -1.022665e-02 9.292448e-02 -1.279464e-01 1.594912e-01 -1.297195e-01 1.237573e-01 -8.985206e-02 4.936233e-02 -2.453803e-02 1.282386e-02 -6.992813e-03 -4.005216e-02 2.689476e-02 -2.641469e-02 4.462127e-02 -4.548603e-02 3.843944e-02 -1.081007e-02 6.986768e-03 3.803059e-03 -5.796163e-03 6.257200e-03 2.230630e-03
<VARIANCE> 36
 6.977342e-01 2.186464e+00 4.148928e+00 7.272008e+00 8.800787e+00 8.659472e+00 6.535722e+00 3.972183e+00 1.824421e+00 6.058717e-01 1.429586e-01 2.309994e-02 4.577466e-02 5.749333e-02 1.319189e-01 2.395013e-01 3.243927e-01 3.294969e-01 2.444186e-01 1.449776e-01 6.430198e-02 2.287881e-02 1.000000e-02 1.000000e-02 1.000000e-02 2.072112e-02 4.945856e-02 9.130163e-02 1.292400e-01 1.461276e-01 1.330054e-01 9.687860e-02 5.096368e-02 1.970671e-02 1.000000e-02 1.000000e-02
<GCONST> 2.950247e+00
<STATE> 7
<MEAN> 36
 -5.672764e-01 7.629192e-01 -1.061277e+00 1.029056e+00 -1.072082e+00 9.081174e-01 -7.623266e-01 5.279083e-01 -4.083086e-01 2.066828e-01 -1.410338e-01 6.662051e-02 -3.056955e-02 3.531498e-02 3.184479e-02 -2.894915e-02 4.479996e-02 -3.350960e-02 5.892684e-02 -3.966552e-02 2.802918e-02 -1.538006e-02 1.611586e-02 -1.279152e-03 -3.177550e-02 2.173594e-02 -3.980896e-02 6.601159e-02 -7.026290e-02 6.150886e-02 -4.338505e-02 2.697100e-02 -6.784276e-03 7.859977e-04 3.757315e-03 3.543818e-03
<VARIANCE> 36
 7.054217e-01 1.628671e+00 2.820836e+00 4.449535e+00 4.979237e+00 4.756113e+00 3.526990e+00 2.153659e+00 1.014475e+00 3.929762e-01 9.926055e-02 1.786328e-02 4.012559e-02 8.921847e-02 2.508574e-01 5.156994e-01 7.649205e-01 8.763639e-01 7.648666e-01 5.300772e-01 2.678514e-01 9.663521e-02 2.155753e-02 1.000000e-02 1.000000e-02 1.247462e-02 2.325612e-02 3.444671e-02 4.513500e-02 4.216550e-02 3.081431e-02 1.746490e-02 1.000000e-02 1.000000e-02 1.000000e-02 1.000000e-02
<GCONST> -2.637732e+00
<TRANSP> 8
 0.000000e+00 3.500000e-01 6.500000e-01 0.000000e+00 0.000000e+00 0.000000e+00 0.000000e+00 0.000000e+00
 0.000000e+00 8.640777e-01 5.825243e-02 7.766991e-02 0.000000e+00 0.000000e+00 0.000000e+00 0.000000e+00
 0.000000e+00 0.000000e+00 9.621750e-01 3.782506e-02 0.000000e+00 0.000000e+00 0.000000e+00 0.000000e+00
 0.000000e+00 0.000000e+00 0.000000e+00 0.000000e+00 1.750000e-01 8.250000e-01 0.000000e+00 0.000000e+00
 0.000000e+00 0.000000e+00 0.000000e+00 0.000000e+00 9.453125e-01 5.468750e-02 0.000000e+00 0.000000e+00
 0.000000e+00 0.000000e+00 0.000000e+00 0.000000e+00 0.000000e+00 0.000000e+00 1.000000e+00 0.000000e+00
 0.000000e+00 0.000000e+00 0.000000e+00 0.000000e+00 0.000000e+00 0.000000e+00 4.761904e-02 9.523810e-01
 0.000000e+00 0.000000e+00 0.000000e+00 0.000000e+00 0.000000e+00 0.000000e+00 0.000000e+00 0.000000e+00
<ENDHMM>
