~o
<STREAMINFO> 1 39
<VECSIZE> 39<NULLD><MFCC_D_A_0><DIAGC>
~h "sil"
<BEGINHMM>
<NUMSTATES> 6
<STATE> 2
<MEAN> 39
 0.000000e+00 0.000000e+00 0.000000e+00 0.000000e+00 0.000000e+00 0.000000e+00 0.000000e+00 0.000000e+00 0.000000e+00 0.000000e+00 0.000000e+00 0.000000e+00 0.000000e+00 0.000000e+00 0.000000e+00 0.000000e+00 0.000000e+00 0.000000e+00 0.000000e+00 0.000000e+00 0.000000e+00 0.000000e+00 0.000000e+00 0.000000e+00 0.000000e+00 0.000000e+00 0.000000e+00 0.000000e+00 0.000000e+00 0.000000e+00 0.000000e+00 0.000000e+00 0.000000e+00 0.000000e+00 0.000000e+00 0.000000e+00 0.000000e+00 0.000000e+00 0.000000e+00
<VARIANCE> 39
 2.821500e+01 3.931633e+01 4.460181e+01 3.650983e+01 4.657240e+01 3.192726e+01 6.187117e+01 3.673312e+01 4.134520e+01 2.807754e+01 3.064242e+01 1.908573e+01 1.237634e+02 9.151829e-01 1.263925e+00 1.273292e+00 1.430824e+00 1.545568e+00 1.650801e+00 1.693195e+00 1.883645e+00 1.902051e+00 1.741401e+00 1.630566e+00 1.419621e+00 1.281404e+00 1.382779e-01 2.124161e-01 2.126700e-01 2.481277e-01 2.847380e-01 3.232300e-01 3.348955e-01 3.680794e-01 3.622020e-01 3.453125e-01 3.197822e-01 2.819455e-01 1.852729e-01
<GCONST> 1.073713e+02
<STATE> 3
<MEAN> 39
 0.000000e+00 0.000000e+00 0.000000e+00 0.000000e+00 0.000000e+00 0.000000e+00 0.000000e+00 0.000000e+00 0.000000e+00 0.000000e+00 0.000000e+00 0.000000e+00 0.000000e+00 0.000000e+00 0.000000e+00 0.000000e+00 0.000000e+00 0.000000e+00 0.000000e+00 0.000000e+00 0.000000e+00 0.000000e+00 0.000000e+00 0.000000e+00 0.000000e+00 0.000000e+00 0.000000e+00 0.000000e+00 0.000000e+00 0.000000e+00 0.000000e+00 0.000000e+00 0.000000e+00 0.000000e+00 0.000000e+00 0.000000e+00 0.000000e+00 0.000000e+00 0.000000e+00
<VARIANCE> 39
 2.821500e+01 3.931633e+01 4.460181e+01 3.650983e+01 4.657240e+01 3.192726e+01 6.187117e+01 3.673312e+01 4.134520e+01 2.807754e+01 3.064242e+01 1.908573e+01 1.237634e+02 9.151829e-01 1.263925e+00 1.273292e+00 1.430824e+00 1.545568e+00 1.650801e+00 1.693195e+00 1.883645e+00 1.902051e+00 1.741401e+00 1.630566e+00 1.419621e+00 1.281404e+00 1.382779e-01 2.124161e-01 2.126700e-01 2.481277e-01 2.847380e-01 3.232300e-01 3.348955e-01 3.680794e-01 3.622020e-01 3.453125e-01 3.197822e-01 2.819455e-01 1.852729e-01
<GCONST> 1.073713e+02
<STATE> 4
<MEAN> 39
 0.000000e+00 0.000000e+00 0.000000e+00 0.000000e+00 0.000000e+00 0.000000e+00 0.000000e+00 0.000000e+00 0.000000e+00 0.000000e+00 0.000000e+00 0.000000e+00 0.000000e+00 0.000000e+00 0.000000e+00 0.000000e+00 0.000000e+00 0.000000e+00 0.000000e+00 0.000000e+00 0.000000e+00 0.000000e+00 0.000000e+00 0.000000e+00 0.000000e+00 0.000000e+00 0.000000e+00 0.000000e+00 0.000000e+00 0.000000e+00 0.000000e+00 0.000000e+00 0.000000e+00 0.000000e+00 0.000000e+00 0.000000e+00 0.000000e+00 0.000000e+00 0.000000e+00
<VARIANCE> 39
 2.821500e+01 3.931633e+01 4.460181e+01 3.650983e+01 4.657240e+01 3.192726e+01 6.187117e+01 3.673312e+01 4.134520e+01 2.807754e+01 3.064242e+01 1.908573e+01 1.237634e+02 9.151829e-01 1.263925e+00 1.273292e+00 1.430824e+00 1.545568e+00 1.650801e+00 1.693195e+00 1.883645e+00 1.902051e+00 1.741401e+00 1.630566e+00 1.419621e+00 1.281404e+00 1.382779e-01 2.124161e-01 2.126700e-01 2.481277e-01 2.847380e-01 3.232300e-01 3.348955e-01 3.680794e-01 3.622020e-01 3.453125e-01 3.197822e-01 2.819455e-01 1.852729e-01
<GCONST> 1.073713e+02
<STATE> 5
<MEAN> 39
 0.000000e+00 0.000000e+00 0.000000e+00 0.000000e+00 0.000000e+00 0.000000e+00 0.000000e+00 0.000000e+00 0.000000e+00 0.000000e+00 0.000000e+00 0.000000e+00 0.000000e+00 0.000000e+00 0.000000e+00 0.000000e+00 0.000000e+00 0.000000e+00 0.000000e+00 0.000000e+00 0.000000e+00 0.000000e+00 0.000000e+00 0.000000e+00 0.000000e+00 0.000000e+00 0.000000e+00 0.000000e+00 0.000000e+00 0.000000e+00 0.000000e+00 0.000000e+00 0.000000e+00 0.000000e+00 0.000000e+00 0.000000e+00 0.000000e+00 0.000000e+00 0.000000e+00
<VARIANCE> 39
 2.821500e+01 3.931633e+01 4.460181e+01 3.650983e+01 4.657240e+01 3.192726e+01 6.187117e+01 3.673312e+01 4.134520e+01 2.807754e+01 3.064242e+01 1.908573e+01 1.237634e+02 9.151829e-01 1.263925e+00 1.273292e+00 1.430824e+00 1.545568e+00 1.650801e+00 1.693195e+00 1.883645e+00 1.902051e+00 1.741401e+00 1.630566e+00 1.419621e+00 1.281404e+00 1.382779e-01 2.124161e-01 2.126700e-01 2.481277e-01 2.847380e-01 3.232300e-01 3.348955e-01 3.680794e-01 3.622020e-01 3.453125e-01 3.197822e-01 2.819455e-01 1.852729e-01
<GCONST> 1.073713e+02
<TRANSP> 6
 0.000000e+00 5.000000e-01 5.000000e-01 0.000000e+00 0.000000e+00 0.000000e+00
 0.000000e+00 4.000000e-01 3.000000e-01 3.000000e-01 0.000000e+00 0.000000e+00
 0.000000e+00 0.000000e+00 4.000000e-01 3.000000e-01 3.000000e-01 0.000000e+00
 0.000000e+00 0.000000e+00 0.000000e+00 4.000000e-01 3.000000e-01 3.000000e-01
 0.000000e+00 0.000000e+00 0.000000e+00 0.000000e+00 5.000000e-01 5.000000e-01
 0.000000e+00 0.000000e+00 0.000000e+00 0.000000e+00 0.000000e+00 0.000000e+00
<ENDHMM>
