~o
<STREAMINFO> 1 36
<VECSIZE> 36<NULLD><LPC_D_A><DIAGC>
~h "tambah"
<BEGINHMM>
<NUMSTATES> 8
<STATE> 2
<MEAN> 36
 -2.841438e+00 4.670228e+00 -6.305295e+00 7.372400e+00 -7.369481e+00 6.238062e+00 -4.713871e+00 3.104483e+00 -1.612247e+00 6.248626e-01 -1.570279e-01 3.950588e-02 1.583196e-02 -4.659994e-02 4.211896e-02 -4.545257e-02 4.528262e-02 -1.186867e-02 -2.052384e-02 2.006961e-02 -1.586760e-02 2.145760e-02 -8.856676e-03 -8.944093e-04 1.832733e-02 -3.649502e-02 5.022528e-02 -7.069561e-02 7.811965e-02 -6.617029e-02 5.076985e-02 -3.632501e-02 1.838345e-02 -6.724034e-03 3.139336e-03 -1.546972e-03
<VARIANCE> 36
 7.178934e-01 9.286258e+00 4.056324e+01 1.060507e+02 1.942054e+02 2.624532e+02 2.609081e+02 1.905602e+02 1.025285e+02 3.833660e+01 8.256256e+00 5.376271e-01 8.961634e-02 9.727689e-01 3.949659e+00 1.011034e+01 1.817029e+01 2.418561e+01 2.397441e+01 1.761612e+01 9.548460e+00 3.611799e+00 7.899960e-01 5.173252e-02 1.488912e-02 1.890433e-01 8.346512e-01 2.218568e+00 4.098539e+00 5.578986e+00 5.601299e+00 4.131293e+00 2.246176e+00 8.516449e-01 1.850595e-01 1.182788e-02
<GCONST> 1.171081e+02
<STATE> 3
<MEAN> 36
 -1.162301e+00 8.086165e-01 -9.363872e-01 9.913483e-01 -8.395526e-01 7.053303e-01 -5.457450e-01 4.570027e-01 -2.893154e-01 1.951156e-01 -1.903476e-01 8.990036e-02 -7.907129e-02 2.457794e-02 -2.057090e-02 2.496631e-02 -3.849823e-02 9.528592e-03 -9.873159e-03 -5.582038e-04 -4.215426e-03 -3.250014e-03 -1.229864e-02 6.617654e-03 -4.388999e-03 1.380451e-02 -2.462821e-02 2.535685e-02 -2.065613e-02 2.486900e-02 -2.040826e-02 2.115220e-02 -1.141579e-02 5.720298e-03 9.974261e-04 3.241144e-03
<VARIANCE> 36
 4.593391e-01 1.017011e+00 1.459172e+00 1.548559e+00 1.151176e+00 6.027725e-01 3.007326e-01 1.968863e-01 1.529864e-01 1.118430e-01 7.543459e-02 2.203158e-02 4.462618e-02 7.434100e-02 6.333094e-02 9.624492e-02 1.066815e-01 1.076181e-01 8.745982e-02 6.565615e-02 3.600606e-02 1.642643e-02 1.000000e-02 1.000000e-02 1.098544e-02 1.509723e-02 1.188920e-02 1.996775e-02 2.342208e-02 2.307137e-02 2.016700e-02 1.464395e-02 1.000000e-02 1.000000e-02 1.000000e-02 1.000000e-02
<GCONST> -3.564282e+01
<STATE> 4
<MEAN> 36
 -2.989115e-01 -5.169973e+00 1.572956e+01 -3.048104e+01 4.546536e+01 -5.579576e+01 5.733060e+01 -4.973548e+01 3.622977e+01 -2.136833e+01 9.571619e+00 -2.392013e+00 -3.998216e-02 8.425991e-02 -1.443211e-01 2.070776e-01 -2.694307e-01 2.851378e-01 -2.726744e-01 2.288239e-01 -1.591745e-01 9.187900e-02 -4.076823e-02 1.284525e-02 9.588922e-03 -3.227524e-02 6.374584e-02 -9.846599e-02 1.243703e-01 -1.373632e-01 1.313943e-01 -1.089523e-01 7.718789e-02 -4.657967e-02 2.167058e-02 -5.400120e-03
<VARIANCE> 36
 3.703711e+02 6.339612e+03 3.362457e+04 1.001041e+05 1.952553e+05 2.694843e+05 2.695049e+05 1.953114e+05 1.001556e+05 3.364116e+04 6.342768e+03 3.709816e+02 3.754046e+01 6.435239e+02 3.419112e+03 1.018098e+04 1.986471e+04 2.743061e+04 2.744442e+04 1.989330e+04 1.020440e+04 3.429719e+03 6.471378e+02 3.788327e+01 7.456792e+00 1.278625e+02 6.793858e+02 2.022286e+03 3.945078e+03 5.447262e+03 5.449919e+03 3.950427e+03 2.026550e+03 6.812522e+02 1.285843e+02 7.531861e+00
<GCONST> 3.596967e+02
<STATE> 5
<MEAN> 36
 -1.672225e+00 1.801967e+00 -2.139854e+00 2.373301e+00 -2.161637e+00 1.709132e+00 -1.243917e+00 8.239678e-01 -4.274390e-01 2.129747e-01 -1.365509e-01 7.213732e-02 1.626691e-03 -8.985529e-02 8.381338e-02 -1.165149e-01 1.179697e-01 -1.243472e-01 8.846615e-02 -6.629033e-02 3.835262e-02 -1.774887e-02 4.407216e-03 4.849639e-03 3.859518e-02 -2.985879e-02 9.572813e-03 -1.762058e-02 2.077295e-02 -1.902240e-03 3.596781e-04 6.391331e-03 -4.970002e-03 6.584955e-03 1.224953e-03 1.390131e-03
<VARIANCE> 36
 5.063040e-01 2.258227e+00 4.055912e+00 4.861207e+00 4.823722e+00 3.571360e+00 2.218059e+00 1.279654e+00 6.649903e-01 3.152415e-01 1.570162e-01 3.153451e-02 4.757748e-02 9.399600e-02 1.769805e-01 2.707494e-01 3.171415e-01 2.781446e-01 2.150753e-01 1.408606e-01 7.727394e-02 3.274875e-02 1.067034e-02 1.000000e-02 1.000000e-02 2.217423e-02 3.629353e-02 5.934361e-02 7.209302e-02 7.211093e-02 5.856239e-02 3.997310e-02 2.187552e-02 1.000000e-02 1.000000e-02 1.000000e-02
<GCONST> -6.708439e+00
<STATE> 6
<MEAN> 36
 -7.831451e-01 1.032999e-01 -4.575551e-01 5.085730e-01 -3.825596e-01 3.170751e-01 -3.672129e-01 3.430654e-01 -2.079303e-01 1.796955e-01 -2.171814e-01 1.511767e-01 2.428477e-02 -1.036949e-02 2.221806e-03 -1.318538e-02 1.085744e-02 -9.005705e-03 5.253566e-03 -7.835735e-03 3.380578e-03 -1.249300e-03 3.480265e-03 -1.291591e-03 8.531841e-04 1.195444e-02 -7.472417e-03 8.807207e-03 -7.739059e-03 1.078412e-02 -5.358476e-03 5.465328e-03 -4.046654e-03 2.085163e-03 -2.058044e-04 -4.778970e-04
<VARIANCE> 36
 2.491509e-01 3.000655e-01 3.407088e-01 3.059325e-01 2.234436e-01 1.404661e-01 1.001961e-01 1.042231e-01 4.040337e-02 4.812891e-02 4.088384e-02 1.313500e-02 2.974830e-02 2.147240e-02 1.689383e-02 1.914205e-02 1.602388e-02 1.000000e-02 1.000000e-02 1.000000e-02 1.000000e-02 1.000000e-02 1.000000e-02 1.000000e-02 1.000000e-02 1.000000e-02 1.000000e-02 1.000000e-02 1.000000e-02 1.000000e-02 1.000000e-02 1.000000e-02 1.000000e-02 1.000000e-02 1.000000e-02 1.000000e-02
<GCONST> -6.751100e+01
<STATE> 7
<MEAN> 36
 -2.080857e+00 3.352351e+00 -4.653171e+00 5.529422e+00 -5.635915e+00 5.085304e+00 -4.125703e+00 2.929581e+00 -1.744738e+00 8.902810e-01 -3.532330e-01 1.012573e-01 -1.383417e-02 6.742465e-02 -1.006425e-01 1.392446e-01 -1.641944e-01 1.884936e-01 -1.599783e-01 1.415673e-01 -9.975637e-02 5.734042e-02 -2.071308e-02 6.469202e-03 -7.698113e-04 -9.950920e-03 1.200084e-02 -1.393548e-02 1.696914e-02 -1.997372e-02 1.837623e-02 -1.458249e-02 1.118824e-02 -6.431177e-03 3.370421e-03 2.203554e-04
<VARIANCE> 36
 1.302760e+00 7.199894e+00 2.025755e+01 4.307710e+01 6.829895e+01 8.255338e+01 7.683061e+01 5.402788e+01 2.746900e+01 9.398083e+00 1.817051e+00 1.181489e-01 6.681384e-02 4.315372e-01 1.481405e+00 3.535300e+00 5.996280e+00 7.506617e+00 7.138220e+00 5.049444e+00 2.566466e+00 8.787774e-01 1.726206e-01 1.134898e-02 1.352240e-02 9.094384e-02 3.242597e-01 7.656699e-01 1.286751e+00 1.600242e+00 1.515660e+00 1.070806e+00 5.456976e-01 1.884681e-01 3.702987e-02 1.000000e-02
<GCONST> 7.917296e+01
<TRANSP> 8
 0.000000e+00 1.285714e-01 8.714285e-01 0.000000e+00 0.000000e+00 0.000000e+00 0.000000e+00 0.000000e+00
 0.000000e+00 8.846154e-01 1.153846e-01 0.000000e+00 0.000000e+00 0.000000e+00 0.000000e+00 0.000000e+00
 0.000000e+00 0.000000e+00 5.053003e-01 7.067139e-03 4.876325e-01 0.000000e+00 0.000000e+00 0.000000e+00
 0.000000e+00 0.000000e+00 0.000000e+00 9.411765e-01 5.882353e-02 0.000000e+00 0.000000e+00 0.000000e+00
 0.000000e+00 0.000000e+00 0.000000e+00 0.000000e+00 4.422311e-01 5.577689e-01 0.000000e+00 0.000000e+00
 0.000000e+00 0.000000e+00 0.000000e+00 0.000000e+00 0.000000e+00 9.180328e-01 8.196721e-02 0.000000e+00
 0.000000e+00 0.000000e+00 0.000000e+00 0.000000e+00 0.000000e+00 0.000000e+00 6.690307e-01 3.309693e-01
 0.000000e+00 0.000000e+00 0.000000e+00 0.000000e+00 0.000000e+00 0.000000e+00 0.000000e+00 0.000000e+00
<ENDHMM>
