~o
<STREAMINFO> 1 39
<VECSIZE> 39<NULLD><MFCC_D_A_0><DIAGC>
~h "tujuh"
<BEGINHMM>
<NUMSTATES> 6
<STATE> 2
<MEAN> 39
 4.522244e-01 -1.184250e+00 1.415872e+00 1.224790e+01 1.989345e+00 7.212062e-01 -5.731698e+00 3.315597e+00 -1.245691e+00 -1.139276e+01 1.675299e+00 2.975711e+00 5.078574e+01 4.191123e-01 -4.683063e-01 4.563578e-01 5.397910e-01 1.512780e-01 2.252405e-01 -4.619569e-01 -6.912918e-02 2.668799e-01 -2.793623e-01 1.806741e-01 1.565464e-01 5.496908e-01 5.558796e-02 1.029682e-01 -2.498806e-02 -3.695181e-02 6.938338e-02 6.420980e-02 -8.399846e-02 -1.045783e-01 -1.659124e-02 -2.927904e-02 -3.289898e-02 9.072863e-03 -4.646212e-03
<VARIANCE> 39
 3.054990e+01 1.068283e+02 4.646498e+01 7.271012e+01 6.839608e+01 4.195166e+01 6.064223e+01 5.210733e+01 3.547395e+01 6.019346e+01 3.793945e+01 3.286047e+01 4.471950e+01 3.090934e+00 1.616725e+01 4.563067e+00 4.413431e+00 8.450603e+00 4.690544e+00 8.342802e+00 6.187767e+00 3.913772e+00 7.792725e+00 4.996824e+00 3.783279e+00 5.536484e+00 4.858217e-01 3.607629e+00 1.002468e+00 7.880718e-01 1.694816e+00 9.149996e-01 1.479311e+00 1.176173e+00 8.240302e-01 1.505846e+00 9.962150e-01 7.674278e-01 1.029201e+00
<GCONST> 1.464086e+02
<STATE> 3
<MEAN> 39
 -6.872474e+00 -1.356526e+00 1.534042e+00 1.503226e+01 1.588153e+01 3.239146e+00 -8.407995e+00 -2.032018e+00 -3.100242e-01 -1.631395e+00 2.524925e+00 8.807166e-01 6.845341e+01 1.291832e-01 -4.091694e-01 4.253954e-01 3.357188e-01 6.642685e-01 3.962156e-01 -5.908618e-01 -4.377900e-01 -3.006408e-02 -1.700457e-01 5.777158e-02 2.840882e-02 4.412477e-01 9.538701e-02 9.061572e-02 -1.736747e-01 -9.970451e-02 -1.015747e-01 1.839365e-02 2.261882e-02 -1.907836e-02 -1.164921e-01 -6.238534e-02 -4.849176e-02 4.935077e-02 -4.477272e-02
<VARIANCE> 39
 2.502945e+01 5.030958e+01 4.053294e+01 2.384146e+01 3.244387e+01 2.995149e+01 4.497587e+01 4.329201e+01 3.244292e+01 2.216670e+01 1.620117e+01 1.841872e+01 1.468448e+01 3.375128e+00 4.645356e+00 3.498986e+00 2.309452e+00 3.498366e+00 1.929875e+00 5.015622e+00 3.834756e+00 3.605466e+00 2.220159e+00 1.618704e+00 1.075766e+00 1.895669e+00 5.303247e-01 9.493799e-01 7.612564e-01 4.191585e-01 6.865055e-01 4.092870e-01 8.959079e-01 7.525685e-01 5.593408e-01 3.868314e-01 3.330410e-01 2.214773e-01 2.822539e-01
<GCONST> 1.191932e+02
<STATE> 4
<MEAN> 39
 3.126627e+00 -3.368077e+00 4.158162e+00 1.087410e+01 6.559449e+00 7.583817e+00 -1.311233e+01 -2.326111e+00 9.989014e-01 -1.505112e+01 2.955270e-01 5.719026e+00 6.391182e+01 6.982203e-01 1.613218e+00 -1.127501e+00 -1.565261e+00 -1.003482e+00 -3.424964e-01 1.163642e+00 1.432202e+00 -1.227128e-02 -6.442879e-01 -8.946513e-01 1.758738e-01 -4.064852e-01 -4.469402e-01 8.012445e-03 6.119636e-02 1.033206e-02 -1.791443e-01 -3.042661e-01 6.095767e-01 5.171977e-01 2.772659e-01 4.213749e-01 -4.902501e-02 -3.275301e-01 -2.697404e-01
<VARIANCE> 39
 2.049139e+01 3.372594e+01 3.237409e+01 3.706044e+01 9.576868e+01 3.306530e+01 3.427545e+01 9.882323e+01 8.088477e+01 4.253932e+01 2.675883e+01 2.533010e+01 8.439029e+01 1.756466e+00 1.865108e+00 3.118369e+00 2.188280e+00 4.797210e+00 3.097566e+00 4.480948e+00 4.412279e+00 3.512813e+00 3.526691e+00 2.483570e+00 2.681457e+00 8.040808e-01 1.811501e-01 3.000242e-01 5.746894e-01 7.290438e-01 8.964865e-01 4.920035e-01 6.721216e-01 9.838108e-01 8.041764e-01 5.792989e-01 4.859306e-01 4.022155e-01 1.164305e-01
<GCONST> 1.240148e+02
<STATE> 5
<MEAN> 39
 -1.818195e+00 5.677971e+00 -2.347858e+00 5.412527e+00 3.355844e+00 1.290970e+00 -2.223378e+00 3.230977e+00 -1.070777e-01 -6.623143e+00 -3.087925e+00 1.234399e+00 6.037046e+01 -5.137776e-01 2.760802e-01 -2.030595e-01 -2.241169e-01 -4.027017e-01 -2.190508e-01 5.336508e-01 -1.061019e-01 2.547221e-02 6.129180e-01 -1.042683e-01 -1.281921e-01 -5.592609e-01 3.740007e-02 -1.814487e-01 8.852606e-02 2.150805e-02 3.121976e-02 9.717403e-02 -1.955217e-01 -1.652175e-01 -2.440643e-03 -5.630615e-02 1.141209e-01 1.257635e-01 1.290972e-01
<VARIANCE> 39
 3.899146e+01 3.820272e+01 4.602822e+01 5.365810e+01 5.066045e+01 4.385028e+01 5.255797e+01 6.291407e+01 2.712616e+01 3.908721e+01 1.961360e+01 2.409011e+01 1.309506e+02 1.230874e+00 2.174504e+00 2.579907e+00 1.665036e+00 2.616175e+00 3.013373e+00 3.234832e+00 2.859222e+00 2.369407e+00 2.774695e+00 1.945353e+00 2.159740e+00 1.403768e+00 1.887674e-01 2.412978e-01 4.526636e-01 2.836188e-01 4.250921e-01 5.262578e-01 5.896785e-01 5.278566e-01 3.714648e-01 4.711276e-01 4.085183e-01 3.322228e-01 1.748325e-01
<GCONST> 1.177031e+02
<TRANSP> 6
 0.000000e+00 5.625000e-01 4.375000e-01 0.000000e+00 0.000000e+00 0.000000e+00
 0.000000e+00 9.432177e-01 6.309149e-03 5.047318e-02 0.000000e+00 0.000000e+00
 0.000000e+00 0.000000e+00 9.490446e-01 5.095541e-02 0.000000e+00 0.000000e+00
 0.000000e+00 0.000000e+00 0.000000e+00 8.306878e-01 1.534392e-01 1.587302e-02
 0.000000e+00 0.000000e+00 0.000000e+00 0.000000e+00 9.142012e-01 8.579882e-02
 0.000000e+00 0.000000e+00 0.000000e+00 0.000000e+00 0.000000e+00 0.000000e+00
<ENDHMM>
