~o
<STREAMINFO> 1 63
<VECSIZE> 63<NULLD><MFCC_D_A_0><DIAGC>
~h "a"
<BEGINHMM>
<NUMSTATES> 8
<STATE> 2
<MEAN> 63
 -1.419317e+01 3.729331e+00 -3.000108e+00 4.816141e-01 -6.998259e-01 1.352933e+00 2.714516e+00 4.250469e+00 1.486722e+00 2.085608e+00 -2.243174e+00 -3.219755e+00 -5.169715e+00 -2.892939e+00 -6.606702e-01 3.412012e-01 3.753390e-01 -2.652205e-02 1.270558e-01 1.177787e-01 6.125791e+01 -1.385455e-03 1.914492e-02 3.265862e-02 8.689392e-06 -3.242696e-02 -3.288468e-02 2.537635e-02 3.779231e-02 5.775265e-03 -2.630869e-02 -2.146947e-02 -4.815862e-03 2.107299e-02 1.151148e-02 1.923937e-03 -1.445519e-02 -1.351801e-02 -1.275363e-04 3.119683e-04 -4.394962e-04 1.564922e-02 1.005704e-02 -1.674026e-02 3.257145e-02 2.856379e-02 3.516316e-02 2.993231e-02 -1.412441e-02 -1.125997e-02 5.319679e-03 2.913694e-03 4.662786e-03 6.909296e-03 -2.952132e-03 -5.273969e-03 1.702184e-03 1.192669e-03 -9.335031e-03 -8.066733e-03 -3.226177e-03 -4.498588e-03 3.277365e-02
<VARIANCE> 63
 1.596317e+01 2.596122e+00 2.987546e+00 1.843845e+00 3.267456e+00 2.780700e+00 4.429728e+00 4.965094e+00 3.729210e+00 3.084913e+00 3.743694e+00 3.415257e+00 4.791278e+00 2.601955e+00 1.521060e+00 1.083994e+00 6.752711e-01 4.906509e-01 3.307009e-01 1.590863e-01 2.872456e+02 4.590536e-02 9.413414e-02 1.210366e-01 1.738302e-01 2.222745e-01 2.651737e-01 2.884553e-01 3.436801e-01 2.712622e-01 2.447477e-01 2.790371e-01 2.307500e-01 2.177245e-01 1.853008e-01 1.432029e-01 1.156648e-01 7.394089e-02 4.962899e-02 2.774158e-02 1.452043e-02 2.174333e-01 2.066877e-02 2.988825e-02 4.101682e-02 5.152177e-02 6.686171e-02 6.319258e-02 6.018756e-02 7.271395e-02 6.019879e-02 4.942818e-02 6.343973e-02 4.893031e-02 4.389814e-02 3.597807e-02 2.845673e-02 2.150642e-02 1.522937e-02 1.040296e-02 6.095564e-03 3.174340e-03 2.226818e-02
<GCONST> 2.067822e+01
<STATE> 3
<MEAN> 63
 -3.141967e+00 -3.012907e+00 -6.880095e+00 1.515759e+00 4.664886e+00 -3.369887e+00 -5.788552e+00 3.306575e+00 2.665509e-01 6.289757e-02 3.193866e+00 5.484668e+00 -1.382069e+00 8.803710e-02 3.971928e+00 -2.112181e+00 -4.794131e+00 -7.298452e-01 7.747341e-01 -1.020469e+00 7.890910e+01 9.753566e-02 -8.186240e-02 -2.729734e-02 -1.002981e-01 5.897493e-03 -3.115493e-02 -8.109535e-02 -1.631624e-02 3.289299e-02 -8.516041e-03 7.622999e-02 1.354160e-01 9.842609e-02 3.465647e-02 4.665896e-03 -2.797233e-02 -4.824648e-02 -7.307755e-03 1.949175e-02 -9.358678e-03 1.559091e-01 -3.540879e-02 7.744666e-03 1.407831e-02 -2.128155e-02 -1.481187e-02 6.450814e-03 1.296364e-02 -5.966817e-03 1.189674e-03 1.840969e-03 -7.947465e-03 -1.418895e-02 2.664595e-03 7.065754e-04 -9.592186e-03 -5.429597e-04 6.260361e-03 2.792513e-03 3.511367e-04 2.511102e-03 -1.570395e-02
<VARIANCE> 63
 4.559846e+01 2.701966e+01 6.568854e+01 7.925089e+01 4.882075e+01 4.856076e+01 3.819838e+01 3.585398e+01 3.733807e+01 2.014349e+01 3.540697e+01 4.123676e+01 2.411171e+01 2.181934e+01 2.745036e+01 1.233753e+01 7.637746e+00 3.187963e+00 2.303274e+00 1.213647e+00 2.526370e+01 3.730564e+00 2.738476e+00 4.293311e+00 4.696823e+00 3.551050e+00 3.955219e+00 3.534049e+00 2.840999e+00 3.118186e+00 2.029483e+00 2.478743e+00 2.507288e+00 2.418311e+00 1.881018e+00 2.516044e+00 8.753759e-01 6.545052e-01 3.152108e-01 2.217236e-01 1.161764e-01 2.215300e+00 5.567923e-01 5.016853e-01 6.117896e-01 6.765594e-01 6.075510e-01 6.749817e-01 6.647502e-01 5.167472e-01 5.854397e-01 3.979218e-01 4.666551e-01 4.010789e-01 4.850935e-01 3.514331e-01 4.429403e-01 1.613863e-01 1.231925e-01 6.249361e-02 4.400553e-02 2.282667e-02 3.592422e-01
<GCONST> 1.672630e+02
<STATE> 4
<MEAN> 63
 -2.071622e+00 8.399002e-01 -1.551856e+00 3.335028e+00 -2.949008e+00 4.648738e-01 -3.553071e+00 3.516087e+00 1.380573e+00 -8.144563e+00 -1.971730e+00 3.727352e+00 -2.212297e+00 -3.226053e-01 -4.371395e-01 -2.952419e+00 -1.570815e-01 1.112939e+00 -2.270817e-01 -3.414294e-01 5.550669e+01 -2.281728e-03 -5.575416e-05 2.429859e-04 -2.475932e-03 -1.383703e-03 -2.353532e-03 -1.831124e-03 -5.853490e-04 2.501075e-03 -3.587753e-04 -3.022301e-03 -1.511770e-03 4.463754e-04 7.193725e-04 -1.352267e-04 -1.775898e-03 -1.964096e-03 -7.558652e-04 1.133652e-04 7.999555e-05 2.246820e-03 -1.817609e-03 1.067305e-03 8.405221e-04 -2.100521e-04 -5.551765e-04 4.172887e-04 1.506594e-04 9.375406e-05 -4.407909e-05 -1.259771e-04 3.709616e-04 1.002365e-03 7.820258e-04 -2.104165e-05 5.128866e-05 7.042208e-04 6.522267e-04 9.564753e-05 -4.106553e-05 4.568378e-05 1.673386e-03
<VARIANCE> 63
 7.532417e+01 9.827770e+01 7.854812e+01 8.539665e+01 8.068887e+01 5.534642e+01 5.252623e+01 5.988902e+01 8.451717e+01 5.969054e+01 5.136186e+01 5.208614e+01 3.666457e+01 2.420115e+01 2.227573e+01 1.748829e+01 1.055764e+01 4.920218e+00 2.391665e+00 1.443478e+00 6.768842e+01 3.929416e+00 9.087313e+00 7.042559e+00 6.163620e+00 9.698611e+00 5.863190e+00 5.433786e+00 5.461067e+00 6.513827e+00 6.251289e+00 5.261675e+00 5.961724e+00 3.640293e+00 2.474498e+00 2.180624e+00 2.011949e+00 1.037350e+00 5.428550e-01 2.919504e-01 1.637270e-01 4.324260e+00 6.479715e-01 1.707382e+00 1.379243e+00 1.166617e+00 1.975117e+00 1.171284e+00 1.098447e+00 1.077006e+00 1.261020e+00 1.213353e+00 1.014932e+00 1.182667e+00 7.365255e-01 5.115823e-01 4.428537e-01 4.106621e-01 2.069267e-01 1.150535e-01 6.214505e-02 3.369501e-02 8.010491e-01
<GCONST> 2.013784e+02
<STATE> 5
<MEAN> 63
 -7.970942e+00 3.117228e+00 2.264407e+00 4.295913e+00 -8.084339e-01 -4.292380e-01 1.879760e+00 -5.523020e+00 -3.011176e+00 -3.637068e+00 1.338982e+00 1.681240e+00 4.568297e-01 1.110081e+00 2.496261e+00 -1.633084e+00 -1.118546e+00 4.424522e-01 4.176297e-01 -3.616688e-01 7.127946e+01 -2.315171e-02 6.954227e-03 8.421017e-03 -6.787629e-03 -7.452300e-03 3.562752e-03 9.415307e-03 -5.887823e-03 1.662222e-03 -5.301014e-04 -5.780107e-03 -8.762638e-03 -7.688239e-04 -4.133859e-03 -2.894417e-03 -4.455236e-04 3.944601e-03 6.119415e-04 3.850062e-05 3.610279e-04 4.186046e-02 1.918313e-03 -1.374084e-03 -4.981252e-03 1.775592e-03 5.090303e-04 -4.412527e-04 -4.382488e-04 1.183700e-03 -7.170891e-05 -3.393651e-04 -3.011123e-04 -9.371480e-04 -3.307055e-03 -2.372248e-03 9.269433e-04 -4.358052e-04 1.525486e-05 -1.271616e-04 1.094896e-04 2.320554e-04 -4.974488e-03
<VARIANCE> 63
 1.082747e+02 7.536182e+01 5.793736e+01 6.090176e+01 5.803858e+01 5.233145e+01 4.127537e+01 3.992204e+01 3.848497e+01 4.017699e+01 3.391693e+01 4.049395e+01 2.268267e+01 1.497711e+01 1.550519e+01 1.134885e+01 8.197977e+00 3.499117e+00 1.394811e+00 7.822810e-01 1.286265e+02 6.722540e+00 6.312548e+00 4.782724e+00 4.180307e+00 4.987215e+00 3.553567e+00 3.397094e+00 3.021881e+00 3.327541e+00 2.975774e+00 3.063422e+00 4.522679e+00 1.845998e+00 1.317245e+00 1.243462e+00 9.138213e-01 7.576011e-01 3.203625e-01 1.401356e-01 6.994566e-02 5.654991e+00 1.114436e+00 1.157964e+00 8.971871e-01 7.746937e-01 9.929166e-01 7.331851e-01 6.430525e-01 5.973827e-01 6.735643e-01 5.938863e-01 5.865645e-01 9.412969e-01 3.616683e-01 2.683443e-01 2.497438e-01 1.818464e-01 1.567668e-01 6.529541e-02 2.800668e-02 1.413680e-02 1.014749e+00
<GCONST> 1.751125e+02
<STATE> 6
<MEAN> 63
 -4.156888e+00 -9.125384e+00 8.321456e+00 -1.401133e+01 5.772915e+00 -1.518929e+01 1.658019e+01 -1.396938e+01 1.728233e+00 -8.904510e+00 1.073120e+00 -3.368246e+00 -6.010101e-01 -4.761159e+00 -1.322316e+00 -1.231114e+00 -1.268946e+00 -1.182438e+00 -1.440367e+00 -1.071517e+00 8.281546e+01 -1.121764e-02 1.998109e-03 4.512051e-03 -3.438727e-03 -6.036913e-03 4.295547e-03 3.186058e-03 -3.789950e-03 -2.020017e-03 1.347671e-03 -3.564526e-03 -6.897492e-03 -3.645498e-03 -7.415143e-04 -1.534247e-03 1.189408e-03 2.002208e-03 2.090249e-04 -5.627493e-05 7.532743e-04 -6.648250e-03 2.877104e-03 -5.222347e-04 -1.856269e-03 4.491168e-03 2.548031e-03 -4.169358e-04 -1.870045e-03 6.882905e-04 -1.465274e-03 4.759390e-04 -3.015171e-04 4.386146e-04 -1.694050e-03 6.639949e-04 1.501323e-03 6.382608e-04 1.445151e-04 3.814728e-04 3.241076e-05 1.250878e-04 -1.861564e-03
<VARIANCE> 63
 6.306810e+01 4.824242e+01 6.504227e+01 6.837234e+01 1.256629e+02 1.277667e+02 6.777384e+01 7.362133e+01 7.985413e+01 4.583900e+01 7.563731e+01 4.367215e+01 5.101406e+01 3.600941e+01 2.503338e+01 1.530059e+01 1.084438e+01 7.198123e+00 4.669531e+00 2.547964e+00 6.808947e+01 4.160982e+00 5.096955e+00 4.831830e+00 4.973076e+00 7.988688e+00 6.919467e+00 4.910022e+00 5.916524e+00 6.054887e+00 3.759653e+00 5.458978e+00 4.086871e+00 4.277349e+00 2.814223e+00 2.041483e+00 1.211530e+00 8.966757e-01 5.527816e-01 3.656115e-01 1.991176e-01 5.294172e+00 6.890092e-01 9.297621e-01 7.858644e-01 8.585243e-01 1.326484e+00 1.305660e+00 9.435298e-01 1.136867e+00 1.166538e+00 7.501240e-01 1.030655e+00 7.783763e-01 8.155633e-01 5.067450e-01 3.830055e-01 2.421086e-01 1.809508e-01 1.070382e-01 6.978985e-02 3.811974e-02 9.619324e-01
<GCONST> 1.990687e+02
<STATE> 7
<MEAN> 63
 -9.775337e+00 2.621302e+00 -2.932002e+00 -2.716642e+00 -3.488846e+00 -6.212079e+00 -2.888486e+00 -3.778547e+00 -8.925152e-01 -5.785406e+00 -1.770531e+00 -1.949915e+00 2.815697e-01 -1.202021e+00 -1.660613e-01 -1.694626e+00 -8.404089e-01 -3.581221e-01 -7.921813e-02 -6.571138e-01 7.368011e+01 -1.675140e-02 2.303675e-02 -2.487386e-03 4.491259e-02 1.005314e-02 7.164563e-03 1.629595e-02 8.982061e-03 -1.188756e-02 1.530721e-03 -1.974517e-02 -3.492694e-02 -3.161813e-02 -1.056981e-02 2.029401e-03 1.002720e-02 1.336701e-02 1.722499e-03 -6.552332e-03 2.032568e-03 -4.648238e-02 8.024960e-03 -5.666860e-06 -2.199049e-03 2.428008e-03 1.753055e-03 -3.647029e-03 -2.523846e-03 2.157629e-03 9.893461e-04 -1.117680e-03 2.309991e-03 3.555397e-03 2.164122e-03 1.000274e-03 1.861930e-03 -2.013637e-04 -1.552063e-03 -4.942489e-04 -9.548722e-05 -6.440856e-04 4.090535e-03
<VARIANCE> 63
 6.035680e+01 3.032393e+01 3.349022e+01 3.581806e+01 4.429044e+01 3.719617e+01 3.334927e+01 2.279521e+01 3.258295e+01 3.314591e+01 2.140252e+01 1.678326e+01 1.980487e+01 1.070210e+01 8.045771e+00 7.021143e+00 4.385443e+00 2.899197e+00 1.547417e+00 7.330762e-01 6.712878e+01 2.505526e+00 1.610611e+00 1.780546e+00 1.946509e+00 2.170902e+00 2.024705e+00 1.638526e+00 1.415505e+00 2.152763e+00 1.754615e+00 1.385200e+00 1.287184e+00 1.038784e+00 7.563660e-01 5.622638e-01 4.748802e-01 3.485410e-01 1.820571e-01 1.057077e-01 5.598238e-02 1.842038e+00 3.752344e-01 2.924296e-01 2.891359e-01 3.077387e-01 3.662757e-01 3.794398e-01 3.100631e-01 2.753383e-01 4.094036e-01 3.288333e-01 2.605402e-01 2.271399e-01 1.820927e-01 1.449558e-01 1.091328e-01 8.448610e-02 6.356952e-02 3.396500e-02 2.079306e-02 1.116844e-02 2.622415e-01
<GCONST> 1.335315e+02
<TRANSP> 8
 0.000000e+00 1.000000e+00 0.000000e+00 0.000000e+00 0.000000e+00 0.000000e+00 0.000000e+00 0.000000e+00
 0.000000e+00 9.381033e-01 5.055382e-02 1.134297e-02 0.000000e+00 0.000000e+00 0.000000e+00 0.000000e+00
 0.000000e+00 0.000000e+00 9.872516e-01 0.000000e+00 1.274844e-02 0.000000e+00 0.000000e+00 0.000000e+00
 0.000000e+00 0.000000e+00 0.000000e+00 9.982226e-01 1.366078e-03 4.113164e-04 0.000000e+00 0.000000e+00
 0.000000e+00 0.000000e+00 0.000000e+00 0.000000e+00 9.923771e-01 7.622886e-03 0.000000e+00 0.000000e+00
 0.000000e+00 0.000000e+00 0.000000e+00 0.000000e+00 0.000000e+00 9.918688e-01 8.131253e-03 0.000000e+00
 0.000000e+00 0.000000e+00 0.000000e+00 0.000000e+00 0.000000e+00 0.000000e+00 9.946626e-01 5.337411e-03
 0.000000e+00 0.000000e+00 0.000000e+00 0.000000e+00 0.000000e+00 0.000000e+00 0.000000e+00 0.000000e+00
<ENDHMM>
