~o
<STREAMINFO> 1 39
<VECSIZE> 39<NULLD><MFCC_D_A_0><DIAGC>
~h "bagi"
<BEGINHMM>
<NUMSTATES> 6
<STATE> 2
<MEAN> 39
 9.118004e-01 5.328686e+00 -2.243964e+00 6.660747e+00 3.557908e+00 -2.558212e+00 -1.446258e+00 8.197952e+00 1.169695e+00 -4.913428e+00 -2.957085e+00 -1.837908e-01 5.607513e+01 1.444612e+00 -3.101086e-01 -5.586656e-01 1.493680e-01 -4.234057e-01 -1.166701e+00 -8.907987e-01 1.536749e-01 -6.724385e-01 -9.069927e-01 3.863118e-01 4.124694e-01 1.022025e+00 -8.449295e-03 -4.261306e-01 5.278283e-02 -1.689315e-01 -2.603342e-01 -2.848760e-02 -1.210461e-01 -1.177817e-01 2.394943e-02 2.298032e-02 2.698882e-01 3.239477e-01 2.292362e-01
<VARIANCE> 39
 6.323792e+01 3.904261e+01 3.678107e+01 4.706313e+01 4.454827e+01 8.103542e+01 3.250319e+01 4.449421e+01 5.153542e+01 5.523290e+01 4.309527e+01 4.131088e+01 1.276536e+02 2.356484e+00 6.788229e+00 4.877103e+00 3.600994e+00 5.167512e+00 8.937688e+00 4.127399e+00 3.170420e+00 4.979462e+00 3.515107e+00 6.087692e+00 5.749376e+00 2.703735e+00 4.988137e-01 6.230398e-01 9.775335e-01 4.822402e-01 8.109939e-01 1.754425e+00 6.710088e-01 6.168000e-01 1.064479e+00 6.289476e-01 9.399650e-01 7.678760e-01 4.310367e-01
<GCONST> 1.381367e+02
<STATE> 3
<MEAN> 39
 2.354866e+00 -2.077683e+00 -8.652569e+00 2.958391e+00 4.745632e+00 -8.295126e+00 -1.032516e+01 1.094709e+00 -6.880988e+00 1.768541e+00 1.154924e+01 9.310145e+00 7.273512e+01 -3.744964e-01 2.046870e-01 2.949406e-01 3.788497e-01 1.127713e-01 4.827057e-01 2.878355e-01 -3.354318e-01 4.941223e-02 3.863481e-02 -1.831131e-02 1.173981e-01 -3.850004e-01 -1.594327e-01 3.315792e-03 2.328735e-01 1.530689e-01 1.337494e-01 1.087841e-01 1.082986e-01 3.267532e-02 2.072593e-02 -3.607216e-02 -1.841002e-01 -2.356290e-01 -6.494222e-02
<VARIANCE> 39
 8.649062e+00 2.125118e+01 9.046325e+00 1.422530e+01 1.628989e+01 2.696806e+01 3.438034e+01 2.210144e+01 2.156861e+01 3.310079e+01 2.673366e+01 1.161500e+01 2.904958e+01 4.139622e-01 1.655377e+00 1.217444e+00 7.837417e-01 9.503245e-01 2.359738e+00 2.106711e+00 1.334385e+00 1.998387e+00 1.469551e+00 1.910258e+00 1.942662e+00 6.397239e-01 7.060912e-02 3.115490e-01 2.010981e-01 2.046168e-01 2.442610e-01 4.970599e-01 4.567433e-01 2.693228e-01 4.165725e-01 2.733008e-01 2.828287e-01 3.685833e-01 1.420614e-01
<GCONST> 9.590621e+01
<STATE> 4
<MEAN> 39
 2.660159e+00 -9.132960e-01 2.142141e+00 1.628861e+01 7.302828e+00 -4.379516e-01 -6.227876e+00 6.820817e+00 -4.948543e-01 -1.000666e+01 4.446668e+00 4.896253e-01 5.337252e+01 -5.016707e-01 -1.809661e-01 3.170659e-01 4.397364e-01 7.900327e-01 9.490830e-02 -3.676715e-01 -2.341429e-01 4.657261e-02 5.108756e-01 2.904960e-01 -3.266416e-01 -1.968299e-01 1.792995e-02 8.029302e-02 -1.125082e-01 -5.486266e-02 -3.311574e-02 -1.251959e-01 7.851768e-02 2.988568e-02 -2.666686e-02 7.758598e-02 -9.748899e-02 -5.711488e-02 -3.480957e-02
<VARIANCE> 39
 2.393837e+01 3.938776e+01 4.502679e+01 7.569402e+01 5.785158e+01 4.956391e+01 6.848485e+01 3.232792e+01 3.008504e+01 7.409338e+01 3.527128e+01 4.108184e+01 3.703402e+01 2.424018e+00 4.868889e+00 4.876533e+00 5.548320e+00 4.306273e+00 6.695371e+00 7.279057e+00 3.625741e+00 4.152159e+00 6.913234e+00 4.245395e+00 4.101551e+00 2.850658e+00 3.765635e-01 9.088037e-01 8.990437e-01 1.004476e+00 8.089055e-01 1.289834e+00 1.451793e+00 7.630041e-01 8.824578e-01 1.465316e+00 8.669371e-01 7.891844e-01 4.993178e-01
<GCONST> 1.387397e+02
<STATE> 5
<MEAN> 39
 -5.862419e+00 -3.401803e+00 1.760448e+00 1.462718e+01 1.342238e+01 -3.215902e+00 -9.991858e+00 -1.367166e-01 -4.911743e+00 6.012501e-01 5.073331e+00 6.932327e-01 6.850864e+01 -4.127943e-01 1.057797e-01 2.475412e-01 -1.201288e-01 2.340446e-01 4.265155e-01 4.921562e-02 -1.938125e-01 2.547952e-01 2.584446e-02 -3.716881e-01 -4.920863e-01 -1.456169e-01 5.095312e-02 1.267492e-01 -1.271436e-01 -2.113084e-01 -1.273152e-01 1.011856e-01 5.487723e-02 -5.892322e-02 1.888094e-02 -2.204937e-02 6.189562e-03 7.069584e-02 -1.456218e-02
<VARIANCE> 39
 1.850708e+01 1.533720e+01 2.667325e+01 3.464021e+01 2.550392e+01 2.723367e+01 2.790145e+01 2.258623e+01 2.820402e+01 1.840614e+01 1.868780e+01 1.024238e+01 3.595771e+01 1.340047e+00 1.918065e+00 2.527457e+00 4.208734e+00 3.896134e+00 2.239061e+00 4.057576e+00 2.004836e+00 2.577069e+00 1.533338e+00 1.915384e+00 1.669493e+00 8.822299e-01 2.002184e-01 2.994346e-01 3.088456e-01 4.286939e-01 4.820457e-01 3.988959e-01 6.174190e-01 4.160693e-01 4.955582e-01 2.820568e-01 3.865653e-01 3.355618e-01 1.324991e-01
<GCONST> 1.083390e+02
<TRANSP> 6
 0.000000e+00 9.249986e-01 7.500145e-02 0.000000e+00 0.000000e+00 0.000000e+00
 0.000000e+00 8.775498e-01 1.224502e-01 0.000000e+00 0.000000e+00 0.000000e+00
 0.000000e+00 0.000000e+00 8.899850e-01 1.100151e-01 0.000000e+00 0.000000e+00
 0.000000e+00 0.000000e+00 0.000000e+00 9.010083e-01 9.899167e-02 0.000000e+00
 0.000000e+00 0.000000e+00 0.000000e+00 0.000000e+00 8.658509e-01 1.341491e-01
 0.000000e+00 0.000000e+00 0.000000e+00 0.000000e+00 0.000000e+00 0.000000e+00
<ENDHMM>
