~o
<STREAMINFO> 1 39
<VECSIZE> 39<NULLD><PLP_D_A_0><DIAGC>
~h "delapan"
<BEGINHMM>
<NUMSTATES> 8
<STATE> 2
<MEAN> 39
 -2.375349e-01 -6.966204e-01 -7.273539e-01 3.539921e-02 -3.405570e-01 -7.837559e-01 -8.540828e-01 -8.811975e-01 -5.552586e-01 -6.220093e-01 -1.575480e-01 2.916360e-01 4.916957e+00 1.517605e-01 -5.846699e-02 -3.248467e-02 -8.819822e-02 -1.578572e-01 -6.691031e-02 -8.375186e-03 1.517278e-02 5.038641e-02 -2.132382e-03 2.537038e-02 8.542269e-02 1.659478e-01 -2.784119e-02 -5.022792e-03 -1.456983e-02 -4.301268e-02 -4.616470e-02 5.115159e-03 5.249969e-02 4.882949e-02 4.997504e-02 2.957300e-02 7.196886e-03 2.144900e-03 -1.709045e-02
<VARIANCE> 39
 3.084508e-01 4.794696e-01 3.699481e-01 5.086163e-01 4.714808e-01 4.734250e-01 3.929959e-01 4.081490e-01 4.552155e-01 3.294846e-01 5.176820e-01 2.212826e-01 1.056078e+00 2.929006e-02 4.829452e-02 5.430060e-02 5.075043e-02 6.386116e-02 4.760518e-02 5.251153e-02 5.171083e-02 5.079114e-02 3.891357e-02 4.202463e-02 2.815181e-02 2.568051e-02 5.825548e-03 9.228145e-03 8.834803e-03 6.319683e-03 8.895103e-03 8.490430e-03 9.651731e-03 9.854985e-03 9.918339e-03 7.079010e-03 7.916296e-03 5.978544e-03 5.085554e-03
<GCONST> -4.321074e+01
<STATE> 3
<MEAN> 39
 3.011044e-02 -1.212605e+00 -9.520168e-01 -1.091154e+00 -1.264601e+00 -1.167888e+00 4.352698e-02 -4.147061e-01 7.747823e-02 -3.280980e-01 7.764506e-02 5.444201e-01 5.849760e+00 -5.292937e-02 8.107431e-02 -4.688977e-02 -2.423922e-02 -2.773216e-02 -5.459521e-03 8.713982e-02 1.158022e-01 5.601444e-02 2.207519e-03 -3.769138e-02 -3.803616e-02 -1.168846e-01 -4.460939e-02 4.630566e-02 9.118318e-03 3.593549e-02 7.396011e-02 5.695052e-03 -3.629583e-02 -1.735423e-02 -5.066493e-02 -2.049696e-02 -8.526924e-03 -2.469114e-02 -7.065141e-02
<VARIANCE> 39
 5.467298e-02 5.600421e-01 5.038702e-01 5.891237e-01 3.869765e-01 7.132316e-01 9.531981e-01 5.136915e-01 3.640094e-01 3.378220e-01 2.812690e-01 1.587701e-01 8.517278e-01 1.128811e-02 3.398706e-02 1.739224e-02 2.350890e-02 4.781954e-02 2.613108e-02 3.479979e-02 2.172244e-02 4.245156e-02 2.415830e-02 1.599285e-02 1.644988e-02 3.911045e-02 2.049255e-03 4.290967e-03 4.540218e-03 4.146206e-03 6.473893e-03 6.587358e-03 4.549910e-03 4.301765e-03 6.230338e-03 4.286842e-03 3.755793e-03 4.016746e-03 4.059942e-03
<GCONST> -5.886194e+01
<STATE> 4
<MEAN> 39
 -7.298240e-01 -4.472844e-01 -9.495351e-01 -8.919006e-01 -8.022009e-01 -1.043857e+00 -1.558906e-01 -2.195492e-01 -2.017776e-01 -4.344174e-01 6.320864e-03 2.367072e-01 4.584157e+00 -5.139327e-03 -5.717548e-02 -2.505228e-02 -1.972896e-02 5.168261e-03 -1.866988e-02 3.944242e-03 3.229493e-03 -1.202687e-02 8.901061e-03 2.996839e-02 -1.177567e-02 3.975390e-02 8.309757e-02 -6.993350e-02 -1.420362e-03 -1.123440e-02 -5.253453e-02 -5.348191e-03 1.881781e-02 -1.691980e-02 2.926346e-02 5.784221e-03 3.717976e-03 2.726436e-02 1.211914e-01
<VARIANCE> 39
 2.665286e-01 3.507249e-01 4.400825e-01 5.085188e-01 3.225588e-01 2.307803e-01 4.621497e-01 3.047051e-01 1.403657e-01 1.451196e-01 1.288259e-01 1.103233e-01 8.613012e-01 7.381458e-02 3.857935e-02 1.888590e-02 2.462908e-02 5.083117e-02 3.172527e-02 1.742042e-02 2.447100e-02 2.950283e-02 1.278383e-02 1.251791e-02 1.601811e-02 1.039480e-01 7.401091e-03 4.910380e-03 4.641189e-03 5.156682e-03 7.931554e-03 7.039165e-03 3.168318e-03 4.848802e-03 5.465055e-03 3.218170e-03 2.771585e-03 2.738909e-03 7.677565e-03
<GCONST> -6.077639e+01
<STATE> 5
<MEAN> 39
 8.083853e-02 -1.244802e+00 -1.055403e+00 -1.237638e+00 -1.186783e+00 -1.103058e+00 1.784586e-01 -4.380183e-01 4.240236e-02 -3.513114e-01 1.649172e-01 5.032181e-01 6.029129e+00 4.805072e-02 4.051829e-02 6.565707e-02 7.363040e-02 1.087078e-01 2.694649e-02 -4.180731e-02 -6.070260e-02 -2.256100e-02 -1.817409e-02 -4.156159e-02 -1.580116e-02 3.047225e-02 -5.401028e-02 8.656000e-02 3.170057e-02 5.344125e-02 8.318181e-02 -1.009718e-02 -4.457070e-02 1.637430e-03 -2.861205e-02 -2.306408e-02 -4.686493e-02 -4.454420e-02 -1.005543e-01
<VARIANCE> 39
 5.915506e-02 5.088560e-01 3.758344e-01 6.917517e-01 5.534399e-01 6.146019e-01 8.414822e-01 7.109759e-01 2.731141e-01 2.291062e-01 2.688031e-01 1.286984e-01 8.033795e-01 2.000876e-02 4.956396e-02 2.745620e-02 3.121551e-02 6.486055e-02 3.267476e-02 2.790625e-02 2.373879e-02 3.512153e-02 1.811222e-02 3.506229e-02 2.394941e-02 5.623428e-02 2.850623e-03 4.197553e-03 5.173230e-03 4.219324e-03 9.079617e-03 7.460654e-03 3.716479e-03 5.538804e-03 6.095661e-03 3.856400e-03 6.182338e-03 4.123693e-03 3.734084e-03
<GCONST> -5.517682e+01
<STATE> 6
<MEAN> 39
 -1.792247e-01 -1.180582e-01 -4.378008e-01 -1.371904e-01 9.427526e-02 -1.174423e+00 -5.401629e-01 -5.493046e-01 -3.278318e-01 -7.638502e-01 -6.238847e-01 -1.280269e-01 5.031885e+00 -8.850122e-02 1.607217e-01 7.185648e-02 9.829047e-02 1.438750e-01 2.231339e-03 -5.292385e-02 2.103945e-02 -2.907342e-02 -5.445544e-02 -1.130543e-01 -1.080347e-01 -1.546747e-01 -3.637967e-03 -7.594958e-02 -4.755408e-02 -7.939364e-02 -8.611533e-02 2.786820e-02 4.777304e-02 -1.785949e-03 3.311223e-03 3.060126e-02 7.716426e-02 5.073608e-02 3.625806e-02
<VARIANCE> 39
 8.839875e-02 2.936431e-01 4.177760e-01 6.824101e-01 2.999412e-01 7.818684e-01 4.205062e-01 6.500790e-01 2.086605e-01 2.139203e-01 2.724152e-01 2.169434e-01 8.266699e-01 6.701878e-03 2.624599e-02 2.355407e-02 3.382846e-02 4.490890e-02 3.699574e-02 2.615461e-02 2.179636e-02 2.088473e-02 2.102093e-02 3.633763e-02 2.256664e-02 9.254436e-03 1.591392e-03 3.979336e-03 4.222138e-03 3.689348e-03 5.865435e-03 8.455204e-03 4.707152e-03 5.526282e-03 5.553102e-03 3.999919e-03 5.209664e-03 4.623145e-03 2.027219e-03
<GCONST> -6.233240e+01
<STATE> 7
<MEAN> 39
 -4.378121e-01 -5.732538e-01 -6.619951e-01 -8.572444e-01 -4.126671e-01 -1.099904e+00 -2.388076e-01 -7.052116e-01 -3.864251e-01 -6.488069e-01 -1.513288e-01 2.147435e-01 5.196787e+00 -2.184368e-02 -1.557690e-01 -6.130128e-02 -1.006382e-01 -1.310368e-01 2.508282e-02 3.451844e-02 -1.798985e-02 9.260127e-03 6.111861e-02 1.253999e-01 8.588991e-02 6.375001e-02 1.011489e-02 -2.804291e-03 8.869326e-03 7.626016e-03 -1.777460e-04 -1.435521e-02 -8.597548e-03 3.239447e-03 1.188577e-02 1.441438e-03 -9.131208e-03 -2.368943e-03 1.703165e-02
<VARIANCE> 39
 5.380750e-01 6.089120e-01 4.704499e-01 8.206289e-01 6.411982e-01 5.043334e-01 7.638000e-01 5.912486e-01 3.996896e-01 3.248861e-01 2.994064e-01 2.423734e-01 1.153574e+00 3.099852e-02 3.462740e-02 4.200275e-02 3.016483e-02 4.550306e-02 4.615808e-02 2.499507e-02 3.579708e-02 3.988459e-02 2.688630e-02 2.969892e-02 2.378039e-02 2.497170e-02 5.594395e-03 8.081870e-03 7.592181e-03 5.643438e-03 9.311516e-03 7.175896e-03 4.335477e-03 6.816764e-03 6.866222e-03 4.843123e-03 6.352990e-03 4.510072e-03 4.041919e-03
<GCONST> -4.769960e+01
<TRANSP> 8
 0.000000e+00 7.060742e-01 2.939258e-01 0.000000e+00 0.000000e+00 0.000000e+00 0.000000e+00 0.000000e+00
 0.000000e+00 7.681406e-01 2.318595e-01 0.000000e+00 0.000000e+00 0.000000e+00 0.000000e+00 0.000000e+00
 0.000000e+00 0.000000e+00 7.665026e-01 2.191112e-01 1.438623e-02 0.000000e+00 0.000000e+00 0.000000e+00
 0.000000e+00 0.000000e+00 0.000000e+00 7.988595e-01 2.011405e-01 0.000000e+00 0.000000e+00 0.000000e+00
 0.000000e+00 0.000000e+00 0.000000e+00 0.000000e+00 8.042716e-01 1.957285e-01 0.000000e+00 0.000000e+00
 0.000000e+00 0.000000e+00 0.000000e+00 0.000000e+00 0.000000e+00 7.631231e-01 2.368769e-01 0.000000e+00
 0.000000e+00 0.000000e+00 0.000000e+00 0.000000e+00 0.000000e+00 0.000000e+00 8.034773e-01 1.965227e-01
 0.000000e+00 0.000000e+00 0.000000e+00 0.000000e+00 0.000000e+00 0.000000e+00 0.000000e+00 0.000000e+00
<ENDHMM>
