~o
<STREAMINFO> 1 39
<VECSIZE> 39<NULLD><MFCC_D_A_0><DIAGC>
~h "kali"
<BEGINHMM>
<NUMSTATES> 6
<STATE> 2
<MEAN> 39
 -3.265899e+00 -1.521839e+00 1.108145e+00 3.590614e+00 1.686195e-01 -2.608829e+00 -2.174358e+00 -4.221845e+00 -2.393994e+00 -6.737481e+00 2.338507e+00 2.108264e+00 6.152066e+01 4.237517e-01 4.483755e-02 -1.254439e-01 1.627408e-02 -4.422013e-02 -2.673898e-01 -1.895305e-01 7.794402e-02 2.322343e-01 9.984185e-02 -9.985781e-02 -4.038764e-03 4.046880e-01 -2.709198e-02 1.389291e-02 -6.884238e-03 -5.511054e-02 -4.488311e-02 8.388193e-04 2.687313e-02 5.038849e-02 6.410955e-02 -1.522908e-02 -1.025389e-02 3.814011e-02 -9.156205e-03
<VARIANCE> 39
 9.196460e+01 6.115293e+01 8.379968e+01 1.576359e+02 8.726421e+01 7.178693e+01 9.625254e+01 3.964951e+01 5.160743e+01 5.901190e+01 3.219618e+01 3.444380e+01 9.379610e+01 4.992389e+00 5.433890e+00 4.983180e+00 5.233695e+00 4.918252e+00 5.973266e+00 5.252572e+00 3.773157e+00 5.729183e+00 3.347278e+00 3.383431e+00 3.155013e+00 3.214371e+00 6.519869e-01 9.822160e-01 8.109437e-01 8.381525e-01 8.760242e-01 1.159102e+00 1.062883e+00 7.111599e-01 1.093252e+00 6.319172e-01 6.236902e-01 5.376499e-01 5.247128e-01
<GCONST> 1.425782e+02
<STATE> 3
<MEAN> 39
 3.175090e+00 -4.447679e+00 -5.285955e+00 -1.228620e+01 -6.875064e+00 -1.171557e+01 6.867911e+00 -7.390590e+00 1.967279e-01 -8.539960e+00 -6.436819e-01 -1.848340e-01 8.051780e+01 3.048512e-02 2.894432e-01 4.612433e-01 7.176067e-01 4.174376e-01 -2.523672e-01 -3.055268e-01 -4.403784e-01 -8.979682e-01 -3.795170e-01 -5.972171e-02 1.760948e-01 -2.925883e-01 -8.181341e-02 3.537909e-02 1.210094e-01 1.341471e-01 1.568958e-01 1.350272e-02 -2.729353e-02 -6.027330e-02 -1.234555e-01 -1.914869e-02 2.230603e-02 -9.210651e-02 -6.717928e-02
<VARIANCE> 39
 2.844736e+00 1.045383e+02 3.869337e+01 3.529818e+01 4.092133e+01 4.014997e+01 1.817371e+02 6.462537e+01 5.587066e+01 4.104374e+01 6.043177e+01 7.521698e+01 1.662520e+01 2.072709e-01 3.484079e-01 7.412739e-01 1.068758e+00 1.183562e+00 1.464760e+00 1.343171e+00 1.517373e+00 2.657650e+00 1.437392e+00 1.745197e+00 1.829922e+00 2.070200e-01 5.960388e-02 7.701967e-02 1.284526e-01 1.569313e-01 1.846396e-01 2.556101e-01 3.051390e-01 2.737772e-01 3.918251e-01 2.514013e-01 3.056364e-01 3.227068e-01 3.282532e-02
<GCONST> 9.679104e+01
<STATE> 4
<MEAN> 39
 -4.061751e-02 1.124703e+00 -1.843786e+00 1.161732e+01 7.768477e+00 -4.997683e+00 -7.840353e+00 4.282138e-01 -3.181640e+00 -3.579008e+00 2.260691e+00 2.001673e+00 6.199252e+01 -2.175924e-01 7.171921e-02 3.427127e-01 1.220294e-01 1.172198e-01 1.135394e-01 5.317495e-02 1.339242e-01 2.610601e-01 6.903677e-03 -2.664983e-01 -2.387251e-01 -1.171842e-01 -1.478842e-02 -2.039395e-02 3.040498e-03 -6.163084e-02 -6.904098e-02 6.056251e-02 5.322603e-02 -1.428639e-02 6.362164e-02 3.308799e-03 4.816025e-03 4.073668e-02 1.585648e-02
<VARIANCE> 39
 4.417730e+01 6.767269e+01 5.401945e+01 6.195639e+01 4.796548e+01 4.246170e+01 3.851254e+01 3.528344e+01 4.999401e+01 3.415068e+01 4.774354e+01 3.171289e+01 1.222972e+02 1.446714e+00 2.766533e+00 2.507966e+00 2.927825e+00 3.577559e+00 2.111742e+00 3.313028e+00 2.006050e+00 2.542147e+00 1.727087e+00 2.079562e+00 1.929839e+00 1.255553e+00 1.757667e-01 4.386023e-01 3.734984e-01 3.573932e-01 4.545963e-01 4.049001e-01 6.164788e-01 3.567313e-01 4.658190e-01 3.101366e-01 3.974573e-01 3.190954e-01 1.700966e-01
<GCONST> 1.190400e+02
<STATE> 5
<MEAN> 39
 -6.841460e+00 -4.022543e-01 5.273947e+00 1.962063e+00 3.883630e+00 -1.634078e+01 -1.410920e+00 -1.205067e+01 -5.360791e+00 -9.775280e+00 -4.231630e+00 -5.768232e+00 7.170023e+01 -3.455893e-01 3.399897e-02 9.490004e-02 -8.259618e-02 1.550414e-01 6.113786e-02 -5.416188e-02 1.684000e-01 3.485639e-01 2.125286e-01 1.310510e-01 -3.664740e-02 -1.924355e-01 3.763537e-02 -4.171576e-03 -2.456248e-02 -4.965298e-02 -5.890102e-02 -4.810254e-03 2.207755e-02 4.040343e-02 1.999736e-02 2.416073e-02 -8.620019e-03 3.155231e-02 1.490789e-02
<VARIANCE> 39
 4.474619e+01 7.377853e+01 8.026217e+01 6.120509e+01 5.314004e+01 1.330278e+02 1.005174e+02 7.757558e+01 3.624723e+01 2.664678e+01 3.201017e+01 2.138357e+01 6.318408e+01 1.188017e+00 1.165258e+00 1.238878e+00 2.313284e+00 1.882524e+00 4.275735e+00 2.139566e+00 2.297626e+00 2.411867e+00 1.498072e+00 2.765421e+00 1.762946e+00 8.944610e-01 1.516384e-01 1.881069e-01 1.455858e-01 2.418406e-01 2.549982e-01 6.130809e-01 3.487014e-01 4.179852e-01 4.741474e-01 3.104534e-01 4.790072e-01 2.988780e-01 1.315908e-01
<GCONST> 1.148922e+02
<TRANSP> 6
 0.000000e+00 8.600727e-01 1.399272e-01 0.000000e+00 0.000000e+00 0.000000e+00
 0.000000e+00 9.259962e-01 3.874040e-02 3.526343e-02 0.000000e+00 0.000000e+00
 0.000000e+00 0.000000e+00 9.339572e-01 2.239414e-02 4.364870e-02 0.000000e+00
 0.000000e+00 0.000000e+00 0.000000e+00 9.164912e-01 5.069312e-34 8.350887e-02
 0.000000e+00 0.000000e+00 0.000000e+00 0.000000e+00 9.691848e-01 3.081528e-02
 0.000000e+00 0.000000e+00 0.000000e+00 0.000000e+00 0.000000e+00 0.000000e+00
<ENDHMM>
