~o
<STREAMINFO> 1 39
<VECSIZE> 39<NULLD><PLP_D_A_0><DIAGC>
~h "kurang"
<BEGINHMM>
<NUMSTATES> 8
<STATE> 2
<MEAN> 39
 -3.638685e-01 -7.251768e-01 4.510141e-01 -1.359347e+00 -1.618864e+00 -2.024904e+00 -2.781226e-01 -1.790743e-01 -3.076807e-01 -4.138837e-01 -1.537241e-01 1.649350e-01 5.466603e+00 1.421461e-01 -3.051661e-02 -5.533299e-02 5.641541e-02 1.638235e-02 -6.114632e-02 -6.373668e-02 -8.447364e-03 -7.584847e-02 -7.638182e-02 -7.331697e-02 3.465023e-03 1.051183e-01 -2.305216e-02 -2.967668e-02 -7.738394e-02 -1.793092e-02 7.709965e-02 6.167350e-02 6.475918e-03 -3.203832e-02 1.314704e-02 1.359914e-02 2.355765e-02 1.998255e-02 -4.397896e-03
<VARIANCE> 39
 2.462810e-01 2.691670e-01 1.481473e+00 7.324427e-01 5.570909e-01 1.750233e+00 8.871430e-01 2.634901e-01 2.630003e-01 5.126824e-01 2.230222e-01 1.789684e-01 4.893859e-01 2.395857e-02 2.289032e-02 6.314046e-02 3.397687e-02 3.953210e-02 7.491489e-02 2.985483e-02 3.305703e-02 2.492482e-02 3.235921e-02 1.880258e-02 1.779744e-02 1.131901e-02 4.496018e-03 4.138382e-03 5.644900e-03 6.757553e-03 5.319374e-03 9.354925e-03 2.896677e-03 5.555425e-03 6.187121e-03 7.023080e-03 4.786806e-03 3.993405e-03 2.752145e-03
<GCONST> -5.319109e+01
<STATE> 3
<MEAN> 39
 -4.870302e-02 -9.884016e-01 -6.131178e-01 -1.435499e+00 -8.816862e-01 -1.373746e+00 -4.608797e-01 -7.597852e-01 -3.331034e-01 -7.606993e-01 -1.474108e-01 4.215266e-01 5.625095e+00 3.567400e-02 -9.927816e-02 -2.607545e-01 -6.954084e-02 2.807052e-01 1.961834e-01 -2.056195e-02 -1.353457e-01 7.459279e-02 1.159626e-01 1.214359e-01 1.452885e-01 3.391910e-02 -1.228476e-02 -4.982960e-03 4.332673e-02 5.250095e-03 -5.726830e-02 -2.839466e-02 6.847651e-02 5.685369e-02 3.383934e-02 4.955671e-02 1.360747e-02 -6.811372e-03 -7.819531e-03
<VARIANCE> 39
 6.459405e-02 2.351012e-01 4.956255e-01 1.020478e+00 4.664828e-01 9.097112e-01 1.969349e+00 3.045987e-01 3.865342e-01 3.288075e-01 3.057586e-01 2.031639e-01 7.198763e-01 4.008379e-03 1.301492e-02 1.540139e-02 1.909814e-02 2.669104e-02 2.549037e-02 2.222585e-02 2.360430e-02 3.321095e-02 1.595323e-02 3.299835e-02 1.632210e-02 2.602672e-03 1.348849e-03 3.653767e-03 3.357264e-03 2.633859e-03 8.825681e-03 7.978799e-03 8.229286e-03 6.491280e-03 3.931710e-03 3.694721e-03 7.992899e-03 6.083229e-03 1.168631e-03
<GCONST> -6.466686e+01
<STATE> 4
<MEAN> 39
 5.670756e-02 -1.438536e+00 -1.288712e+00 -1.373511e+00 -5.210497e-01 -1.226559e+00 -3.100303e-01 -4.458679e-01 6.955005e-04 -7.216936e-02 2.476747e-01 6.708114e-01 5.937430e+00 1.369558e-02 -1.101422e-01 9.028408e-03 1.117117e-02 -1.029758e-01 4.685622e-02 2.851259e-01 1.390213e-01 9.065455e-02 4.574098e-02 -1.526551e-02 -4.076052e-03 6.840270e-02 -2.245254e-02 6.375612e-02 7.241990e-02 3.301255e-02 -3.804183e-02 -1.197425e-02 2.193718e-02 2.004287e-02 -4.331475e-02 -6.195980e-02 -5.315242e-02 -5.512693e-02 -3.150320e-02
<VARIANCE> 39
 6.176512e-02 3.595626e-01 4.161011e-01 8.337581e-01 2.637095e-01 6.431818e-01 1.553591e+00 4.013963e-01 3.602686e-01 4.445153e-01 2.996048e-01 2.210187e-01 6.005769e-01 4.074869e-03 2.119836e-02 1.280897e-02 9.597678e-03 1.484427e-02 2.430218e-02 1.691382e-02 1.446707e-02 2.034823e-02 2.640384e-02 2.421843e-02 2.318579e-02 5.113255e-03 6.150146e-04 3.241874e-03 2.178099e-03 1.699642e-03 6.561006e-03 4.351214e-03 9.249002e-03 6.522673e-03 6.762438e-03 3.159681e-03 5.110431e-03 4.055567e-03 1.027457e-03
<GCONST> -6.961492e+01
<STATE> 5
<MEAN> 39
 4.152312e-02 -1.244502e+00 -5.796570e-01 -1.356426e+00 -9.219444e-01 -1.063279e+00 6.961722e-01 -5.575407e-01 5.411750e-02 -4.348953e-01 -2.668921e-01 5.710009e-01 5.681908e+00 -3.921299e-02 2.357105e-01 8.115018e-02 1.279481e-01 9.747712e-02 -9.321924e-02 3.352572e-02 6.021504e-02 -8.441901e-02 -2.951283e-02 -1.275681e-01 -1.884442e-01 -1.262938e-01 -1.213510e-02 3.677843e-02 7.551680e-04 2.342985e-02 6.813355e-02 -3.383095e-02 -7.415102e-02 -1.724365e-03 -1.932386e-02 -1.124556e-02 -1.855979e-02 -4.020604e-02 -3.007240e-02
<VARIANCE> 39
 3.746959e-02 4.271128e-01 4.789771e-01 9.024362e-01 3.033355e-01 1.261809e+00 1.873173e+00 6.983207e-01 7.732081e-01 2.628845e-01 3.075138e-01 3.047410e-01 1.184475e+00 2.189099e-03 1.409208e-02 1.768129e-02 1.079035e-02 2.986942e-02 3.578108e-02 4.207357e-02 2.577886e-02 2.385958e-02 3.099736e-02 1.798542e-02 3.437781e-02 3.778880e-03 7.066110e-04 5.808023e-03 3.013897e-03 2.547778e-03 3.951019e-03 5.182165e-03 4.528376e-03 4.170376e-03 6.196781e-03 3.630914e-03 3.877885e-03 6.797255e-03 1.192762e-03
<GCONST> -6.440585e+01
<STATE> 6
<MEAN> 39
 -3.236130e-01 -2.786382e-01 -6.498501e-01 -2.208988e-01 -2.047940e-01 -1.004303e+00 -4.415671e-01 3.091575e-02 -2.329970e-01 -7.309153e-01 -5.876399e-01 -1.958283e-01 5.014053e+00 -6.269854e-02 9.921676e-02 9.379201e-02 9.057430e-02 9.619065e-02 -1.887900e-02 -6.668570e-02 -3.267406e-02 -3.890546e-02 -2.896127e-02 -7.352329e-02 -7.271732e-02 -7.776108e-02 -6.362807e-03 -4.692952e-02 -9.385069e-04 -3.681483e-02 -3.382691e-02 2.808213e-02 -7.008709e-03 -3.099317e-02 1.029795e-02 1.215845e-02 4.039827e-02 4.651097e-02 1.929926e-02
<VARIANCE> 39
 8.350665e-02 2.148436e-01 3.145339e-01 4.258893e-01 2.659372e-01 5.556022e-01 4.381756e-01 3.886186e-01 2.789132e-01 1.387264e-01 1.895295e-01 1.587620e-01 6.081010e-01 4.640114e-03 9.499430e-03 1.703068e-02 1.445537e-02 2.349447e-02 2.378114e-02 1.481182e-02 1.972968e-02 1.919412e-02 1.554551e-02 1.814882e-02 2.007626e-02 4.855942e-03 1.367409e-03 3.107860e-03 3.186094e-03 2.999434e-03 3.650677e-03 6.408841e-03 4.030195e-03 4.086720e-03 3.649523e-03 3.458821e-03 3.803313e-03 4.127054e-03 7.693418e-04
<GCONST> -7.573396e+01
<STATE> 7
<MEAN> 39
 -5.782801e-01 -6.842982e-01 -4.455779e-02 -8.069384e-01 -4.162185e-01 -1.079816e+00 -1.472505e-01 -6.557767e-01 -2.750516e-01 -6.246656e-01 -4.156670e-01 3.068542e-02 4.962790e+00 -4.545946e-02 -1.368055e-01 3.953610e-02 -4.255126e-02 -7.958704e-02 3.947064e-02 -6.090554e-02 -6.952193e-02 -1.022365e-02 6.603861e-04 1.186628e-01 7.656898e-02 5.370772e-02 2.496171e-02 -1.069395e-03 -1.392705e-02 4.878685e-03 -1.662983e-02 -2.458037e-02 7.353591e-03 6.172768e-03 8.011480e-03 4.757830e-03 6.406083e-04 3.315639e-03 1.609861e-02
<VARIANCE> 39
 5.271169e-01 6.228483e-01 5.494669e-01 1.128780e+00 6.364229e-01 1.353335e+00 1.230000e+00 4.753538e-01 3.960856e-01 2.694486e-01 3.939521e-01 2.455370e-01 1.196457e+00 5.786319e-02 6.948764e-02 5.440044e-02 3.774219e-02 7.166681e-02 6.384171e-02 4.590559e-02 3.695328e-02 3.520075e-02 3.822149e-02 4.543931e-02 3.459780e-02 2.519519e-02 1.036520e-02 2.022679e-02 9.175448e-03 6.844583e-03 1.600927e-02 1.327232e-02 7.942539e-03 8.044701e-03 6.495929e-03 7.426391e-03 1.169085e-02 9.089569e-03 6.872649e-03
<GCONST> -3.554226e+01
<TRANSP> 8
 0.000000e+00 8.741913e-01 1.258087e-01 0.000000e+00 0.000000e+00 0.000000e+00 0.000000e+00 0.000000e+00
 0.000000e+00 7.790231e-01 2.209769e-01 0.000000e+00 0.000000e+00 0.000000e+00 0.000000e+00 0.000000e+00
 0.000000e+00 0.000000e+00 6.457539e-01 3.542461e-01 0.000000e+00 0.000000e+00 0.000000e+00 0.000000e+00
 0.000000e+00 0.000000e+00 0.000000e+00 6.305471e-01 3.694529e-01 0.000000e+00 0.000000e+00 0.000000e+00
 0.000000e+00 0.000000e+00 0.000000e+00 0.000000e+00 6.863057e-01 3.136943e-01 0.000000e+00 0.000000e+00
 0.000000e+00 0.000000e+00 0.000000e+00 0.000000e+00 0.000000e+00 7.557226e-01 2.442774e-01 0.000000e+00
 0.000000e+00 0.000000e+00 0.000000e+00 0.000000e+00 0.000000e+00 0.000000e+00 7.864546e-01 2.135454e-01
 0.000000e+00 0.000000e+00 0.000000e+00 0.000000e+00 0.000000e+00 0.000000e+00 0.000000e+00 0.000000e+00
<ENDHMM>
