~o
<STREAMINFO> 1 39
<VECSIZE> 39<NULLD><PLP_D_A_0><DIAGC>
~h "puluh"
<BEGINHMM>
<NUMSTATES> 8
<STATE> 2
<MEAN> 39
 -1.755791e-01 -4.208436e-01 -7.094765e-01 -3.727326e-01 -8.992807e-01 -5.768256e-01 -9.331148e-01 -3.209996e-01 1.525977e-01 -8.383625e-01 -6.780195e-01 -9.928102e-02 4.209878e+00 6.673391e-02 4.043580e-03 1.144703e-01 3.199198e-04 -4.271727e-02 6.097186e-02 -6.504252e-02 -5.074614e-02 1.061417e-02 -5.319181e-02 -8.552822e-03 -3.933445e-02 7.299944e-02 2.097447e-02 -2.652296e-03 3.684669e-02 1.260231e-02 -5.297639e-02 -2.824999e-02 1.026717e-02 2.752594e-02 9.521138e-03 -2.612677e-02 2.269970e-03 1.356771e-02 2.293861e-02
<VARIANCE> 39
 5.709655e-01 5.675568e-01 3.544349e-01 2.750801e-01 3.182037e-01 3.950476e-01 3.549901e-01 2.282992e-01 3.459616e-01 3.389401e-01 3.872801e-01 1.304027e-01 4.712522e-01 3.949304e-02 6.069056e-02 5.790628e-02 3.389790e-02 9.427121e-02 4.214665e-02 2.149051e-02 1.681665e-02 3.690669e-02 2.915279e-02 4.245742e-02 2.133568e-02 3.360607e-02 8.753732e-03 1.334580e-02 9.909105e-03 6.053810e-03 1.798100e-02 8.037724e-03 6.033130e-03 4.344403e-03 1.051920e-02 5.790781e-03 1.030289e-02 5.088387e-03 8.121835e-03
<GCONST> -4.774345e+01
<STATE> 3
<MEAN> 39
 -1.078366e-01 -1.434543e-01 -5.427328e-01 -4.224936e-01 -8.297299e-01 -1.384815e+00 -8.915754e-01 -3.109927e-01 -4.622832e-01 -9.589272e-01 -6.251957e-01 -2.830316e-01 5.426909e+00 -7.449484e-03 -2.167471e-02 4.900400e-02 1.055513e-02 -3.983835e-02 -1.173596e-02 2.248853e-02 6.024711e-03 7.373386e-03 -3.186666e-02 9.980125e-03 2.701809e-02 2.519271e-02 -2.983585e-02 1.005434e-03 -8.872664e-03 -7.867118e-03 -5.028927e-03 1.486061e-02 2.662841e-02 1.616705e-02 2.345055e-02 2.398929e-02 5.465071e-03 5.379461e-03 -2.362993e-02
<VARIANCE> 39
 9.866038e-02 5.472171e-01 5.609425e-01 4.920637e-01 8.614728e-01 4.275271e-01 7.791860e-01 3.605646e-01 3.340353e-01 4.505260e-01 1.827032e-01 2.388070e-01 2.579590e-01 6.753335e-03 9.392641e-03 4.133526e-02 2.000706e-02 6.721961e-02 5.262590e-02 2.265265e-02 3.055658e-02 2.763835e-02 1.494927e-02 1.625252e-02 2.158099e-02 5.892410e-03 9.827496e-04 3.006144e-03 1.220349e-02 4.087390e-03 1.442270e-02 1.271388e-02 4.130834e-03 6.652466e-03 4.192229e-03 2.745556e-03 3.179745e-03 2.848257e-03 1.400806e-03
<GCONST> -6.304192e+01
<STATE> 4
<MEAN> 39
 -1.475000e-01 -8.861393e-02 -3.095764e-01 -4.208596e-01 -1.208471e+00 -8.605743e-01 -4.237877e-01 1.523044e-01 1.409233e-01 -1.081764e+00 -6.396449e-01 3.591937e-03 4.641945e+00 -1.236188e-01 1.974924e-02 -1.840018e-01 -4.380683e-02 1.267253e-01 8.768524e-02 2.104826e-01 9.884305e-02 -3.351738e-02 1.607937e-01 6.980833e-02 -4.342005e-02 -1.438783e-01 -1.731722e-02 -2.935973e-02 -6.307627e-02 -2.096716e-02 3.530636e-02 1.857603e-02 -1.497241e-02 -4.004708e-02 -4.004911e-02 2.642530e-02 4.538628e-03 -1.413354e-02 -1.675277e-02
<VARIANCE> 39
 1.706925e-01 3.140784e-01 4.915888e-01 2.306907e-01 3.977329e-01 5.501620e-01 5.425417e-01 3.775608e-01 5.091683e-01 3.836802e-01 1.607093e-01 2.041526e-01 8.257952e-01 8.060739e-03 2.901676e-02 5.367552e-02 2.817796e-02 3.894151e-02 5.343331e-02 2.730926e-02 3.739304e-02 4.785354e-02 2.201262e-02 1.614566e-02 2.211451e-02 3.969321e-03 1.044692e-03 3.924135e-03 1.599288e-02 4.697399e-03 1.359405e-02 6.842560e-03 7.986418e-03 6.065890e-03 9.074593e-03 5.622946e-03 3.609917e-03 6.370800e-03 1.372329e-03
<GCONST> -5.828431e+01
<STATE> 5
<MEAN> 39
 -4.331815e-01 -1.057444e+00 5.040464e-01 -1.943763e+00 -5.293918e-01 -1.752835e+00 1.172918e+00 -9.273273e-01 -9.590098e-02 -6.459733e-01 -2.262034e-01 -1.722362e-01 5.804184e+00 -1.069735e-01 1.669745e-03 3.446505e-02 6.707695e-02 5.447783e-02 7.293857e-02 5.341129e-03 3.270620e-02 9.036355e-02 -1.384543e-02 6.431564e-02 -8.833239e-03 -6.022711e-02 -4.874975e-03 3.829705e-03 4.887774e-03 1.248814e-02 1.460100e-02 -3.859739e-03 -9.966595e-03 1.098440e-02 1.997918e-03 5.082910e-03 2.022113e-03 -2.322089e-03 -1.484460e-02
<VARIANCE> 39
 4.366325e-01 1.292674e-01 2.780844e-01 4.523764e-01 1.361177e+00 6.651995e-01 2.349894e-01 2.232416e-01 4.993651e-01 2.159390e-01 2.918386e-01 1.444614e-01 3.549816e-01 1.617650e-02 1.852726e-02 3.576511e-02 2.037221e-02 7.509284e-02 5.030446e-02 1.946060e-02 3.157765e-02 2.076175e-02 1.896410e-02 2.164577e-02 1.585212e-02 2.125640e-02 3.093224e-03 4.173289e-03 8.637743e-03 3.942499e-03 1.502568e-02 1.266223e-02 3.451900e-03 8.356740e-03 3.945441e-03 3.057458e-03 4.851935e-03 3.127343e-03 3.992670e-03
<GCONST> -5.923579e+01
<STATE> 6
<MEAN> 39
 -1.201370e+00 -4.852574e-01 -8.997505e-01 -8.670467e-01 -8.142422e-01 -8.677858e-01 -3.523063e-01 -3.775259e-01 -2.698945e-01 -5.107201e-01 -2.718614e-01 9.818642e-03 4.611099e+00 -1.033410e-01 -4.562729e-02 -3.759751e-02 6.027902e-03 3.790699e-02 4.415571e-02 2.187800e-03 -3.121276e-02 -1.933214e-03 5.599527e-02 4.569572e-02 3.114393e-02 -8.903715e-02 1.382147e-02 7.281912e-03 1.832372e-02 8.609514e-03 -9.373337e-03 -1.706876e-02 -1.309194e-02 8.409292e-04 3.255198e-03 -8.570835e-03 -7.060663e-04 2.401798e-03 1.381857e-02
<VARIANCE> 39
 3.209665e-01 1.317918e-01 2.384107e-01 1.771106e-01 1.832717e-01 1.801049e-01 2.995941e-01 2.222841e-01 1.582584e-01 1.753195e-01 1.545386e-01 6.614499e-02 4.581908e-01 6.694024e-03 1.171662e-02 1.887265e-02 1.752740e-02 1.442020e-02 1.633672e-02 1.353829e-02 1.193536e-02 1.307436e-02 1.236365e-02 8.554612e-03 5.740648e-03 7.853925e-03 1.023846e-03 1.710008e-03 4.023062e-03 3.218983e-03 3.032452e-03 3.545808e-03 3.189693e-03 2.137388e-03 2.453708e-03 2.455492e-03 1.493764e-03 1.344216e-03 1.423297e-03
<GCONST> -8.730753e+01
<STATE> 7
<MEAN> 39
 -6.806799e-01 -6.253871e-01 -6.811626e-01 -1.042317e+00 -8.065228e-01 -9.545219e-01 -4.106473e-02 -2.803967e-01 -2.419690e-01 -5.107277e-01 -9.301702e-03 1.039244e-01 4.573039e+00 3.252213e-02 -4.572266e-02 -6.616993e-03 -2.354428e-02 -3.383810e-02 -3.558110e-02 -3.227459e-02 -2.374863e-02 -1.426394e-03 -7.010846e-04 1.680143e-02 4.206058e-02 5.727317e-02 1.261290e-02 2.223552e-03 1.103199e-02 -7.838239e-04 -2.839872e-03 -7.906638e-03 -1.339779e-02 -6.192436e-03 5.240281e-03 -1.276571e-02 -9.741106e-03 1.655000e-03 1.337212e-02
<VARIANCE> 39
 5.144696e-01 5.759625e-01 6.301267e-01 6.889103e-01 6.862785e-01 6.375679e-01 6.192859e-01 4.962234e-01 3.236651e-01 3.198074e-01 2.675922e-01 2.209374e-01 1.664613e+00 4.803751e-02 5.545999e-02 3.626829e-02 5.256101e-02 5.284145e-02 3.566951e-02 4.464066e-02 2.882335e-02 2.620780e-02 4.121253e-02 3.391924e-02 2.478440e-02 4.955848e-02 8.392109e-03 1.213632e-02 6.857357e-03 1.124836e-02 1.068367e-02 8.906383e-03 8.276110e-03 5.830284e-03 5.353015e-03 8.156709e-03 6.785456e-03 5.563596e-03 1.079355e-02
<GCONST> -4.161681e+01
<TRANSP> 8
 0.000000e+00 4.498018e-01 5.501982e-01 0.000000e+00 0.000000e+00 0.000000e+00 0.000000e+00 0.000000e+00
 0.000000e+00 8.012692e-01 1.987309e-01 0.000000e+00 0.000000e+00 0.000000e+00 0.000000e+00 0.000000e+00
 0.000000e+00 0.000000e+00 7.584937e-01 1.874391e-01 5.406723e-02 0.000000e+00 0.000000e+00 0.000000e+00
 0.000000e+00 0.000000e+00 0.000000e+00 6.836039e-01 0.000000e+00 3.163961e-01 0.000000e+00 0.000000e+00
 0.000000e+00 0.000000e+00 0.000000e+00 0.000000e+00 9.137026e-01 8.629741e-02 0.000000e+00 0.000000e+00
 0.000000e+00 0.000000e+00 0.000000e+00 0.000000e+00 0.000000e+00 7.868613e-01 2.131388e-01 0.000000e+00
 0.000000e+00 0.000000e+00 0.000000e+00 0.000000e+00 0.000000e+00 0.000000e+00 7.148500e-01 2.851500e-01
 0.000000e+00 0.000000e+00 0.000000e+00 0.000000e+00 0.000000e+00 0.000000e+00 0.000000e+00 0.000000e+00
<ENDHMM>
