~o
<STREAMINFO> 1 39
<VECSIZE> 39<NULLD><PLP_D_A_0><DIAGC>
~h "sebelas"
<BEGINHMM>
<NUMSTATES> 8
<STATE> 2
<MEAN> 39
 -1.783048e+00 -1.728518e+00 3.109398e-01 -1.120808e+00 -6.765976e-01 -6.004944e-01 -1.861067e-01 -9.180375e-01 -6.496499e-01 -9.748086e-02 3.699705e-01 4.109264e-01 5.224833e+00 2.181310e-01 1.198271e-01 -5.779386e-02 7.818842e-02 -5.327079e-03 -1.072407e-01 -4.175615e-02 -5.750441e-03 -5.492928e-02 -8.666223e-02 -3.897485e-02 1.739906e-02 2.277134e-02 8.024462e-02 1.107228e-01 -3.905823e-02 6.740636e-02 3.088657e-02 -8.158965e-03 -1.118785e-02 2.487479e-02 9.654952e-03 -4.985137e-02 -4.582793e-02 -3.026669e-02 -4.629061e-02
<VARIANCE> 39
 7.104603e-01 5.755437e-01 5.040443e-01 6.393281e-01 4.980614e-01 5.535433e-01 6.984049e-01 4.063655e-01 4.769346e-01 2.417616e-01 1.706759e-01 1.184449e-01 1.331318e+00 1.447709e-01 1.625898e-01 7.580378e-02 7.094874e-02 4.477769e-02 3.660205e-02 3.825775e-02 3.280105e-02 5.101203e-02 4.592273e-02 2.974449e-02 1.526753e-02 4.133042e-02 1.910158e-02 1.832570e-02 1.360156e-02 9.021944e-03 7.372004e-03 9.455767e-03 7.057218e-03 5.964679e-03 9.715268e-03 5.937574e-03 4.878680e-03 3.242181e-03 7.505459e-03
<GCONST> -3.999835e+01
<STATE> 3
<MEAN> 39
 -3.431472e-01 -7.808090e-02 -2.452489e-01 -2.189873e-01 -2.830541e-01 -9.663499e-01 -4.820027e-01 -5.811350e-01 -6.788017e-01 -1.032921e+00 -4.120066e-01 3.114238e-02 4.885429e+00 1.271383e-01 4.425504e-02 -7.484530e-02 7.053272e-02 1.169491e-02 -3.705737e-02 -3.082068e-02 2.592420e-02 -1.435344e-02 -8.891999e-02 -6.633159e-02 6.386903e-03 9.634971e-03 -4.041506e-02 -1.056337e-01 2.257998e-03 -5.034753e-02 -4.829529e-02 -3.714840e-03 2.763816e-03 -2.033295e-02 -5.856609e-03 3.406580e-02 5.172051e-02 4.573855e-02 4.754612e-02
<VARIANCE> 39
 2.424613e-01 3.967664e-01 3.969769e-01 4.293518e-01 3.102756e-01 4.508726e-01 4.046630e-01 3.925017e-01 2.176008e-01 2.394529e-01 1.968518e-01 1.414955e-01 8.020668e-01 3.453833e-02 1.113840e-01 3.490872e-02 3.089769e-02 4.151693e-02 5.967746e-02 2.798175e-02 2.224356e-02 3.181911e-02 2.464245e-02 4.473261e-02 4.004164e-02 4.440432e-02 9.716235e-03 9.727050e-03 8.206545e-03 4.822227e-03 6.260470e-03 1.341895e-02 5.973394e-03 4.480913e-03 6.259119e-03 5.476403e-03 6.424570e-03 5.858515e-03 7.569604e-03
<GCONST> -5.003050e+01
<STATE> 4
<MEAN> 39
 5.737438e-03 -1.027364e+00 -6.515903e-01 -8.680652e-01 -9.710215e-01 -1.380155e+00 -2.299134e-01 -8.295695e-01 -6.915033e-01 -6.051894e-01 9.484374e-02 6.727459e-01 5.941718e+00 8.409043e-03 -1.239771e-01 -6.285168e-02 -1.133780e-01 -1.023651e-01 3.015745e-02 7.168603e-02 2.759477e-02 1.229985e-01 1.309349e-01 8.224550e-02 3.436675e-02 9.743956e-02 -2.035929e-02 2.132970e-02 1.507340e-02 1.930485e-03 2.606400e-02 2.371803e-02 1.090902e-02 1.023469e-02 1.686861e-02 3.328092e-03 -5.842515e-03 -2.818523e-02 -1.785937e-02
<VARIANCE> 39
 1.198729e-01 6.741462e-01 6.465468e-01 7.473154e-01 4.597911e-01 5.957018e-01 7.088410e-01 6.324900e-01 6.020461e-01 5.296635e-01 3.101272e-01 1.339144e-01 5.884193e-01 5.412349e-03 1.467126e-02 2.439494e-02 1.297491e-02 2.221725e-02 2.742720e-02 2.061444e-02 2.593765e-02 3.824354e-02 1.990110e-02 2.331050e-02 2.154428e-02 6.306122e-03 2.196400e-03 3.201862e-03 4.654741e-03 2.955782e-03 3.963832e-03 3.644423e-03 4.624106e-03 4.352997e-03 7.700573e-03 5.864397e-03 4.128903e-03 3.215953e-03 1.383260e-03
<GCONST> -6.363236e+01
<STATE> 5
<MEAN> 39
 -1.370811e-01 -1.407816e+00 -6.714853e-01 -1.220154e+00 -9.674275e-01 -7.840877e-01 -2.827116e-02 -6.638855e-01 7.325102e-02 -3.008791e-01 3.014505e-01 5.098683e-01 5.997453e+00 -2.221949e-01 1.227946e-02 2.449248e-01 -4.383067e-02 1.127536e-01 1.225031e-01 -5.015937e-02 -6.284537e-02 -7.933908e-02 -1.176445e-02 1.958105e-02 -6.108240e-02 -3.711636e-02 -9.340999e-02 -2.975014e-03 7.121956e-02 -2.478910e-02 1.539170e-02 -2.725535e-03 -1.149966e-02 -7.256811e-03 -3.725672e-02 9.115143e-03 -1.274963e-02 -8.939357e-03 -1.113759e-02
<VARIANCE> 39
 9.793017e-02 5.205082e-01 6.821758e-01 8.768972e-01 3.861484e-01 7.932072e-01 7.754237e-01 4.593752e-01 3.621477e-01 2.880859e-01 2.298402e-01 1.689481e-01 1.029956e+00 4.193257e-02 4.389113e-02 4.130034e-02 2.398467e-02 2.496402e-02 1.665491e-02 2.672272e-02 2.021228e-02 3.070562e-02 2.433491e-02 2.055980e-02 1.195735e-02 4.697121e-03 4.440854e-03 6.376004e-03 5.523273e-03 4.638030e-03 6.982286e-03 4.803210e-03 6.294144e-03 5.308612e-03 6.503113e-03 4.200849e-03 3.874174e-03 2.962755e-03 1.231667e-03
<GCONST> -5.913872e+01
<STATE> 6
<MEAN> 39
 -2.044746e+00 -1.541449e+00 7.195792e-01 -1.837437e+00 -4.634619e-01 -4.295401e-01 7.458717e-02 -8.006138e-01 -2.384205e-01 -2.603603e-02 2.464008e-01 2.730329e-01 5.911562e+00 -1.998408e-01 -6.184337e-02 3.964707e-02 -3.182006e-02 -2.625955e-03 2.296212e-02 3.844019e-02 6.950559e-03 -1.159070e-02 4.175982e-02 9.679324e-04 -3.168950e-03 -1.120846e-01 1.021191e-01 3.054422e-02 -1.058896e-01 5.451932e-02 -2.046884e-02 -2.610217e-02 -4.951220e-03 6.216902e-03 1.604034e-02 -1.994595e-02 -3.645500e-05 1.314339e-02 -3.653383e-02
<VARIANCE> 39
 3.489069e-01 5.173658e-01 7.224309e-01 5.639274e-01 1.267759e+00 3.935484e-01 7.438621e-01 1.891998e-01 3.781064e-01 2.409029e-01 2.229544e-01 7.852761e-02 5.200366e-01 7.972617e-02 4.868573e-02 6.755585e-02 4.205028e-02 3.601188e-02 3.058548e-02 2.168351e-02 2.408360e-02 2.144192e-02 1.733175e-02 9.851078e-03 7.419879e-03 1.525173e-02 6.456376e-03 1.110086e-02 6.403213e-03 6.195103e-03 6.075326e-03 5.061050e-03 5.835522e-03 4.035796e-03 5.775146e-03 4.003842e-03 1.678761e-03 1.649484e-03 1.919087e-03
<GCONST> -5.852398e+01
<STATE> 7
<MEAN> 39
 -1.566449e+00 -1.241632e+00 -4.236853e-01 -1.107685e+00 -7.986880e-01 -6.287052e-01 -2.403342e-01 -7.415295e-01 -3.329134e-01 -2.754274e-01 3.630386e-01 3.679519e-01 4.653071e+00 1.320699e-01 1.243713e-01 -1.496604e-01 8.040141e-02 2.111640e-02 -5.039265e-02 -1.805853e-02 2.989874e-03 1.895986e-03 -2.781007e-02 -2.619711e-02 -8.293876e-03 -1.023339e-01 1.401566e-03 -1.997126e-04 2.718427e-02 -1.264377e-02 1.168952e-02 1.640390e-04 1.068374e-03 -1.108630e-03 -2.849290e-03 -7.581295e-04 -4.565765e-03 -5.304481e-03 3.684155e-02
<VARIANCE> 39
 5.321997e-01 5.111375e-01 4.296007e-01 3.621266e-01 6.919372e-01 4.547136e-01 5.134929e-01 1.911653e-01 2.955686e-01 2.456494e-01 2.233709e-01 1.263387e-01 1.010884e+00 3.558735e-02 4.766152e-02 4.135545e-02 3.385236e-02 4.188990e-02 2.991759e-02 1.979300e-02 2.430609e-02 2.680138e-02 2.576872e-02 2.057061e-02 1.257029e-02 4.714573e-02 7.298650e-03 6.701196e-03 6.223852e-03 5.273435e-03 7.703011e-03 6.283240e-03 3.499571e-03 4.789136e-03 5.541395e-03 4.415233e-03 4.154934e-03 2.374493e-03 7.269031e-03
<GCONST> -5.525855e+01
<TRANSP> 8
 0.000000e+00 8.517227e-01 1.482773e-01 0.000000e+00 0.000000e+00 0.000000e+00 0.000000e+00 0.000000e+00
 0.000000e+00 7.840012e-01 2.159988e-01 0.000000e+00 0.000000e+00 0.000000e+00 0.000000e+00 0.000000e+00
 0.000000e+00 0.000000e+00 8.315611e-01 1.684389e-01 0.000000e+00 0.000000e+00 0.000000e+00 0.000000e+00
 0.000000e+00 0.000000e+00 0.000000e+00 8.605725e-01 1.394275e-01 0.000000e+00 0.000000e+00 0.000000e+00
 0.000000e+00 0.000000e+00 0.000000e+00 0.000000e+00 7.732575e-01 2.267425e-01 0.000000e+00 0.000000e+00
 0.000000e+00 0.000000e+00 0.000000e+00 0.000000e+00 0.000000e+00 8.191936e-01 1.808064e-01 0.000000e+00
 0.000000e+00 0.000000e+00 0.000000e+00 0.000000e+00 0.000000e+00 0.000000e+00 8.163700e-01 1.836300e-01
 0.000000e+00 0.000000e+00 0.000000e+00 0.000000e+00 0.000000e+00 0.000000e+00 0.000000e+00 0.000000e+00
<ENDHMM>
