~o
<STREAMINFO> 1 39
<VECSIZE> 39<NULLD><PLP_D_A_0><DIAGC>
~h "sembilan"
<BEGINHMM>
<NUMSTATES> 8
<STATE> 2
<MEAN> 39
 -1.862631e+00 -1.728108e+00 3.382621e-01 -8.291482e-01 -6.522718e-01 -4.872212e-01 -1.560646e-01 -8.211132e-01 -5.993202e-01 -2.396827e-02 4.181331e-01 2.449252e-01 5.186039e+00 1.960549e-01 1.587114e-01 -4.020626e-02 1.218219e-01 9.691808e-02 -1.083976e-01 -6.151795e-02 4.175004e-03 -5.448497e-02 -5.620403e-02 -7.012857e-02 -3.578026e-02 1.143911e-02 1.014917e-01 1.195534e-01 -5.200149e-02 6.808323e-02 5.120505e-02 -2.046015e-02 -4.368591e-02 1.598448e-02 3.172644e-03 -3.883869e-02 -5.433429e-02 -3.372439e-02 -3.823286e-02
<VARIANCE> 39
 7.004987e-01 5.510193e-01 5.771208e-01 7.560921e-01 6.376187e-01 5.231483e-01 4.843110e-01 4.829013e-01 3.667884e-01 2.397153e-01 1.458364e-01 9.358255e-02 1.149144e+00 1.373894e-01 2.017339e-01 7.176657e-02 7.547396e-02 6.954316e-02 4.573238e-02 3.857544e-02 3.707343e-02 4.150838e-02 2.857913e-02 3.339175e-02 1.776827e-02 3.773753e-02 1.473114e-02 2.127726e-02 1.247805e-02 1.055278e-02 8.821594e-03 8.358844e-03 5.742228e-03 7.620414e-03 7.933853e-03 3.892509e-03 4.340058e-03 3.239416e-03 5.214242e-03
<GCONST> -4.115877e+01
<STATE> 3
<MEAN> 39
 -3.624260e-01 5.400018e-02 -1.008660e-01 4.029617e-02 8.149222e-02 -1.107210e+00 -8.918831e-01 -8.454306e-01 -5.368314e-01 -5.458164e-01 -4.667158e-01 -3.598795e-01 5.027836e+00 1.130198e-01 3.680580e-02 -4.399018e-02 1.349351e-01 7.936090e-02 -8.234099e-02 -1.026295e-01 -2.961422e-02 -1.660298e-02 -2.328496e-02 -8.550429e-03 -3.224500e-02 2.628876e-02 -7.020656e-02 -1.339952e-01 1.456095e-02 -3.330681e-02 -4.557884e-02 1.160992e-02 2.143257e-02 -1.782621e-02 -7.551569e-03 2.341332e-02 7.975020e-02 5.703052e-02 4.029581e-02
<VARIANCE> 39
 1.704869e-01 3.236725e-01 3.381536e-01 5.932345e-01 4.009329e-01 7.088916e-01 3.386886e-01 3.733912e-01 2.668082e-01 1.425860e-01 1.883009e-01 1.226460e-01 7.760004e-01 3.694798e-02 1.016617e-01 2.420174e-02 3.093210e-02 2.248359e-02 2.569791e-02 2.258915e-02 2.369333e-02 2.432818e-02 2.484338e-02 5.803738e-02 3.197810e-02 1.177679e-02 5.076558e-03 8.303409e-03 4.090123e-03 5.221363e-03 4.616231e-03 5.322491e-03 4.573511e-03 4.009590e-03 5.128717e-03 4.984596e-03 5.509986e-03 3.995784e-03 1.827397e-03
<GCONST> -5.930783e+01
<STATE> 4
<MEAN> 39
 -1.708912e-01 -9.873562e-01 -3.337159e-01 1.527960e-02 -2.569156e-01 -1.404338e+00 -8.370773e-01 -1.149607e+00 -8.703229e-01 -5.528231e-01 3.069809e-01 3.067524e-01 5.575864e+00 5.334919e-02 -1.252827e-01 -1.019671e-01 -1.656868e-01 -1.812600e-01 4.607796e-02 1.205470e-01 3.099393e-02 5.568879e-02 4.840680e-02 1.043308e-01 1.432030e-01 9.261142e-02 -2.882061e-03 3.006062e-02 1.549831e-03 -3.610705e-02 -9.314246e-03 2.696487e-02 2.423086e-02 2.830419e-02 4.527675e-02 1.455871e-02 -2.833237e-02 -1.706628e-02 -1.299899e-02
<VARIANCE> 39
 1.492987e-01 5.040416e-01 5.560308e-01 9.225912e-01 5.418558e-01 1.011264e+00 7.498095e-01 3.708531e-01 2.765154e-01 3.560498e-01 4.517934e-01 2.305966e-01 8.085469e-01 6.580588e-03 3.552915e-02 3.905861e-02 2.938691e-02 2.343343e-02 4.821891e-02 4.016285e-02 3.169897e-02 4.682102e-02 2.911739e-02 2.932755e-02 1.817103e-02 1.055219e-02 1.986583e-03 6.471118e-03 7.461635e-03 7.088272e-03 5.976962e-03 8.682547e-03 7.970281e-03 4.859260e-03 7.315054e-03 4.983198e-03 6.037562e-03 3.792654e-03 2.222950e-03
<GCONST> -5.366727e+01
<STATE> 5
<MEAN> 39
 8.670377e-03 -1.286407e+00 -8.645447e-01 -1.084246e+00 -8.800781e-01 -1.050234e+00 2.423939e-03 -6.575957e-01 -6.425521e-02 -1.882630e-01 4.442819e-01 6.579244e-01 5.989526e+00 -2.591420e-02 1.044977e-01 4.737437e-02 4.314997e-02 9.725033e-02 3.480926e-02 -2.980399e-02 2.914754e-02 3.093951e-02 -4.670791e-02 -1.137045e-01 -6.739246e-02 -7.690965e-02 -1.404166e-02 8.122715e-02 2.979366e-02 7.502342e-02 7.584562e-02 -3.165278e-02 -4.900324e-02 -1.354329e-02 -5.764934e-02 -4.504579e-02 -5.925114e-02 -5.203914e-02 -5.769184e-02
<VARIANCE> 39
 5.481752e-02 5.580344e-01 4.955284e-01 7.681177e-01 4.481301e-01 9.355804e-01 8.404464e-01 6.419417e-01 2.545383e-01 2.918639e-01 2.640172e-01 1.693871e-01 8.049030e-01 3.119331e-03 3.746853e-02 1.914125e-02 3.604432e-02 3.441017e-02 2.657276e-02 2.725689e-02 2.339344e-02 3.774228e-02 1.934423e-02 3.094677e-02 2.147436e-02 1.639563e-02 5.178081e-04 3.568897e-03 4.458090e-03 4.461846e-03 5.398976e-03 5.755883e-03 3.603434e-03 4.481163e-03 4.825294e-03 3.468465e-03 4.081733e-03 4.497292e-03 1.280520e-03
<GCONST> -6.352744e+01
<STATE> 6
<MEAN> 39
 -2.454790e-01 -2.079408e-02 -3.347670e-01 -1.176788e-01 8.306327e-02 -1.147074e+00 -6.373048e-01 -6.155860e-01 -3.200106e-01 -7.572749e-01 -6.041894e-01 -1.137345e-01 4.979025e+00 -7.270400e-02 1.321712e-01 3.689677e-02 7.166456e-02 1.091311e-01 -1.403606e-02 -1.601627e-02 2.593633e-02 -5.740716e-02 -7.422189e-02 -8.420496e-02 -8.942288e-02 -1.344946e-01 6.580319e-04 -9.555520e-02 -4.426165e-02 -6.875558e-02 -7.612135e-02 2.637350e-02 4.386311e-02 -1.683486e-02 7.096398e-06 3.310715e-02 9.296098e-02 6.815651e-02 4.587468e-02
<VARIANCE> 39
 8.029436e-02 3.364100e-01 3.339009e-01 6.905796e-01 3.172253e-01 7.028174e-01 5.141569e-01 5.263809e-01 2.306932e-01 2.167244e-01 3.073657e-01 2.283754e-01 8.604287e-01 8.834586e-03 3.800837e-02 2.802145e-02 3.609790e-02 4.056847e-02 3.673962e-02 2.365362e-02 2.508462e-02 1.646585e-02 2.288454e-02 4.622926e-02 3.543669e-02 1.462305e-02 1.528854e-03 4.241002e-03 3.802125e-03 3.993520e-03 5.538312e-03 6.711624e-03 3.948434e-03 5.235465e-03 4.615594e-03 4.490391e-03 4.924486e-03 5.735699e-03 2.099666e-03
<GCONST> -6.082145e+01
<STATE> 7
<MEAN> 39
 -4.567581e-01 -7.764452e-01 -6.438481e-01 -8.571506e-01 -4.471269e-01 -1.096920e+00 -1.314920e-01 -7.644671e-01 -4.291576e-01 -6.122046e-01 -2.107520e-02 3.602068e-01 5.244627e+00 -2.779737e-02 -1.412846e-01 -4.371374e-02 -9.639698e-02 -1.231530e-01 4.723835e-02 4.251274e-02 -2.226481e-02 4.858037e-02 7.698323e-02 9.585924e-02 5.923365e-02 6.145355e-02 8.470077e-03 1.388685e-02 1.316060e-02 4.582251e-03 5.173118e-03 -9.964366e-03 -1.505565e-02 5.743019e-03 1.159394e-02 4.795833e-03 -1.747723e-02 -1.783386e-02 9.009596e-03
<VARIANCE> 39
 5.877606e-01 6.645176e-01 4.573730e-01 8.747516e-01 6.915245e-01 6.084924e-01 7.816057e-01 4.146338e-01 4.678360e-01 3.667963e-01 2.242593e-01 2.435506e-01 1.376888e+00 2.931748e-02 3.841365e-02 4.296381e-02 3.147897e-02 4.895674e-02 3.734470e-02 2.468810e-02 2.921846e-02 3.871823e-02 3.012031e-02 2.983042e-02 2.938571e-02 2.609495e-02 5.038364e-03 6.585720e-03 7.218778e-03 5.900413e-03 9.502446e-03 6.512221e-03 4.388721e-03 5.547042e-03 6.632724e-03 6.101371e-03 5.039042e-03 4.365183e-03 4.160668e-03
<GCONST> -4.790703e+01
<TRANSP> 8
 0.000000e+00 6.502219e-01 3.497781e-01 0.000000e+00 0.000000e+00 0.000000e+00 0.000000e+00 0.000000e+00
 0.000000e+00 7.711482e-01 2.288518e-01 0.000000e+00 0.000000e+00 0.000000e+00 0.000000e+00 0.000000e+00
 0.000000e+00 0.000000e+00 7.939324e-01 2.033428e-01 2.724800e-03 0.000000e+00 0.000000e+00 0.000000e+00
 0.000000e+00 0.000000e+00 0.000000e+00 8.299962e-01 1.700038e-01 0.000000e+00 0.000000e+00 0.000000e+00
 0.000000e+00 0.000000e+00 0.000000e+00 0.000000e+00 7.945496e-01 2.054504e-01 0.000000e+00 0.000000e+00
 0.000000e+00 0.000000e+00 0.000000e+00 0.000000e+00 0.000000e+00 7.647789e-01 2.352211e-01 0.000000e+00
 0.000000e+00 0.000000e+00 0.000000e+00 0.000000e+00 0.000000e+00 0.000000e+00 7.993126e-01 2.006874e-01
 0.000000e+00 0.000000e+00 0.000000e+00 0.000000e+00 0.000000e+00 0.000000e+00 0.000000e+00 0.000000e+00
<ENDHMM>
