~o
<STREAMINFO> 1 39
<VECSIZE> 39<NULLD><MFCC_D_A_0><DIAGC>
~h "sepuluh"
<BEGINHMM>
<NUMSTATES> 6
<STATE> 2
<MEAN> 39
 -4.315020e+00 -6.223087e+00 1.259743e+01 -1.431818e+01 -1.657324e+00 -1.528322e+01 1.347487e+01 -1.097049e+01 -1.007970e+00 -9.165310e+00 -7.022430e-01 -2.188992e+00 7.428307e+01 1.431495e-01 -3.918927e-02 -1.614762e-01 5.460230e-02 -2.060843e-02 -1.125208e-01 -1.072926e-01 1.285894e-01 3.517460e-02 -6.406297e-02 -6.441840e-02 7.269686e-02 -1.322970e-01 1.466234e-02 8.985411e-02 -6.819741e-02 4.971173e-02 5.472140e-02 5.170780e-02 -5.264778e-02 -9.639948e-03 4.126062e-02 2.205144e-02 -9.198005e-03 -1.859733e-02 -8.670016e-02
<VARIANCE> 39
 1.017832e+02 4.565123e+01 4.108293e+01 8.258700e+01 1.686386e+02 1.457219e+02 5.572166e+01 5.174832e+01 5.420862e+01 6.372635e+01 8.507073e+01 3.657508e+01 5.216011e+01 3.156021e+00 2.642222e+00 4.552140e+00 3.157541e+00 7.510015e+00 6.752637e+00 3.488722e+00 3.106191e+00 4.465072e+00 3.476523e+00 3.943499e+00 2.798846e+00 3.113680e+00 4.422195e-01 3.829450e-01 6.600179e-01 5.303987e-01 9.564879e-01 1.017087e+00 6.774834e-01 5.748728e-01 8.782605e-01 6.845890e-01 5.944511e-01 6.153207e-01 4.383543e-01
<GCONST> 1.377110e+02
<STATE> 3
<MEAN> 39
 -1.521231e+01 -7.429409e-01 1.866187e+00 -1.019531e+00 -6.167274e-01 2.703343e-01 -7.237646e-01 -3.517260e+00 -1.466827e+00 -2.085749e+00 2.347441e-01 6.832772e-01 6.388948e+01 5.483306e-01 8.399583e-01 -3.959953e-01 1.650987e-01 -2.247131e-02 -9.826036e-02 -8.370820e-02 1.706357e-01 1.790517e-01 -2.028065e-02 -1.114796e-01 -1.974226e-01 -4.500527e-01 1.985839e-01 6.919400e-02 1.520469e-01 3.527986e-02 -9.825455e-02 -2.043466e-01 -1.027245e-01 1.034594e-02 -4.717797e-02 -2.578456e-02 6.541328e-03 -1.596308e-02 1.875344e-01
<VARIANCE> 39
 4.654062e+01 3.681703e+01 3.533588e+01 3.034408e+01 1.849742e+01 2.468113e+01 3.601354e+01 2.368163e+01 2.032111e+01 2.130774e+01 1.764104e+01 1.899856e+01 4.888200e+01 4.550344e+00 3.547763e+00 2.631450e+00 1.971593e+00 1.380518e+00 1.998012e+00 1.902369e+00 1.697469e+00 1.839434e+00 1.350895e+00 1.547145e+00 1.331977e+00 2.644169e+00 8.447673e-01 5.253666e-01 4.877347e-01 3.525999e-01 2.796636e-01 4.537057e-01 4.600332e-01 3.853670e-01 3.987075e-01 2.619185e-01 2.620274e-01 1.889751e-01 2.586712e-01
<GCONST> 1.109842e+02
<STATE> 4
<MEAN> 39
 -2.066772e-01 5.224503e+00 -4.061792e-01 2.576349e+00 -3.170349e+00 -3.624806e+00 -3.395852e+00 4.205055e+00 2.788689e+00 -8.523271e+00 -4.164467e+00 8.575715e-01 5.426929e+01 5.206069e-01 4.412387e-01 7.665177e-02 9.975839e-03 -3.123146e-01 -5.290026e-01 -2.633204e-01 1.557259e-01 5.531358e-04 -1.769897e-01 -6.847968e-02 -1.238911e-02 2.237910e-01 -1.062302e-01 -1.015063e-01 -5.516277e-02 -1.367778e-02 2.351232e-02 6.382970e-02 6.462577e-02 1.824907e-02 3.294087e-03 -2.563589e-02 -1.517180e-02 -9.744486e-03 -5.449214e-02
<VARIANCE> 39
 6.280901e+01 8.352890e+01 6.943476e+01 4.521684e+01 8.050226e+01 6.993441e+01 5.782102e+01 6.776408e+01 9.967435e+01 5.757851e+01 4.687183e+01 3.729873e+01 1.176397e+02 3.842538e+00 5.459419e+00 6.699830e+00 4.085373e+00 7.930252e+00 6.859005e+00 4.736307e+00 4.063230e+00 6.138006e+00 4.704940e+00 3.815481e+00 3.113031e+00 2.965225e+00 4.855501e-01 9.668633e-01 1.146816e+00 7.660203e-01 1.265556e+00 1.138605e+00 8.685941e-01 7.107783e-01 1.098074e+00 9.236177e-01 7.595679e-01 5.632656e-01 4.307976e-01
<GCONST> 1.436441e+02
<STATE> 5
<MEAN> 39
 -2.361667e+00 8.057489e+00 5.312433e-01 2.884626e+00 -4.622155e+00 -9.858685e+00 -4.032856e+00 1.104906e+00 -5.616166e-01 -8.274537e+00 -5.299084e+00 -3.620873e+00 6.759943e+01 -3.197223e-01 -2.148549e-01 -1.805438e-01 -7.439656e-02 1.458004e-01 2.692845e-01 1.629027e-01 -3.602615e-02 -4.547844e-02 8.177448e-02 5.569215e-03 4.120765e-02 -2.280615e-01 -2.142241e-02 -1.894993e-02 -1.082314e-02 -1.590875e-02 1.779511e-02 2.557726e-02 -1.137992e-02 -1.733764e-02 4.451616e-03 2.280432e-02 1.665128e-02 1.911783e-02 -1.071127e-02
<VARIANCE> 39
 3.995113e+01 4.864014e+01 4.973667e+01 4.029907e+01 4.772729e+01 5.243707e+01 5.286205e+01 4.701243e+01 4.376765e+01 4.031770e+01 2.924540e+01 2.020941e+01 3.592920e+01 5.333741e-01 7.062818e-01 1.215234e+00 1.272986e+00 1.751810e+00 1.931463e+00 1.397280e+00 1.458028e+00 2.005076e+00 1.371301e+00 1.509379e+00 1.233766e+00 5.316067e-01 5.201658e-02 1.093551e-01 1.590799e-01 2.240471e-01 2.799789e-01 3.433174e-01 2.623328e-01 2.762592e-01 3.414742e-01 2.249117e-01 2.402972e-01 2.022039e-01 5.464971e-02
<GCONST> 1.003586e+02
<TRANSP> 6
 0.000000e+00 6.124676e-01 3.875324e-01 0.000000e+00 0.000000e+00 0.000000e+00
 0.000000e+00 9.521532e-01 2.648210e-02 2.136471e-02 0.000000e+00 0.000000e+00
 0.000000e+00 0.000000e+00 9.239284e-01 7.353064e-02 2.541002e-03 0.000000e+00
 0.000000e+00 0.000000e+00 0.000000e+00 9.341674e-01 3.716279e-02 2.866977e-02
 0.000000e+00 0.000000e+00 0.000000e+00 0.000000e+00 9.736542e-01 2.634588e-02
 0.000000e+00 0.000000e+00 0.000000e+00 0.000000e+00 0.000000e+00 0.000000e+00
<ENDHMM>
