~o
<STREAMINFO> 1 39
<VECSIZE> 39<NULLD><MFCC_D_A_0><DIAGC>
~h "sil"
<BEGINHMM>
<NUMSTATES> 6
<STATE> 2
<MEAN> 39
 -1.219124e+01 3.848754e+00 -7.440071e+00 -4.357583e+00 -4.520436e+00 -5.747284e-01 -5.801227e-01 -5.166596e-01 -4.951694e+00 -4.387136e+00 -1.071458e+00 7.853185e-01 4.123322e+01 -8.764353e-02 1.444428e-01 -7.569937e-02 2.539637e-02 6.146985e-02 9.050860e-03 5.256165e-02 -9.676051e-03 -6.362453e-02 5.892970e-03 -4.845712e-02 -4.721069e-02 -1.567951e-01 -9.757733e-04 -1.767059e-02 4.537294e-02 1.750893e-02 5.158180e-03 2.852770e-03 -1.406341e-02 1.781462e-02 2.883347e-02 -7.684613e-03 -1.005718e-03 2.760780e-03 1.710263e-02
<VARIANCE> 39
 2.308996e+01 4.642406e+01 9.824522e+01 5.904411e+01 3.178321e+01 5.376731e+01 4.643726e+01 4.946257e+01 6.876094e+01 5.436464e+01 3.891581e+01 3.327450e+01 7.664993e+01 8.785075e-01 1.808450e+00 2.843194e+00 2.892492e+00 2.745721e+00 3.674672e+00 3.863795e+00 4.177320e+00 4.195161e+00 4.106994e+00 3.746619e+00 3.328480e+00 8.581942e-01 1.214866e-01 2.441452e-01 4.034521e-01 4.852963e-01 5.239240e-01 7.223547e-01 7.830287e-01 8.481097e-01 8.267900e-01 8.225899e-01 7.546809e-01 6.722069e-01 9.437314e-02
<GCONST> 1.251605e+02
<STATE> 3
<MEAN> 39
 -1.494171e+01 4.142057e+00 -3.112278e+00 3.677655e-01 -9.132693e-01 1.814517e+00 2.850384e+00 4.334816e+00 1.399922e+00 1.858610e+00 -2.983158e+00 -3.616012e+00 5.868265e+01 -1.672360e-02 4.283688e-02 5.291298e-03 4.307192e-02 4.080556e-03 -5.416681e-02 1.558832e-02 1.820004e-02 -1.561049e-02 1.356631e-02 5.446071e-04 -4.856155e-02 -3.232969e-02 2.292723e-03 -7.734025e-03 2.205149e-03 -3.592026e-03 3.962151e-03 6.421641e-03 -3.117153e-03 -3.711900e-03 -3.252390e-04 6.913246e-04 2.703188e-03 5.576794e-03 6.796213e-03
<VARIANCE> 39
 8.019990e-01 1.427672e+00 3.774393e+00 3.060983e+00 3.762060e+00 5.867607e+00 5.938478e+00 6.209925e+00 5.432606e+00 5.041254e+00 5.436672e+00 5.508833e+00 3.859711e-01 4.156422e-02 1.036037e-01 1.810951e-01 2.409297e-01 3.592251e-01 4.456469e-01 5.388705e-01 5.297865e-01 5.007709e-01 4.656512e-01 5.071978e-01 4.531261e-01 1.809221e-02 7.282892e-03 2.058644e-02 3.067092e-02 4.581400e-02 7.188877e-02 8.829458e-02 1.086346e-01 1.056325e-01 9.900852e-02 9.296850e-02 1.006842e-01 9.009220e-02 3.056135e-03
<GCONST> 2.803373e+01
<STATE> 4
<MEAN> 39
 -1.804698e+01 3.265898e+00 -3.510611e+00 3.016903e+00 8.271840e-01 2.803687e+00 4.333619e+00 4.656035e-01 3.129647e-01 7.259132e-01 1.296081e+00 3.320681e-01 5.378828e+01 -2.619141e-02 2.561337e-02 1.121299e-01 9.422412e-02 1.044324e-01 7.576749e-02 1.250852e-02 8.297042e-02 1.023271e-01 2.560720e-02 -4.212384e-03 4.687722e-02 -9.245899e-03 4.852916e-02 -1.978522e-02 7.016963e-02 7.194988e-02 5.008758e-02 1.633643e-02 -2.964509e-02 -3.454461e-02 -6.569172e-03 -5.160801e-03 1.552924e-02 2.100578e-02 6.474122e-02
<VARIANCE> 39
 9.063132e+00 7.869171e+00 1.191163e+01 1.615277e+01 1.063652e+01 1.352364e+01 1.516042e+01 2.775045e+01 1.864328e+01 1.690515e+01 2.132889e+01 1.755709e+01 3.558239e+01 1.971487e-01 3.694721e-01 5.897420e-01 7.003542e-01 7.679769e-01 1.054171e+00 1.041594e+00 1.083899e+00 9.778601e-01 1.067080e+00 1.001850e+00 9.403593e-01 1.020553e-01 6.175542e-02 9.425877e-02 1.189542e-01 1.683336e-01 2.134182e-01 1.951668e-01 2.049904e-01 2.410377e-01 1.990674e-01 1.960395e-01 1.871651e-01 1.985377e-01 3.915097e-02
<GCONST> 7.655260e+01
<STATE> 5
<MEAN> 39
 -1.281616e+01 1.948049e+00 -3.679064e+00 5.093017e-01 -2.225722e+00 -2.178616e-01 -1.065912e+00 6.405568e-01 -2.127147e+00 -3.758927e+00 -2.101002e+00 7.840880e-01 4.294065e+01 5.412385e-01 -4.990639e-01 3.675437e-01 4.285034e-01 3.497839e-01 -6.903622e-02 -4.501670e-01 -1.399649e-01 6.966628e-02 -1.211824e-01 7.697558e-02 1.788130e-01 7.663885e-01 1.115127e-01 -2.677562e-02 -1.915694e-02 4.973020e-02 7.489404e-02 -4.700780e-02 -8.068307e-02 -2.048835e-02 -3.351667e-02 -5.295870e-02 1.436573e-02 3.929409e-03 1.138987e-01
<VARIANCE> 39
 4.629382e+01 6.530028e+01 6.982659e+01 6.367051e+01 6.220398e+01 5.197112e+01 6.159040e+01 6.435396e+01 7.857390e+01 6.572405e+01 5.285757e+01 4.882394e+01 1.438596e+02 3.112796e+00 5.648960e+00 5.347022e+00 5.504001e+00 6.805645e+00 5.291285e+00 5.732332e+00 5.811211e+00 6.547770e+00 5.664028e+00 5.571734e+00 4.683302e+00 4.731120e+00 4.651860e-01 1.031320e+00 9.227154e-01 9.165646e-01 1.187906e+00 1.131889e+00 1.154442e+00 1.129324e+00 1.283435e+00 1.149989e+00 1.126911e+00 9.361118e-01 8.922483e-01
<GCONST> 1.475870e+02
<TRANSP> 6
 0.000000e+00 7.156395e-01 2.843605e-01 0.000000e+00 0.000000e+00 0.000000e+00
 0.000000e+00 9.463338e-01 1.954735e-02 3.411891e-02 0.000000e+00 0.000000e+00
 0.000000e+00 0.000000e+00 9.716753e-01 2.832466e-02 0.000000e+00 0.000000e+00
 0.000000e+00 0.000000e+00 0.000000e+00 7.782512e-01 1.500475e-01 7.170126e-02
 0.000000e+00 0.000000e+00 0.000000e+00 0.000000e+00 8.954564e-01 1.045437e-01
 0.000000e+00 0.000000e+00 0.000000e+00 0.000000e+00 0.000000e+00 0.000000e+00
<ENDHMM>
