~o
<STREAMINFO> 1 39
<VECSIZE> 39<NULLD><MFCC_D_A_0><DIAGC>
~h "tiga"
<BEGINHMM>
<NUMSTATES> 6
<STATE> 2
<MEAN> 39
 -2.747791e+00 -1.340215e+00 1.522423e+00 1.345220e+01 4.004785e+00 -1.682116e+00 -9.191035e+00 1.461898e+00 1.069775e+00 -5.893867e+00 4.501572e-01 -1.192422e+00 4.873950e+01 7.800058e-01 -2.305211e-01 2.933124e-01 4.731171e-01 2.239829e-01 2.718615e-01 -4.419011e-01 -7.663818e-02 1.821669e-01 -6.615883e-01 5.339123e-02 3.775651e-01 7.053178e-01 7.257185e-02 9.691704e-02 1.132177e-02 -3.817044e-02 -7.985237e-02 -3.827586e-02 2.559765e-02 -1.199839e-03 -4.140811e-02 -1.056853e-01 -5.139705e-02 1.173944e-01 1.403068e-02
<VARIANCE> 39
 3.453188e+01 8.756464e+01 5.266413e+01 8.813384e+01 7.632555e+01 5.194416e+01 6.342300e+01 6.228178e+01 4.942091e+01 6.115614e+01 2.629800e+01 3.814948e+01 5.086782e+01 3.306067e+00 1.189559e+01 6.758139e+00 7.808868e+00 8.775965e+00 6.256200e+00 9.246725e+00 7.614198e+00 6.132670e+00 7.051262e+00 3.491133e+00 3.929235e+00 5.643944e+00 5.581160e-01 2.213528e+00 1.431143e+00 1.151011e+00 1.390835e+00 1.206536e+00 1.812479e+00 1.508682e+00 1.284306e+00 1.187218e+00 7.304085e-01 7.110525e-01 9.401211e-01
<GCONST> 1.495079e+02
<STATE> 3
<MEAN> 39
 -5.809612e+00 -1.472844e+00 4.279981e+00 1.723521e+01 1.104521e+01 -3.705623e+00 -9.556707e+00 4.512536e-01 -5.326817e-01 -7.374080e-01 7.443230e-01 -2.042340e+00 6.684505e+01 5.947257e-01 -1.851260e-01 -2.046239e-01 -1.544668e-01 -4.832674e-02 -3.383939e-01 -5.108376e-01 -1.840149e-01 -4.693626e-01 -1.419887e-01 5.054608e-01 5.182217e-01 4.970770e-01 -1.673348e-02 3.477138e-02 -2.072253e-01 -2.492199e-01 -2.401701e-01 -7.050594e-03 1.970555e-01 1.008326e-01 2.070737e-02 3.835114e-02 5.777045e-02 1.255496e-01 -7.097825e-02
<VARIANCE> 39
 3.267580e+01 3.425715e+01 3.456104e+01 5.113840e+01 3.485691e+01 3.383154e+01 6.521133e+01 5.688857e+01 3.695246e+01 3.997001e+01 2.128530e+01 1.911491e+01 4.071701e+01 1.648145e+00 2.574536e+00 2.380954e+00 5.416319e+00 3.817133e+00 3.450757e+00 5.928484e+00 2.460689e+00 3.677145e+00 1.811732e+00 2.546016e+00 2.495533e+00 2.137200e+00 2.620794e-01 4.089894e-01 3.797340e-01 5.967116e-01 5.378358e-01 5.051849e-01 1.045777e+00 4.627014e-01 6.582366e-01 3.851833e-01 3.283415e-01 3.244966e-01 3.090690e-01
<GCONST> 1.217124e+02
<STATE> 4
<MEAN> 39
 2.086387e+00 -5.199343e+00 -9.218707e+00 1.013321e-01 3.590533e-01 -6.037688e+00 -9.245090e+00 1.829450e+00 -4.071471e+00 -1.533060e+00 1.110964e+01 1.042760e+01 7.198342e+01 -1.166419e-01 4.999698e-01 -4.836456e-01 -6.381612e-01 -6.471667e-01 3.715755e-01 1.127508e+00 6.193837e-01 3.847899e-01 -1.386726e-01 -3.293959e-01 3.604585e-01 -4.445256e-01 -1.752508e-01 9.096987e-02 1.539204e-01 2.054303e-01 2.355875e-01 6.955862e-02 1.318678e-02 -9.844067e-03 8.267352e-02 2.200091e-02 -2.297880e-01 -2.408962e-01 -1.450788e-01
<VARIANCE> 39
 1.970077e+01 2.106703e+01 8.312243e+01 3.103269e+01 2.603559e+01 6.953835e+01 4.556512e+01 3.633966e+01 2.545056e+01 7.772436e+01 2.654163e+01 1.009628e+01 4.813923e+01 4.643449e-01 5.297914e-01 1.132337e+00 1.596484e+00 1.462210e+00 1.434487e+00 1.452177e+00 1.825263e+00 1.324472e+00 1.381146e+00 1.527167e+00 1.500857e+00 4.399731e-01 6.364822e-02 1.097824e-01 1.281500e-01 2.022682e-01 1.704016e-01 2.940457e-01 3.171441e-01 3.939096e-01 3.278670e-01 3.108724e-01 3.166455e-01 2.809477e-01 7.086679e-02
<GCONST> 9.800676e+01
<STATE> 5
<MEAN> 39
 1.887190e+00 5.582754e+00 -1.284884e+00 4.909718e+00 -1.316765e+00 1.067371e+00 -2.045284e+00 5.571812e+00 3.282451e+00 -1.153843e+01 -3.371053e+00 7.005797e+00 5.230880e+01 -7.621010e-01 8.332136e-01 -1.884972e-01 -3.384629e-02 2.878700e-01 -3.254751e-01 7.720458e-01 2.629820e-01 3.509813e-03 8.442726e-01 -4.373776e-01 -8.336443e-01 -9.580241e-01 -2.498911e-02 -7.320114e-02 5.134072e-02 3.228751e-02 9.345230e-02 6.726512e-02 -1.612988e-01 -9.748834e-02 -5.160933e-02 8.541867e-02 1.049003e-01 -7.469002e-02 1.093693e-02
<VARIANCE> 39
 5.085510e+01 4.700099e+01 3.340984e+01 5.390400e+01 5.361726e+01 4.532091e+01 4.212355e+01 5.914459e+01 7.058207e+01 5.897531e+01 4.494061e+01 1.030584e+02 7.498885e+01 1.452883e+00 3.138186e+00 3.498380e+00 2.913685e+00 4.853018e+00 3.745886e+00 3.180370e+00 5.335901e+00 4.730383e+00 4.525752e+00 3.424514e+00 6.218416e+00 1.803008e+00 2.571259e-01 3.633055e-01 6.571870e-01 5.941818e-01 8.802856e-01 7.896204e-01 5.379110e-01 8.764859e-01 7.727095e-01 8.878670e-01 6.278317e-01 9.685235e-01 2.403416e-01
<GCONST> 1.332163e+02
<TRANSP> 6
 0.000000e+00 5.787420e-01 4.212580e-01 0.000000e+00 0.000000e+00 0.000000e+00
 0.000000e+00 9.356602e-01 6.433985e-02 0.000000e+00 0.000000e+00 0.000000e+00
 0.000000e+00 0.000000e+00 9.155087e-01 8.449128e-02 0.000000e+00 0.000000e+00
 0.000000e+00 0.000000e+00 0.000000e+00 8.759903e-01 8.279644e-02 4.121326e-02
 0.000000e+00 0.000000e+00 0.000000e+00 0.000000e+00 9.012631e-01 9.873687e-02
 0.000000e+00 0.000000e+00 0.000000e+00 0.000000e+00 0.000000e+00 0.000000e+00
<ENDHMM>
