~o
<STREAMINFO> 1 36
<VECSIZE> 36<NULLD><LPC_D_A><DIAGC>
~h "tujuh"
<BEGINHMM>
<NUMSTATES> 8
<STATE> 2
<MEAN> 36
 -2.474428e+00 4.019049e+00 -5.554585e+00 6.507074e+00 -6.640604e+00 5.971900e+00 -4.652262e+00 3.112347e+00 -1.778345e+00 7.429061e-01 -2.596705e-01 7.211366e-02 6.321400e-02 -1.382702e-01 2.366799e-01 -2.990692e-01 3.333835e-01 -3.168952e-01 2.788979e-01 -1.847422e-01 1.132258e-01 -4.865377e-02 2.039786e-02 -6.395190e-03 -2.039340e-02 6.926158e-02 -1.233502e-01 1.845537e-01 -2.328907e-01 2.584486e-01 -2.483550e-01 2.062359e-01 -1.449988e-01 8.708449e-02 -3.689993e-02 9.730010e-03
<VARIANCE> 36
 2.084706e-01 1.676331e+00 5.235135e+00 1.100563e+01 1.631186e+01 1.844486e+01 1.631535e+01 1.091354e+01 5.499601e+00 1.998057e+00 4.484987e-01 5.023729e-02 2.217997e-02 1.903386e-01 5.620291e-01 1.239465e+00 1.936061e+00 2.332155e+00 2.181766e+00 1.589218e+00 8.377249e-01 3.215939e-01 6.979101e-02 7.175007e-03 8.485030e-03 6.435397e-02 1.890080e-01 3.851194e-01 5.665851e-01 6.397702e-01 5.617530e-01 3.746781e-01 1.857266e-01 6.742291e-02 1.482013e-02 1.624277e-03
<GCONST> 3.894885e+01
<STATE> 3
<MEAN> 36
 -8.214713e-01 2.467733e-01 -2.885315e-01 2.654724e-01 -3.538625e-01 2.896065e-01 -2.031884e-01 2.618210e-01 -2.241634e-01 1.427939e-01 -1.520904e-01 9.789092e-02 -2.068147e-04 -8.748441e-03 4.751617e-03 -3.521843e-03 3.353807e-04 -5.609339e-03 -1.378779e-03 4.325628e-04 8.558425e-04 7.425156e-04 7.566072e-04 -7.489368e-05 8.575573e-03 -1.963312e-04 -1.217396e-03 7.699365e-04 6.262432e-04 -1.196769e-04 -6.647374e-04 -7.202178e-04 -7.445190e-06 5.547017e-05 2.561340e-04 -4.453860e-04
<VARIANCE> 36
 2.851708e-01 2.233925e-01 2.617666e-01 1.844057e-01 1.020056e-01 9.016999e-02 1.002076e-01 7.815830e-02 4.041334e-02 4.647354e-02 3.192410e-02 1.717682e-02 3.749458e-02 2.793859e-02 1.176963e-02 1.394767e-02 7.220014e-03 7.596345e-03 3.373252e-03 5.203212e-03 3.003478e-03 2.844781e-03 2.069930e-03 1.658595e-03 7.675712e-03 6.094267e-03 2.512485e-03 3.035171e-03 1.605179e-03 1.690485e-03 7.255832e-04 1.115785e-03 6.427884e-04 6.253744e-04 4.372185e-04 3.509395e-04
<GCONST> -1.025497e+02
<STATE> 4
<MEAN> 36
 -2.795564e+00 5.118196e+00 -7.465904e+00 9.358894e+00 -1.023480e+01 9.875894e+00 -8.408796e+00 6.252966e+00 -3.971234e+00 2.069924e+00 -8.282409e-01 2.299190e-01 4.461529e-03 -5.056240e-02 8.477417e-02 -1.614143e-01 2.233463e-01 -2.721736e-01 2.672415e-01 -2.486046e-01 1.855887e-01 -1.172115e-01 5.129284e-02 -6.821235e-03 3.251179e-02 -9.906104e-02 1.676483e-01 -2.445680e-01 2.995546e-01 -3.168395e-01 2.908935e-01 -2.335500e-01 1.587211e-01 -9.224135e-02 3.978219e-02 -1.156888e-02
<VARIANCE> 36
 1.188395e-01 9.018064e-01 3.211881e+00 7.197452e+00 1.116172e+01 1.309609e+01 1.193909e+01 8.665713e+00 4.776520e+00 1.918433e+00 4.364502e-01 3.444751e-02 4.030636e-02 3.049907e-01 9.240609e-01 1.912483e+00 2.834017e+00 3.168199e+00 2.729764e+00 1.787320e+00 8.794085e-01 3.166224e-01 6.653690e-02 5.223682e-03 5.357774e-03 3.616382e-02 1.112808e-01 2.328405e-01 3.500677e-01 4.053074e-01 3.621061e-01 2.538892e-01 1.328744e-01 5.202142e-02 1.107308e-02 8.054217e-04
<GCONST> 3.227677e+01
<STATE> 5
<MEAN> 36
 -5.935608e-01 9.184846e-02 -2.369378e-01 2.365320e-01 -3.040228e-01 1.930396e-01 -2.055205e-01 2.228368e-01 -1.765190e-01 1.289676e-01 -1.497359e-01 7.013851e-02 3.127742e-02 1.703827e-02 -1.675936e-02 1.352520e-02 4.155232e-03 7.097548e-03 -1.723620e-02 -6.745954e-03 -2.591707e-04 1.137106e-02 -1.195791e-04 2.596875e-04 -2.733168e-02 2.871433e-02 -2.595792e-03 -9.810295e-04 -2.304131e-03 9.593162e-03 -2.855477e-03 -3.629347e-03 -5.450276e-03 4.872654e-03 1.284432e-03 2.273277e-03
<VARIANCE> 36
 4.095857e-01 1.683081e-01 1.998467e-01 2.006028e-01 9.517828e-02 9.084977e-02 9.456557e-02 6.885607e-02 4.250236e-02 3.067578e-02 2.847997e-02 1.885752e-02 3.475930e-02 2.378573e-02 1.130440e-02 1.218846e-02 1.030389e-02 5.988012e-03 4.056082e-03 3.952379e-03 3.426061e-03 1.920542e-03 2.476967e-03 1.829137e-03 7.932052e-03 5.300272e-03 3.530788e-03 2.648218e-03 1.452159e-03 9.721197e-04 9.011112e-04 1.064103e-03 6.441735e-04 6.716673e-04 4.894997e-04 4.148021e-04
<GCONST> -1.036907e+02
<STATE> 6
<MEAN> 36
 -1.106534e+00 8.845448e-01 -9.630600e-01 9.542869e-01 -9.667839e-01 7.195833e-01 -4.447144e-01 2.495734e-01 -1.545724e-01 7.177177e-02 -7.242446e-02 5.650485e-02 2.425860e-02 -4.179437e-02 8.194091e-02 -1.185780e-01 1.417103e-01 -1.174388e-01 1.008266e-01 -8.337841e-02 4.075845e-02 -2.184954e-02 1.889526e-02 -7.332908e-03 -3.198533e-02 6.982241e-02 -1.175861e-01 1.698246e-01 -1.974230e-01 2.056496e-01 -1.845727e-01 1.456220e-01 -9.717662e-02 5.066568e-02 -1.789735e-02 4.004848e-03
<VARIANCE> 36
 7.890058e-01 1.586092e+00 2.593983e+00 3.065508e+00 2.581692e+00 2.091012e+00 1.474026e+00 8.123257e-01 3.899754e-01 1.670028e-01 6.409045e-02 1.697517e-02 4.571000e-02 9.479965e-02 1.129595e-01 1.954811e-01 2.393626e-01 2.446479e-01 2.021397e-01 1.316701e-01 6.809460e-02 2.862662e-02 9.769015e-03 2.066503e-03 9.850793e-03 3.433542e-02 7.055394e-02 1.354605e-01 1.869512e-01 1.987581e-01 1.656086e-01 1.028116e-01 4.691670e-02 1.588359e-02 3.521975e-03 4.640839e-04
<GCONST> -1.253031e+01
<STATE> 7
<MEAN> 36
 -1.588031e+00 2.240702e+00 -3.191188e+00 3.756114e+00 -3.850158e+00 3.525939e+00 -2.915159e+00 2.050338e+00 -1.272114e+00 6.276850e-01 -2.434026e-01 7.759245e-02 -6.736160e-02 1.913033e-01 -3.022880e-01 4.440546e-01 -5.188733e-01 5.472857e-01 -5.103959e-01 4.096546e-01 -2.952834e-01 1.793154e-01 -7.246391e-02 1.561394e-02 -1.372194e-02 1.418201e-02 -9.400393e-03 1.619363e-02 -1.901165e-02 1.339838e-02 -4.920721e-03 3.058010e-03 -6.695608e-04 3.834250e-03 -4.880126e-03 3.278632e-03
<VARIANCE> 36
 1.460950e+00 5.673315e+00 1.193969e+01 1.937049e+01 2.350454e+01 2.295671e+01 1.793360e+01 1.072584e+01 4.798031e+00 1.557643e+00 3.062797e-01 2.940352e-02 4.194100e-02 1.374093e-01 3.479499e-01 6.936507e-01 9.968127e-01 1.100037e+00 9.773418e-01 6.625701e-01 3.241931e-01 1.143136e-01 2.289996e-02 2.293936e-03 6.653559e-03 2.668949e-02 7.094494e-02 1.466379e-01 2.176223e-01 2.462601e-01 2.153155e-01 1.422400e-01 7.094692e-02 2.429299e-02 4.801459e-03 4.978076e-04
<GCONST> 2.358268e+01
<TRANSP> 8
 0.000000e+00 1.999989e-01 8.000011e-01 0.000000e+00 0.000000e+00 0.000000e+00 0.000000e+00 0.000000e+00
 0.000000e+00 8.546675e-01 0.000000e+00 1.453325e-01 0.000000e+00 0.000000e+00 0.000000e+00 0.000000e+00
 0.000000e+00 0.000000e+00 9.413357e-01 0.000000e+00 5.866436e-02 0.000000e+00 0.000000e+00 0.000000e+00
 0.000000e+00 0.000000e+00 0.000000e+00 8.925672e-01 0.000000e+00 1.074328e-01 0.000000e+00 0.000000e+00
 0.000000e+00 0.000000e+00 0.000000e+00 0.000000e+00 0.000000e+00 1.000000e+00 0.000000e+00 0.000000e+00
 0.000000e+00 0.000000e+00 0.000000e+00 0.000000e+00 0.000000e+00 2.513886e-01 7.486114e-01 0.000000e+00
 0.000000e+00 0.000000e+00 0.000000e+00 0.000000e+00 0.000000e+00 0.000000e+00 3.556803e-01 6.443197e-01
 0.000000e+00 0.000000e+00 0.000000e+00 0.000000e+00 0.000000e+00 0.000000e+00 0.000000e+00 0.000000e+00
<ENDHMM>
