~o
<STREAMINFO> 1 39
<VECSIZE> 39<NULLD><PLP_D_A_0><DIAGC>
~h "bagi"
<BEGINHMM>
<NUMSTATES> 8
<STATE> 2
<MEAN> 39
 -3.874174e-01 -4.119331e-01 -7.270925e-01 -4.364291e-01 -6.934007e-01 -1.036622e+00 -6.630256e-01 -6.109693e-02 -3.219554e-01 -7.470453e-01 -1.957456e-01 3.053417e-02 4.693901e+00 1.995767e-01 -3.705902e-02 -5.343699e-02 -2.489916e-02 -1.047524e-01 -1.344825e-01 -7.719544e-02 3.076414e-02 -1.679839e-02 -8.524155e-02 7.263411e-02 7.040366e-02 1.721251e-01 -2.073742e-02 -5.713116e-02 1.474734e-02 -2.078499e-02 -1.784955e-02 1.388965e-02 2.898019e-03 -1.229832e-02 7.304372e-03 1.673580e-02 4.585870e-02 2.978623e-02 2.492527e-02
<VARIANCE> 39
 6.631645e-01 3.735899e-01 2.838954e-01 4.512205e-01 4.360230e-01 5.040601e-01 2.530305e-01 2.497970e-01 2.373158e-01 3.834045e-01 3.651308e-01 2.736106e-01 9.707564e-01 3.650208e-02 8.846834e-02 4.633458e-02 4.984685e-02 5.636508e-02 8.254987e-02 3.053757e-02 2.355691e-02 2.236379e-02 3.338537e-02 5.732784e-02 5.457876e-02 3.419450e-02 9.360746e-03 1.326404e-02 8.392359e-03 8.839380e-03 1.550145e-02 1.406360e-02 4.505448e-03 4.054177e-03 4.276008e-03 5.610710e-03 6.849305e-03 1.055085e-02 9.773599e-03
<GCONST> -4.418147e+01
<STATE> 3
<MEAN> 39
 -8.138291e-02 -1.091421e+00 -9.091797e-01 -1.115108e+00 -5.584751e-01 -1.771180e+00 -5.228890e-01 -4.329062e-01 -6.599993e-01 -1.549354e-01 6.651650e-01 5.417902e-01 6.170398e+00 -6.664179e-02 5.591370e-02 6.936868e-02 9.949094e-02 8.695579e-02 5.136080e-02 1.691486e-03 -8.672258e-02 -4.867069e-02 1.236044e-03 1.642233e-03 -1.002992e-02 -6.922672e-02 -3.461466e-02 4.147514e-02 4.197928e-02 5.249622e-02 3.721568e-02 2.410432e-02 -3.623006e-03 -7.783567e-03 2.708094e-03 -2.067586e-02 -4.396943e-02 -5.132152e-02 -5.038439e-02
<VARIANCE> 39
 5.842463e-02 8.473953e-01 3.091127e-01 8.735407e-01 4.992067e-01 3.221401e-01 1.059342e+00 2.900518e-01 2.519564e-01 5.811108e-01 3.535796e-01 1.164887e-01 4.985283e-01 6.776019e-03 2.692075e-02 1.906329e-02 1.765291e-02 1.117159e-02 3.482281e-02 2.381407e-02 1.358502e-02 2.659121e-02 1.883338e-02 2.382958e-02 1.622022e-02 1.516705e-02 1.409426e-03 8.772469e-03 2.692822e-03 3.806248e-03 4.460611e-03 8.458850e-03 4.778053e-03 3.689201e-03 6.938445e-03 4.879428e-03 3.600091e-03 4.529710e-03 4.248879e-03
<GCONST> -6.429112e+01
<STATE> 4
<MEAN> 39
 -5.406974e-01 -7.337987e-01 4.298185e-02 -3.367929e-01 9.469782e-02 -1.361389e+00 -4.037014e-01 -7.647923e-01 -5.874318e-01 -7.271375e-01 1.087657e-01 -5.348825e-02 5.205928e+00 -1.141709e-01 -1.917764e-02 1.388109e-01 2.393459e-01 1.860282e-01 -7.326844e-02 -1.248059e-01 3.242640e-02 6.088009e-02 -2.684063e-02 -7.771143e-02 -1.921471e-01 -5.683953e-02 3.618073e-02 -5.766188e-02 -2.639011e-03 -1.021761e-02 -1.560779e-02 -6.735391e-02 -4.392988e-02 1.254496e-02 2.225772e-03 7.600334e-03 -2.639339e-03 1.304516e-02 6.742374e-02
<VARIANCE> 39
 1.556451e-01 5.655973e-01 5.005545e-01 9.386063e-01 5.152236e-01 9.995296e-01 3.848272e-01 6.055435e-01 2.141878e-01 4.899282e-01 2.442234e-01 2.082652e-01 1.032622e+00 1.607422e-02 6.119334e-02 3.318255e-02 1.729918e-02 2.400232e-02 6.943910e-02 2.500423e-02 3.267256e-02 3.858671e-02 4.257421e-02 2.778829e-02 2.474815e-02 4.167574e-02 3.393169e-03 8.991892e-03 6.838237e-03 5.579960e-03 6.152744e-03 1.664380e-02 6.039957e-03 7.184562e-03 8.431937e-03 6.469307e-03 4.736456e-03 6.366543e-03 5.609229e-03
<GCONST> -4.880653e+01
<STATE> 5
<MEAN> 39
 -6.087620e-01 -5.270448e-01 1.098408e-01 5.884672e-01 9.984267e-02 -1.858481e+00 -1.496359e+00 -6.183132e-01 -4.608908e-01 -7.772506e-01 -2.963432e-01 -5.850348e-01 5.637153e+00 3.104906e-04 -7.380448e-02 4.872994e-02 8.296156e-02 3.162293e-02 -4.747724e-02 -1.100622e-01 -2.006136e-02 -4.303177e-02 -9.494323e-03 -1.338360e-02 -3.804576e-02 1.693437e-02 -5.870553e-03 2.428609e-02 -3.294506e-02 -5.895029e-02 -3.328612e-02 4.183235e-02 4.081601e-02 -1.166134e-02 -5.139040e-03 6.842658e-03 1.410670e-02 4.147280e-02 -2.305909e-02
<VARIANCE> 39
 1.058741e-01 4.079393e-01 2.706514e-01 3.211918e-01 1.512762e-01 3.826478e-01 2.180738e-01 8.280770e-02 1.586796e-01 1.582994e-01 2.729837e-01 8.160897e-02 2.622560e-01 1.476075e-02 1.610917e-02 2.256574e-02 2.025478e-02 1.684084e-02 4.460613e-02 3.526849e-02 1.336055e-02 1.480528e-02 8.616376e-03 8.832606e-03 1.354536e-02 1.833823e-02 2.647397e-03 3.040104e-03 3.103568e-03 4.461958e-03 2.655595e-03 2.673202e-03 2.015661e-03 2.246183e-03 3.142218e-03 1.878112e-03 2.151993e-03 2.963584e-03 9.304186e-04
<GCONST> -8.054449e+01
<STATE> 6
<MEAN> 39
 -6.399571e-01 -1.502842e+00 7.265308e-01 -2.178686e-01 5.818554e-01 -2.287375e+00 -9.474916e-01 -9.329706e-01 -6.170529e-01 -7.257385e-01 -2.437333e-02 -2.516744e-01 5.882751e+00 -2.280695e-02 4.173260e-02 -5.865562e-02 -1.522933e-01 -4.559647e-02 1.308467e-01 6.347505e-02 -4.671481e-02 1.648183e-02 1.909133e-02 1.249903e-02 7.206816e-02 -2.825724e-02 -1.968906e-02 2.894138e-02 -3.350322e-02 -4.929664e-02 -2.305027e-02 2.997773e-02 6.732674e-02 1.760253e-02 1.147007e-02 5.481143e-03 -9.730494e-03 1.540651e-02 -2.868245e-02
<VARIANCE> 39
 2.209183e-01 3.118469e-01 7.266785e-01 1.086477e+00 2.570931e-01 2.050855e+00 8.009661e-01 2.915771e-01 2.671847e-01 3.637364e-01 4.397276e-01 1.423455e-01 9.173856e-01 2.985406e-02 3.593667e-02 5.178541e-02 4.549892e-02 2.979222e-02 8.633530e-02 4.216830e-02 2.879024e-02 3.138029e-02 2.524482e-02 2.935927e-02 1.750478e-02 3.248752e-02 4.197356e-03 8.655079e-03 1.059533e-02 8.463612e-03 7.029586e-03 2.377080e-02 9.663454e-03 6.507807e-03 7.714395e-03 5.885637e-03 6.687988e-03 4.047019e-03 8.185491e-03
<GCONST> -4.545909e+01
<STATE> 7
<MEAN> 39
 -1.210020e+00 -6.553853e-01 -3.496996e-01 -4.822948e-01 -2.506086e-01 -1.164144e+00 -7.505572e-01 -7.789597e-01 -4.928751e-01 -4.848042e-01 2.522546e-03 3.301115e-02 5.145032e+00 2.436820e-03 2.992562e-02 -4.219108e-02 -1.061950e-01 -7.020207e-02 5.617487e-03 9.151961e-02 3.715044e-02 3.019927e-02 1.906881e-02 -3.184532e-03 3.885917e-02 -1.456576e-02 3.292594e-02 -7.020384e-03 1.557756e-02 3.585661e-02 5.625832e-03 -2.875964e-02 -2.686980e-02 5.847273e-03 -6.286222e-03 -9.230364e-03 -2.178773e-03 -2.271835e-02 2.141919e-02
<VARIANCE> 39
 5.119078e-01 3.836318e-01 4.600323e-01 1.022224e+00 5.512867e-01 4.872825e-01 3.582450e-01 2.052827e-01 1.583616e-01 1.819446e-01 1.955125e-01 9.233697e-02 6.324204e-01 5.370963e-02 3.017988e-02 3.226718e-02 3.982466e-02 2.339430e-02 4.358165e-02 3.015668e-02 1.395708e-02 2.151270e-02 1.790707e-02 2.705914e-02 1.402240e-02 2.376999e-02 8.454924e-03 5.181854e-03 4.791555e-03 5.181585e-03 3.739860e-03 7.552404e-03 4.456772e-03 3.472648e-03 3.735572e-03 2.661371e-03 3.866250e-03 1.777020e-03 4.191957e-03
<GCONST> -6.094143e+01
<TRANSP> 8
 0.000000e+00 7.250276e-01 2.749724e-01 0.000000e+00 0.000000e+00 0.000000e+00 0.000000e+00 0.000000e+00
 0.000000e+00 7.966924e-01 2.033077e-01 0.000000e+00 0.000000e+00 0.000000e+00 0.000000e+00 0.000000e+00
 0.000000e+00 0.000000e+00 7.881218e-01 2.118782e-01 0.000000e+00 0.000000e+00 0.000000e+00 0.000000e+00
 0.000000e+00 0.000000e+00 0.000000e+00 7.273738e-01 2.726262e-01 0.000000e+00 0.000000e+00 0.000000e+00
 0.000000e+00 0.000000e+00 0.000000e+00 0.000000e+00 7.239848e-01 2.760151e-01 0.000000e+00 0.000000e+00
 0.000000e+00 0.000000e+00 0.000000e+00 0.000000e+00 0.000000e+00 7.304466e-01 2.695534e-01 0.000000e+00
 0.000000e+00 0.000000e+00 0.000000e+00 0.000000e+00 0.000000e+00 0.000000e+00 7.468860e-01 2.531140e-01
 0.000000e+00 0.000000e+00 0.000000e+00 0.000000e+00 0.000000e+00 0.000000e+00 0.000000e+00 0.000000e+00
<ENDHMM>
