~o
<STREAMINFO> 1 39
<VECSIZE> 39<NULLD><PLP_D_A_0><DIAGC>
~h "belas"
<BEGINHMM>
<NUMSTATES> 8
<STATE> 2
<MEAN> 39
 -4.282974e-02 -2.735752e-01 -7.210135e-01 1.330472e-01 -4.685668e-01 -8.895608e-01 -7.997288e-01 -6.064661e-01 -6.391636e-01 -9.215032e-01 -3.487598e-01 2.863562e-01 4.826047e+00 3.869357e-02 -1.274450e-01 1.121009e-02 -5.472489e-02 -1.453988e-01 9.916347e-03 -8.526967e-03 -6.173972e-02 -6.583116e-03 2.572644e-02 1.082356e-01 1.041544e-01 9.968749e-02 -4.781731e-03 -3.595592e-02 -2.997313e-04 -3.438359e-02 -3.124455e-02 1.259080e-02 1.462384e-02 2.195791e-02 3.208861e-02 3.334782e-02 3.810176e-02 1.054309e-02 2.055574e-02
<VARIANCE> 39
 2.248659e-01 4.862061e-01 4.675554e-01 2.618778e-01 4.586986e-01 4.313373e-01 2.916966e-01 6.666482e-01 4.699632e-01 2.706280e-01 4.644817e-01 3.250773e-01 7.345251e-01 2.057560e-02 3.989024e-02 4.181090e-02 2.540996e-02 5.621679e-02 5.751435e-02 2.977604e-02 2.835898e-02 4.290921e-02 2.492573e-02 4.270891e-02 3.304410e-02 1.779693e-02 4.290356e-03 6.007988e-03 7.047670e-03 4.004003e-03 9.440405e-03 8.691062e-03 7.213258e-03 6.444206e-03 8.550488e-03 4.134004e-03 6.207018e-03 7.130573e-03 3.495001e-03
<GCONST> -5.070966e+01
<STATE> 3
<MEAN> 39
 1.803189e-02 -1.416289e+00 -1.174913e+00 -1.239912e+00 -9.779269e-01 -1.508286e+00 -8.356062e-02 -5.386225e-01 -1.922957e-01 -1.790877e-03 3.900024e-01 6.779259e-01 6.367401e+00 -1.729217e-02 -6.773020e-02 -3.271396e-02 -1.039601e-01 -2.030335e-02 4.827990e-02 7.288411e-02 6.738438e-02 1.502720e-01 9.281730e-02 2.580489e-02 -1.438340e-02 6.320574e-02 -3.078096e-02 4.525701e-02 6.097618e-02 2.024231e-02 4.740689e-02 3.296544e-02 -2.411684e-02 -3.679622e-02 -4.057887e-02 -4.729287e-02 -2.741016e-02 -1.936912e-02 -3.211649e-02
<VARIANCE> 39
 6.443362e-02 4.836767e-01 5.204988e-01 6.367273e-01 2.817643e-01 3.484356e-01 7.723013e-01 5.001710e-01 4.418374e-01 2.732504e-01 2.035292e-01 1.728110e-01 3.141458e-01 3.603684e-03 1.999178e-02 1.764236e-02 1.678525e-02 1.839242e-02 1.348388e-02 2.679971e-02 2.255579e-02 3.069122e-02 2.550617e-02 1.943193e-02 1.749603e-02 7.644635e-03 1.915702e-03 2.998241e-03 4.136688e-03 2.787622e-03 2.825674e-03 2.980660e-03 6.029971e-03 4.113779e-03 7.211663e-03 3.523153e-03 3.518218e-03 3.007387e-03 1.049252e-03
<GCONST> -7.080000e+01
<STATE> 4
<MEAN> 39
 -4.001582e-01 -1.335147e+00 -1.671364e-01 -8.680413e-01 -1.053813e+00 -3.532536e-01 -4.492004e-01 -6.580130e-01 -1.698640e-01 -3.458970e-01 4.344102e-01 5.989217e-01 5.559142e+00 -3.574080e-01 -1.087681e-01 3.087331e-01 -1.181613e-01 6.145481e-02 1.187591e-01 2.328658e-02 -6.561486e-02 -1.246263e-01 7.092216e-02 2.265525e-02 -9.689416e-02 -2.437408e-02 -7.073677e-02 -2.725619e-02 -3.269867e-04 -2.611676e-02 -1.506178e-03 -3.483298e-02 -9.331341e-04 -9.056453e-04 -8.903972e-03 1.100165e-02 -2.418056e-02 -5.909074e-03 -9.684458e-03
<VARIANCE> 39
 3.904943e-01 4.327047e-01 7.016149e-01 5.893009e-01 3.017491e-01 7.601322e-01 4.373053e-01 2.429612e-01 4.371285e-01 3.872020e-01 1.606274e-01 2.202255e-01 9.329683e-01 4.468615e-02 5.591530e-02 2.964056e-02 3.757377e-02 3.547273e-02 3.767579e-02 3.283856e-02 2.536986e-02 3.631252e-02 4.321547e-02 2.994877e-02 1.655810e-02 5.580300e-03 7.244548e-03 7.102157e-03 1.059636e-02 5.672879e-03 8.981408e-03 5.857379e-03 4.813794e-03 3.514977e-03 7.558757e-03 5.651695e-03 3.773731e-03 4.652131e-03 1.857062e-03
<GCONST> -5.337441e+01
<STATE> 5
<MEAN> 39
 -1.669530e+00 -1.289992e+00 8.763503e-01 -2.352328e+00 7.836140e-01 -1.001863e+00 9.388518e-01 -1.085747e+00 1.668495e-01 -3.376795e-01 -8.811180e-02 -3.011514e-02 6.263923e+00 -4.637539e-02 2.676307e-02 1.959315e-02 3.877871e-02 2.115307e-02 3.200855e-02 7.476768e-03 3.450894e-02 -9.858065e-03 -1.564272e-03 4.321189e-02 -3.946644e-03 -9.150715e-02 3.273809e-02 -2.634872e-02 -3.269366e-02 6.484314e-03 -3.306806e-02 -1.485549e-02 1.677744e-02 5.253007e-03 -3.094875e-03 1.609265e-02 1.297079e-02 9.011251e-03 7.904260e-03
<VARIANCE> 39
 1.046850e+00 2.786376e-01 4.955280e-01 3.199888e-01 5.398344e-01 3.987318e-01 2.766701e-01 3.153005e-01 2.447039e-01 2.029199e-01 1.305026e-01 6.802817e-02 4.958681e-01 1.482257e-01 5.097680e-02 8.470383e-02 3.906775e-02 7.798421e-02 4.177723e-02 4.710793e-02 3.462499e-02 3.222498e-02 2.588934e-02 1.344629e-02 9.403631e-03 3.555535e-02 1.826435e-02 6.669684e-03 9.226515e-03 7.839310e-03 7.976391e-03 6.357853e-03 1.031353e-02 7.758519e-03 6.444762e-03 4.928563e-03 2.799922e-03 1.520531e-03 6.968688e-03
<GCONST> -5.150301e+01
<STATE> 6
<MEAN> 39
 -2.153801e+00 -1.731613e+00 2.878606e-01 -1.639903e+00 -1.033736e+00 -4.371694e-01 -2.501275e-01 -8.703654e-01 -3.244420e-01 9.736616e-02 4.667662e-01 3.545972e-01 5.715218e+00 -8.997745e-02 -3.459039e-02 -3.968396e-02 1.496882e-02 -1.616633e-02 1.516415e-02 7.213282e-03 -1.209775e-02 -1.313054e-02 1.267568e-02 -2.270643e-03 -2.989605e-03 -1.184146e-01 8.902165e-02 6.394999e-02 -7.641733e-02 5.452921e-02 1.152701e-02 -5.839655e-03 -1.059117e-02 1.575545e-02 1.481759e-02 -2.454737e-02 -1.001975e-02 5.028599e-03 -3.741879e-02
<VARIANCE> 39
 3.350593e-01 4.519227e-01 5.588211e-01 3.624761e-01 3.193761e-01 3.348345e-01 4.079769e-01 1.433385e-01 3.266576e-01 2.289124e-01 1.188820e-01 6.966660e-02 4.384040e-01 5.290795e-02 2.607629e-02 3.288417e-02 2.514488e-02 1.503829e-02 1.377425e-02 1.030218e-02 1.106249e-02 1.309227e-02 1.002606e-02 9.232331e-03 6.003414e-03 1.266410e-02 6.318221e-03 6.735008e-03 6.208556e-03 4.643750e-03 3.575050e-03 3.580630e-03 2.906878e-03 2.648622e-03 4.427776e-03 3.657478e-03 2.268382e-03 1.677374e-03 1.938592e-03
<GCONST> -7.276163e+01
<STATE> 7
<MEAN> 39
 -1.509594e+00 -1.091370e+00 -5.339281e-01 -9.799084e-01 -8.361348e-01 -5.914148e-01 -3.856237e-01 -7.134077e-01 -3.849102e-01 -2.674597e-01 2.689116e-01 3.420278e-01 4.490407e+00 1.125192e-01 1.473943e-01 -1.284892e-01 7.373941e-02 2.727733e-02 -5.024604e-02 -9.718591e-03 2.756442e-02 3.260981e-02 -5.468923e-02 -5.813477e-02 -9.746341e-03 -8.851765e-02 7.976631e-03 -1.001768e-02 1.812145e-02 -4.733939e-03 4.466756e-03 -3.885197e-03 -2.620152e-03 -3.737435e-04 -1.037307e-03 -1.397761e-03 2.777730e-03 -8.246322e-04 3.590027e-02
<VARIANCE> 39
 5.379991e-01 5.317066e-01 4.102820e-01 3.646218e-01 4.342206e-01 4.098653e-01 4.271299e-01 2.116197e-01 2.454577e-01 2.566088e-01 1.843764e-01 1.023688e-01 9.430851e-01 3.037572e-02 5.256923e-02 4.604943e-02 3.202228e-02 3.144610e-02 3.296578e-02 2.347120e-02 1.856102e-02 2.623523e-02 2.044549e-02 2.049585e-02 1.261591e-02 4.503727e-02 5.716255e-03 8.625512e-03 6.572405e-03 5.288143e-03 6.124588e-03 6.546083e-03 4.400699e-03 3.805251e-03 5.434374e-03 3.739904e-03 4.579657e-03 2.715167e-03 5.530579e-03
<GCONST> -5.746061e+01
<TRANSP> 8
 0.000000e+00 6.345901e-01 3.654099e-01 0.000000e+00 0.000000e+00 0.000000e+00 0.000000e+00 0.000000e+00
 0.000000e+00 7.764757e-01 1.359739e-01 8.755052e-02 0.000000e+00 0.000000e+00 0.000000e+00 0.000000e+00
 0.000000e+00 0.000000e+00 7.941359e-01 2.058641e-01 0.000000e+00 0.000000e+00 0.000000e+00 0.000000e+00
 0.000000e+00 0.000000e+00 0.000000e+00 7.053674e-01 6.100225e-02 2.336304e-01 0.000000e+00 0.000000e+00
 0.000000e+00 0.000000e+00 0.000000e+00 0.000000e+00 9.193596e-01 8.064039e-02 0.000000e+00 0.000000e+00
 0.000000e+00 0.000000e+00 0.000000e+00 0.000000e+00 0.000000e+00 7.730297e-01 2.269703e-01 0.000000e+00
 0.000000e+00 0.000000e+00 0.000000e+00 0.000000e+00 0.000000e+00 0.000000e+00 7.850016e-01 2.149984e-01
 0.000000e+00 0.000000e+00 0.000000e+00 0.000000e+00 0.000000e+00 0.000000e+00 0.000000e+00 0.000000e+00
<ENDHMM>
