~o
<STREAMINFO> 1 39
<VECSIZE> 39<NULLD><MFCC_D_A_0><DIAGC>
~h "delapan"
<BEGINHMM>
<NUMSTATES> 6
<STATE> 2
<MEAN> 39
 2.148821e+00 3.179950e+00 -4.539864e+00 9.692088e+00 5.039013e+00 -9.187598e-01 -4.095884e+00 2.648034e+00 -6.155175e-01 -6.996274e+00 -2.715591e+00 3.826085e+00 5.465906e+01 6.640653e-01 -3.284556e-01 -2.589988e-01 -2.149930e-01 -3.009930e-01 -2.091208e-01 -3.733668e-01 -1.120992e-01 1.080951e-02 -3.569129e-01 4.689568e-02 4.831621e-01 6.146529e-01 -4.319536e-02 -7.871281e-02 7.197420e-02 -1.583007e-01 -2.897387e-01 3.790151e-02 1.176857e-01 4.576195e-03 1.409940e-01 1.113289e-01 5.693072e-02 6.797177e-02 2.535443e-02
<VARIANCE> 39
 5.403452e+01 5.608957e+01 4.457206e+01 4.830381e+01 7.807819e+01 4.466551e+01 4.443620e+01 5.234822e+01 5.683943e+01 4.860572e+01 7.237025e+01 3.277824e+01 1.128501e+02 2.997878e+00 6.691452e+00 4.934152e+00 4.543596e+00 8.028510e+00 5.534078e+00 4.545535e+00 4.861074e+00 5.114628e+00 4.973117e+00 4.645052e+00 3.468231e+00 2.633190e+00 3.907668e-01 1.293756e+00 8.407469e-01 6.867182e-01 1.114818e+00 1.026558e+00 8.388222e-01 8.808705e-01 9.629366e-01 1.015520e+00 8.361154e-01 5.668001e-01 3.266365e-01
<GCONST> 1.403935e+02
<STATE> 3
<MEAN> 39
 2.177371e+00 2.600399e+00 1.533104e-01 4.197199e+00 -7.114064e+00 1.730155e+00 -1.184175e+00 1.011398e+00 5.099132e+00 -7.414285e+00 -4.037348e+00 8.280324e+00 5.528529e+01 -3.539278e-02 1.068921e-01 3.763594e-02 1.240304e-01 1.348838e-01 -7.605477e-02 1.546611e-01 2.164367e-01 -7.941514e-02 1.594515e-01 1.755360e-01 -1.443313e-01 -6.975479e-02 -2.209939e-02 1.430996e-01 -1.119231e-01 1.672136e-01 3.188781e-01 -1.260108e-01 -3.304723e-02 1.085203e-01 -4.553691e-02 -1.615108e-03 -9.870221e-02 -1.593410e-01 -1.051153e-01
<VARIANCE> 39
 5.145367e+01 5.946552e+01 3.341330e+01 2.817794e+01 6.521519e+01 3.808683e+01 2.886980e+01 6.137849e+01 5.070698e+01 3.345798e+01 3.741544e+01 3.994700e+01 1.066680e+02 3.547082e+00 4.752886e+00 3.660469e+00 3.930972e+00 1.040066e+01 3.390601e+00 2.773559e+00 3.490695e+00 4.446408e+00 2.470194e+00 3.933330e+00 4.211455e+00 3.493881e+00 4.707555e-01 7.589426e-01 6.827989e-01 7.384980e-01 1.870399e+00 6.899844e-01 5.802500e-01 6.953517e-01 8.104603e-01 4.638613e-01 8.389537e-01 7.434095e-01 3.829710e-01
<GCONST> 1.342663e+02
<STATE> 4
<MEAN> 39
 1.089500e+00 -3.076727e+00 -1.372595e+01 -2.281677e+00 3.220587e-01 -6.210405e+00 -2.332403e+00 7.440555e+00 2.000026e+00 3.469088e-01 3.979943e+00 9.724252e+00 7.269530e+01 -1.471094e-01 1.559355e-01 1.067408e-01 2.844897e-02 4.748299e-02 1.852881e-01 2.171094e-01 1.880141e-01 1.660657e-01 -1.440604e-02 -2.104273e-01 -1.195375e-01 -1.703621e-01 -2.118802e-02 2.745831e-02 3.235215e-02 5.049896e-02 4.270057e-02 3.398510e-02 -1.783874e-02 -4.341636e-02 -5.388755e-02 -3.465213e-02 -2.141326e-02 -4.239104e-02 -3.042366e-02
<VARIANCE> 39
 1.498814e+01 2.360141e+01 1.326540e+01 2.419234e+01 3.472905e+01 3.673896e+01 1.432021e+01 1.577267e+01 2.241157e+01 1.508600e+01 2.129596e+01 1.358445e+01 2.538682e+01 8.865186e-01 1.281463e+00 8.905285e-01 1.476414e+00 1.342021e+00 1.520893e+00 1.171140e+00 1.306512e+00 1.785120e+00 1.329022e+00 1.704377e+00 1.027134e+00 1.274347e+00 1.227704e-01 1.802632e-01 1.520760e-01 2.192525e-01 1.688246e-01 2.591321e-01 1.799138e-01 1.954693e-01 2.791001e-01 2.397953e-01 3.125218e-01 1.807417e-01 1.497785e-01
<GCONST> 9.265456e+01
<STATE> 5
<MEAN> 39
 1.427383e-01 9.956738e+00 -1.061287e+00 1.166405e+01 8.363387e+00 -4.111888e-01 -2.698878e+00 4.875074e+00 3.292907e+00 -5.043609e+00 -5.959518e+00 -1.042888e+00 5.453270e+01 -3.085004e-01 1.571053e-01 -2.048650e-01 -2.781389e-01 2.600240e-03 -2.607378e-01 -2.703698e-01 -2.391541e-01 -1.618339e-01 8.730917e-02 4.799266e-04 -2.762929e-01 -3.107166e-01 1.151496e-01 -2.700978e-01 -7.413180e-02 -2.506087e-01 -3.359025e-01 2.295995e-02 -7.551266e-02 -1.241580e-01 -2.283309e-02 -7.013013e-02 1.606462e-01 2.972251e-01 1.928522e-01
<VARIANCE> 39
 3.573242e+01 3.020374e+01 3.241451e+01 3.706620e+01 3.941620e+01 2.773489e+01 2.250621e+01 9.870372e+01 3.892378e+01 3.274752e+01 3.215507e+01 2.421396e+01 1.121288e+02 1.663730e+00 3.203327e+00 3.287085e+00 3.064097e+00 5.326464e+00 2.726491e+00 2.636090e+00 4.348213e+00 3.915914e+00 2.943414e+00 2.759516e+00 3.072632e+00 1.458310e+00 2.629912e-01 3.625228e-01 6.326581e-01 4.022914e-01 6.916296e-01 6.063887e-01 5.134808e-01 8.021345e-01 7.065527e-01 6.105100e-01 3.885412e-01 4.331815e-01 1.844164e-01
<GCONST> 1.232522e+02
<TRANSP> 6
 0.000000e+00 8.440177e-01 1.559822e-01 0.000000e+00 0.000000e+00 0.000000e+00
 0.000000e+00 9.313224e-01 3.816496e-02 3.051266e-02 0.000000e+00 0.000000e+00
 0.000000e+00 0.000000e+00 9.579628e-01 0.000000e+00 4.203724e-02 0.000000e+00
 0.000000e+00 0.000000e+00 0.000000e+00 9.787506e-01 1.417682e-02 7.072553e-03
 0.000000e+00 0.000000e+00 0.000000e+00 0.000000e+00 8.975042e-01 1.024958e-01
 0.000000e+00 0.000000e+00 0.000000e+00 0.000000e+00 0.000000e+00 0.000000e+00
<ENDHMM>
