~o
<STREAMINFO> 1 39
<VECSIZE> 39<NULLD><MFCC_D_A_0><DIAGC>
~h "dua"
<BEGINHMM>
<NUMSTATES> 6
<STATE> 2
<MEAN> 39
 -1.917641e+00 6.157019e+00 -5.808980e-01 9.061308e+00 7.834215e+00 3.410505e+00 -5.449504e+00 3.840482e+00 4.933692e+00 -5.463567e+00 -4.027582e+00 1.770827e+00 5.353367e+01 1.169567e+00 -6.317458e-02 3.316471e-01 -4.664508e-01 -2.807620e-01 2.402626e-01 -1.114591e+00 1.387761e-01 6.509455e-01 -1.491076e+00 -9.079658e-01 -3.774390e-02 1.026339e+00 -1.150790e-01 -5.548747e-02 2.149611e-01 -1.954721e-01 -4.662504e-01 -1.718909e-01 -2.087491e-03 2.436563e-01 1.704208e-01 -1.286930e-01 2.957755e-04 -3.644836e-02 -1.230444e-02
<VARIANCE> 39
 5.307446e+01 7.141471e+01 3.942445e+01 3.411669e+01 6.278212e+01 5.117654e+01 8.523473e+01 4.512634e+01 8.174966e+01 8.035480e+01 4.790074e+01 3.781900e+01 1.125945e+02 2.584059e+00 6.143828e+00 6.653954e+00 4.200316e+00 7.266825e+00 4.580091e+00 8.396196e+00 4.841649e+00 7.768725e+00 7.479330e+00 4.716938e+00 4.255409e+00 2.362995e+00 3.969001e-01 1.236955e+00 1.330467e+00 6.142014e-01 9.809524e-01 9.977795e-01 1.877073e+00 9.376176e-01 1.459455e+00 1.539742e+00 1.109190e+00 6.771578e-01 4.370479e-01
<GCONST> 1.450203e+02
<STATE> 3
<MEAN> 39
 3.896274e+00 6.034704e+00 5.053077e+00 2.499945e+00 -4.982734e+00 -7.240711e-01 -1.159006e+01 6.808303e+00 1.189038e+01 -1.264400e+01 -7.719554e+00 3.021923e+00 6.219351e+01 2.432199e-01 -3.278278e-01 -9.357399e-02 -2.844476e-01 -1.115089e+00 -9.432555e-01 1.729989e-02 2.143597e-01 1.888978e-01 2.974827e-01 1.507818e-01 3.682629e-01 3.009125e-01 -2.124338e-02 1.654828e-03 -2.892112e-01 1.620322e-01 3.265645e-01 -7.365302e-02 1.346690e-01 -8.392344e-02 -2.769900e-01 2.431540e-01 1.364039e-01 -6.483253e-03 -7.980127e-02
<VARIANCE> 39
 1.800945e+01 4.153888e+01 4.097448e+01 1.978845e+01 7.581335e+01 3.707767e+01 3.658760e+01 4.095089e+01 6.454778e+01 8.999413e+01 2.714825e+01 6.982305e+01 6.260185e+01 3.223663e-01 1.850225e+00 1.704751e+00 1.628994e+00 2.254207e+00 2.137513e+00 2.671860e+00 2.360565e+00 2.302688e+00 2.428398e+00 1.861084e+00 2.375071e+00 5.749220e-01 5.701470e-02 2.969719e-01 2.315454e-01 2.644446e-01 3.810520e-01 3.318119e-01 3.855668e-01 4.700450e-01 4.205835e-01 5.799404e-01 3.981005e-01 5.332760e-01 9.631606e-02
<GCONST> 1.112216e+02
<STATE> 4
<MEAN> 39
 2.296409e+00 -3.776233e+00 -1.299923e+01 -2.285584e+00 -1.765814e+00 -1.238508e+01 -7.555640e+00 9.003319e+00 2.696370e+00 1.909108e-01 2.082682e+00 5.195533e+00 7.405595e+01 -2.764716e-01 -5.956881e-03 -3.958172e-01 -1.655815e-01 -7.884790e-02 2.727317e-01 6.077653e-01 6.894286e-02 -1.279673e-01 3.055355e-02 2.014840e-01 3.074144e-01 -3.065880e-01 -7.343629e-02 1.047883e-01 1.228977e-01 6.116523e-02 4.512858e-02 1.514483e-01 3.760664e-02 -4.479262e-02 4.522175e-02 2.503084e-03 -5.085212e-02 -9.919106e-02 -8.607862e-02
<VARIANCE> 39
 1.344354e+01 2.943204e+01 4.608439e+01 1.463323e+01 1.466723e+01 5.292967e+01 3.742821e+01 2.381648e+01 1.873632e+01 2.765632e+01 2.056358e+01 2.063270e+01 2.246472e+01 3.879373e-01 1.240889e+00 1.077589e+00 6.548705e-01 6.078065e-01 1.489601e+00 1.287220e+00 1.330132e+00 1.274728e+00 1.247357e+00 1.533336e+00 1.153692e+00 6.454390e-01 3.075993e-02 1.081651e-01 1.083128e-01 1.085321e-01 1.129622e-01 2.390555e-01 2.743012e-01 2.369652e-01 2.230562e-01 2.240234e-01 2.548566e-01 1.766699e-01 4.209249e-02
<GCONST> 8.722767e+01
<STATE> 5
<MEAN> 39
 3.704223e-01 8.818607e+00 -1.350176e+00 4.794116e+00 -2.749725e+00 -3.292320e+00 -3.516017e-02 7.602097e+00 3.310311e+00 -8.416003e+00 -5.411880e+00 2.991033e+00 5.200106e+01 -6.269891e-01 3.457671e-01 -2.444287e-01 1.925797e-01 7.506152e-01 -4.347003e-02 5.209683e-01 -1.274132e-01 -8.326676e-01 7.447629e-01 2.054843e-01 -6.652241e-01 -6.473734e-01 4.733736e-02 -9.293567e-02 1.293816e-01 -1.244237e-01 -1.128599e-01 1.485662e-01 -2.226106e-01 -1.044966e-01 1.660599e-01 -1.327304e-01 -2.019245e-02 7.393324e-02 1.020670e-01
<VARIANCE> 39
 5.588871e+01 4.722585e+01 4.656184e+01 4.836492e+01 4.690555e+01 4.995483e+01 4.568739e+01 7.213306e+01 6.123998e+01 4.721170e+01 3.994432e+01 4.523742e+01 8.501536e+01 2.637790e+00 3.937627e+00 3.967064e+00 4.104307e+00 5.287488e+00 4.619625e+00 4.790832e+00 4.182137e+00 5.734365e+00 4.254412e+00 3.441039e+00 4.203237e+00 2.728407e+00 3.793166e-01 5.724339e-01 6.457555e-01 7.049793e-01 8.250953e-01 7.423821e-01 7.437779e-01 6.534346e-01 9.645753e-01 6.155429e-01 6.343653e-01 6.701558e-01 3.029300e-01
<GCONST> 1.351431e+02
<TRANSP> 6
 0.000000e+00 7.641432e-01 2.358568e-01 0.000000e+00 0.000000e+00 0.000000e+00
 0.000000e+00 8.616199e-01 1.383800e-01 0.000000e+00 0.000000e+00 0.000000e+00
 0.000000e+00 0.000000e+00 8.951395e-01 4.369210e-02 6.116838e-02 0.000000e+00
 0.000000e+00 0.000000e+00 0.000000e+00 9.466574e-01 2.131249e-02 3.203012e-02
 0.000000e+00 0.000000e+00 0.000000e+00 0.000000e+00 9.003728e-01 9.962720e-02
 0.000000e+00 0.000000e+00 0.000000e+00 0.000000e+00 0.000000e+00 0.000000e+00
<ENDHMM>
