~o
<STREAMINFO> 1 39
<VECSIZE> 39<NULLD><MFCC_D_A_0><DIAGC>
~h "empat"
<BEGINHMM>
<NUMSTATES> 6
<STATE> 2
<MEAN> 39
 -1.416427e+00 -5.574773e+00 2.646249e+00 -1.000170e+01 2.623315e+00 -1.179967e+01 1.683351e+01 -8.323929e+00 3.104595e+00 -1.033329e+01 -1.933479e+00 -4.587893e+00 7.200307e+01 6.828649e-02 1.571843e-01 6.374515e-02 1.344165e-01 2.358333e-01 1.329314e-01 -1.845324e-01 1.823536e-01 -6.422297e-02 -5.458661e-02 -1.122501e-01 -9.958341e-02 -1.391423e-01 -1.814189e-02 -4.152557e-02 -4.180050e-02 -5.477435e-02 -2.884872e-02 -2.184902e-02 1.918104e-02 -1.727908e-02 5.377642e-02 3.084887e-02 8.926224e-03 1.286057e-02 3.600965e-02
<VARIANCE> 39
 3.082991e+01 7.291880e+01 5.864370e+01 7.327653e+01 8.930297e+01 8.316759e+01 8.475153e+01 8.225975e+01 6.671558e+01 3.581422e+01 7.076710e+01 4.482974e+01 1.159119e+02 2.201637e+00 3.421256e+00 2.660671e+00 2.457805e+00 4.721591e+00 3.205151e+00 2.784599e+00 4.467700e+00 3.776704e+00 2.919747e+00 4.184511e+00 3.096026e+00 5.552407e+00 2.712198e-01 5.041990e-01 4.374357e-01 4.258207e-01 7.516008e-01 5.095026e-01 4.408927e-01 7.123384e-01 6.050268e-01 4.595531e-01 5.779177e-01 4.779199e-01 6.073243e-01
<GCONST> 1.330747e+02
<STATE> 3
<MEAN> 39
 -6.593854e+00 8.536061e+00 5.697440e-01 8.274899e+00 6.117665e+00 1.217622e+00 8.479922e-01 2.941055e+00 2.169968e+00 -3.415829e+00 -6.281423e+00 -5.889599e+00 6.347819e+01 -5.144733e-01 -1.347621e-01 -5.590462e-02 -1.970545e-01 -1.431097e-01 1.479061e-01 1.453038e-01 -8.888794e-02 1.519538e-02 1.718671e-01 1.248168e-01 5.977733e-02 -3.702372e-01 -3.450191e-02 -1.126874e-01 -7.019411e-02 -1.206404e-01 -1.152073e-01 -6.466454e-02 -3.295475e-02 -6.844868e-02 -4.550551e-02 3.761376e-02 1.288873e-01 1.086954e-01 3.566070e-02
<VARIANCE> 39
 2.244919e+01 3.025199e+01 1.985066e+01 2.752355e+01 2.822664e+01 2.963667e+01 2.151443e+01 3.936965e+01 1.802998e+01 1.267989e+01 1.948790e+01 1.957600e+01 2.215306e+01 9.257823e-01 7.782331e-01 7.811803e-01 9.133251e-01 1.051278e+00 9.844665e-01 1.035199e+00 9.394292e-01 1.157935e+00 9.281704e-01 1.091388e+00 1.148852e+00 5.239504e-01 1.946779e-01 1.151257e-01 1.210518e-01 1.367441e-01 1.829918e-01 2.026826e-01 1.816473e-01 1.595190e-01 2.129666e-01 1.774503e-01 1.778703e-01 1.998432e-01 1.636966e-01
<GCONST> 8.828201e+01
<STATE> 4
<MEAN> 39
 -2.160133e+00 4.138112e+00 -1.287685e+00 1.978037e+00 -3.035454e+00 -2.323917e+00 -1.025393e+00 1.343102e-01 1.153281e+00 -5.933319e+00 -2.664360e+00 1.544512e+00 5.891387e+01 5.598962e-01 -1.709515e-01 -2.606271e-01 -3.799620e-01 -4.576513e-01 -3.376983e-01 -1.433226e-01 -7.015346e-02 -7.813731e-04 -1.417848e-01 1.294344e-01 3.564982e-01 6.219022e-01 -1.784441e-02 -2.207902e-02 -1.528969e-02 9.672426e-03 1.963644e-02 1.633118e-02 -4.239064e-03 3.350955e-02 2.039735e-02 -2.431668e-02 -2.187984e-02 1.663894e-03 -1.731307e-02
<VARIANCE> 39
 6.530872e+01 6.370687e+01 3.907845e+01 5.541355e+01 8.045592e+01 6.231099e+01 3.553600e+01 6.846394e+01 6.429871e+01 5.600080e+01 4.231021e+01 6.013943e+01 1.878123e+02 5.874183e+00 5.222442e+00 4.030816e+00 4.617302e+00 6.515255e+00 4.867273e+00 3.179886e+00 4.226346e+00 5.411780e+00 3.677947e+00 4.138279e+00 4.555297e+00 6.603907e+00 8.455362e-01 8.500313e-01 6.794763e-01 8.252952e-01 1.041689e+00 8.839869e-01 6.331822e-01 8.093984e-01 9.302738e-01 6.663582e-01 7.691171e-01 7.372842e-01 8.819745e-01
<GCONST> 1.426604e+02
<STATE> 5
<MEAN> 39
 -2.551446e+00 5.828701e-01 -9.592401e+00 -5.733320e+00 -6.992570e+00 -5.301161e+00 -2.688755e+00 -6.868622e-01 2.103214e+00 -3.949538e+00 -3.278590e-01 5.403264e+00 6.955145e+01 -5.257549e-01 1.812824e-01 1.292561e-01 1.496167e-01 2.999963e-01 2.520547e-01 8.224086e-02 -1.375793e-01 -2.821181e-01 7.026202e-02 8.771599e-02 -1.086318e-01 -5.634634e-01 -3.718985e-02 4.854253e-02 6.629711e-02 4.892118e-02 4.139718e-02 2.161507e-03 8.269631e-03 4.699662e-03 -1.253152e-02 1.352290e-02 -8.470772e-03 -5.467342e-02 -3.240857e-02
<VARIANCE> 39
 4.932980e+01 4.059827e+01 5.580170e+01 3.472783e+01 4.250112e+01 3.252346e+01 1.670763e+01 4.078765e+01 4.749563e+01 3.428287e+01 1.874139e+01 5.593357e+01 6.951655e+01 7.801496e-01 8.305832e-01 1.318572e+00 1.170155e+00 1.176846e+00 1.369777e+00 1.344949e+00 1.482099e+00 1.697950e+00 1.132906e+00 1.140550e+00 1.438976e+00 8.206847e-01 1.047260e-01 1.425052e-01 2.158339e-01 1.857847e-01 1.975839e-01 2.423832e-01 2.555792e-01 2.928667e-01 3.089381e-01 2.265060e-01 2.476813e-01 2.603640e-01 1.058820e-01
<GCONST> 1.006168e+02
<TRANSP> 6
 0.000000e+00 7.026006e-01 2.973994e-01 0.000000e+00 0.000000e+00 0.000000e+00
 0.000000e+00 9.131112e-01 1.962424e-02 6.726463e-02 0.000000e+00 0.000000e+00
 0.000000e+00 0.000000e+00 9.247330e-01 7.526705e-02 0.000000e+00 0.000000e+00
 0.000000e+00 0.000000e+00 0.000000e+00 9.225674e-01 3.602251e-02 4.141015e-02
 0.000000e+00 0.000000e+00 0.000000e+00 0.000000e+00 9.503900e-01 4.961003e-02
 0.000000e+00 0.000000e+00 0.000000e+00 0.000000e+00 0.000000e+00 0.000000e+00
<ENDHMM>
