~o
<STREAMINFO> 1 39
<VECSIZE> 39<NULLD><MFCC_D_A_0><DIAGC>
~h "enam"
<BEGINHMM>
<NUMSTATES> 6
<STATE> 2
<MEAN> 39
 2.489511e+00 6.115815e+00 -1.497127e+00 7.157685e+00 3.073441e+00 -2.105596e-01 -7.618748e-01 4.599704e+00 4.182006e+00 -6.654225e+00 -3.567199e+00 2.155215e+00 5.635440e+01 2.256331e-01 1.782164e-01 8.466904e-02 4.871426e-02 -1.860754e-02 2.758204e-03 3.028717e-02 -2.702124e-02 1.635909e-02 -6.587001e-02 -2.281692e-01 -1.727048e-01 1.402288e-01 -1.865705e-02 -3.583100e-02 -1.482810e-02 1.924223e-03 -8.046558e-03 -5.542897e-02 -3.925422e-02 -2.376629e-02 -4.232922e-02 -1.471322e-02 2.722609e-03 -1.745006e-02 -1.899730e-02
<VARIANCE> 39
 4.404596e+01 5.019261e+01 2.832066e+01 6.436192e+01 8.890087e+01 5.244613e+01 4.595472e+01 8.832954e+01 5.301789e+01 3.640957e+01 5.365393e+01 7.241026e+01 1.162793e+02 1.862869e+00 3.196994e+00 2.552761e+00 4.662893e+00 6.346263e+00 3.269810e+00 3.701304e+00 2.857086e+00 2.981851e+00 2.803267e+00 4.224874e+00 5.430670e+00 1.836937e+00 2.306722e-01 4.506871e-01 4.270114e-01 6.536599e-01 7.829580e-01 5.947857e-01 6.011938e-01 4.864539e-01 5.525616e-01 5.038603e-01 6.308091e-01 7.564647e-01 2.354158e-01
<GCONST> 1.307471e+02
<STATE> 3
<MEAN> 39
 -1.811896e+00 9.576133e+00 1.211412e+00 1.052271e+01 7.868769e+00 -1.589501e+00 -7.275762e+00 -4.595948e+00 -4.502391e-01 -4.051155e+00 -4.172828e+00 -1.113063e+00 6.681240e+01 2.632409e-01 1.941972e-03 -9.465805e-02 -1.168937e-01 -2.941626e-02 -2.422604e-02 -2.088723e-01 -1.871129e-01 -1.344905e-01 -1.214117e-01 1.235623e-01 1.907455e-01 2.527580e-01 -2.534725e-02 -1.745431e-01 -1.312697e-01 -2.635355e-01 -2.537401e-01 1.015624e-02 2.234494e-01 7.579120e-02 5.956775e-03 3.546006e-02 1.694348e-01 1.288573e-01 7.781945e-02
<VARIANCE> 39
 7.537261e+00 2.948823e+01 1.482932e+01 1.931541e+01 4.423320e+01 5.511222e+01 2.124616e+01 2.891154e+01 1.797358e+01 1.848549e+01 1.676964e+01 1.883968e+01 1.169967e+01 3.933861e-01 7.529551e-01 9.486778e-01 1.269367e+00 1.244033e+00 9.497536e-01 1.642525e+00 7.187318e-01 8.587812e-01 8.384671e-01 1.029958e+00 1.078887e+00 4.064893e-01 7.163267e-02 1.199640e-01 1.610680e-01 1.809910e-01 1.921464e-01 2.028816e-01 2.473668e-01 1.467783e-01 1.538236e-01 1.632611e-01 1.822185e-01 2.286342e-01 6.849626e-02
<GCONST> 8.476169e+01
<STATE> 4
<MEAN> 39
 1.406140e+00 -5.039244e+00 2.993852e+00 -8.378293e+00 4.980361e+00 -1.663663e+01 1.646944e+01 -1.622235e+01 -2.956007e+00 -9.883269e+00 -4.100054e+00 -1.538345e+00 7.646661e+01 8.407398e-02 -3.271962e-01 -3.254775e-01 -4.942716e-01 -4.413872e-01 5.513724e-02 1.801270e-01 3.467501e-01 1.644055e-01 2.994864e-03 2.541269e-01 2.941813e-01 2.348280e-01 -3.449994e-02 3.066356e-02 4.496443e-02 3.915013e-02 2.587176e-02 2.321680e-02 -5.673626e-02 3.411049e-02 5.783644e-02 5.055335e-03 -5.808624e-02 -3.759503e-02 -3.338768e-02
<VARIANCE> 39
 2.075311e+01 6.782574e+01 5.094518e+01 7.232288e+01 8.802853e+01 1.348493e+02 1.739370e+02 1.124906e+02 4.770986e+01 5.655588e+01 7.184984e+01 6.603205e+01 6.014524e+01 9.593318e-01 3.270452e+00 2.555028e+00 3.500736e+00 3.950266e+00 2.879278e+00 3.999478e+00 2.650697e+00 2.199933e+00 2.046743e+00 4.353896e+00 3.242094e+00 2.159915e+00 1.562201e-01 4.246399e-01 3.773069e-01 5.026410e-01 5.223376e-01 4.815115e-01 5.856591e-01 4.157440e-01 3.378324e-01 3.497072e-01 6.759909e-01 4.269235e-01 2.822817e-01
<GCONST> 1.281008e+02
<STATE> 5
<MEAN> 39
 -1.097205e+00 4.975074e+00 -4.521165e+00 -1.807413e-01 -3.967322e-01 -2.555537e+00 8.641209e-01 2.970623e+00 1.546484e+00 -6.322735e+00 -3.000607e+00 7.477173e-01 7.030799e+01 -3.002282e-01 5.856263e-02 1.501699e-01 1.875746e-01 9.210625e-02 -3.183771e-02 -5.187004e-02 -3.196925e-02 -5.448727e-02 3.622597e-02 -1.232096e-01 -1.766898e-01 -3.402231e-01 -3.366578e-03 2.789472e-03 1.700326e-02 2.815282e-02 1.055509e-02 -2.680662e-02 -3.715334e-02 -6.009081e-02 -4.361388e-02 1.312870e-03 3.494126e-02 3.750156e-03 -2.945773e-03
<VARIANCE> 39
 3.512324e+01 5.327194e+01 4.521431e+01 6.048819e+01 6.632562e+01 5.207253e+01 3.032170e+01 5.654240e+01 3.005714e+01 3.535163e+01 2.757734e+01 5.188901e+01 6.324267e+01 4.046213e-01 7.879176e-01 7.802824e-01 1.422121e+00 1.729250e+00 1.252869e+00 1.209016e+00 1.389215e+00 1.364628e+00 1.382962e+00 1.259749e+00 1.552781e+00 4.594696e-01 4.618841e-02 8.941682e-02 1.059125e-01 2.168303e-01 2.576509e-01 2.097673e-01 1.924842e-01 2.088864e-01 2.344166e-01 2.488989e-01 2.114587e-01 2.319569e-01 5.336858e-02
<GCONST> 9.770018e+01
<TRANSP> 6
 0.000000e+00 7.963830e-01 2.036170e-01 0.000000e+00 0.000000e+00 0.000000e+00
 0.000000e+00 9.214211e-01 2.691681e-02 5.166218e-02 0.000000e+00 0.000000e+00
 0.000000e+00 0.000000e+00 9.134554e-01 7.529494e-02 1.124968e-02 0.000000e+00
 0.000000e+00 0.000000e+00 0.000000e+00 9.128054e-01 4.314975e-02 4.404487e-02
 0.000000e+00 0.000000e+00 0.000000e+00 0.000000e+00 9.627230e-01 3.727699e-02
 0.000000e+00 0.000000e+00 0.000000e+00 0.000000e+00 0.000000e+00 0.000000e+00
<ENDHMM>
