~o
<STREAMINFO> 1 39
<VECSIZE> 39<NULLD><MFCC_D_A_0><DIAGC>
~h "kali"
<BEGINHMM>
<NUMSTATES> 6
<STATE> 2
<MEAN> 39
 1.235898e+00 -4.621953e+00 2.498170e+00 6.148810e+00 -2.140446e+00 3.349812e+00 -7.175076e+00 -3.351222e+00 -8.885878e-01 -8.636104e+00 1.575688e+00 4.932659e+00 5.739417e+01 4.345043e-01 1.041596e-01 -1.488109e-01 6.191432e-01 4.303757e-01 -4.774568e-01 -4.357467e-01 2.821598e-02 1.017462e-01 4.051174e-01 2.149419e-01 -2.726788e-03 1.630025e-01 8.294783e-03 1.216310e-01 -1.032592e-01 -2.143843e-02 -1.818082e-02 -5.680459e-02 9.464862e-02 1.895484e-01 7.287502e-02 -1.218045e-02 -1.534304e-02 5.674782e-02 -7.684959e-02
<VARIANCE> 39
 5.891599e+01 4.602046e+01 5.283333e+01 1.285863e+02 5.879465e+01 4.855591e+01 5.979895e+01 3.720694e+01 5.559415e+01 8.012324e+01 2.475465e+01 2.819991e+01 4.996319e+01 3.735660e+00 5.956574e+00 4.576676e+00 6.568847e+00 5.558273e+00 6.932728e+00 6.087722e+00 4.906469e+00 7.644630e+00 3.559234e+00 2.765622e+00 3.445098e+00 2.750894e+00 4.503541e-01 1.071506e+00 7.950186e-01 1.140798e+00 1.045962e+00 1.314448e+00 1.217943e+00 9.238910e-01 1.535475e+00 6.928467e-01 5.705122e-01 7.155992e-01 4.260117e-01
<GCONST> 1.409782e+02
<STATE> 3
<MEAN> 39
 4.068532e+00 -5.236516e+00 -1.420606e+01 -6.135556e+00 -1.732097e+00 -4.298749e+00 -5.720322e+00 3.156526e+00 2.858533e+00 1.599180e+00 6.732349e+00 1.167546e+01 7.624897e+01 4.629907e-01 3.030152e-01 -4.413973e-01 4.756774e-01 -7.685069e-02 -3.732055e-01 -1.951607e-01 -3.705934e-02 -8.331969e-01 -8.598890e-01 2.134505e-01 4.633057e-01 -1.004121e-01 -3.765401e-01 6.278272e-02 3.028308e-01 2.171312e-01 3.094385e-01 1.600571e-01 1.274914e-02 -2.950158e-01 -3.536506e-01 -1.497083e-02 -6.393652e-02 -3.488814e-01 -2.106017e-01
<VARIANCE> 39
 1.669100e+00 8.095364e+00 7.459003e+00 1.817744e+01 4.985054e+00 2.147749e+01 1.376058e+01 1.855426e+01 2.318074e+01 1.537217e+01 1.165912e+01 9.725959e+00 1.715205e+00 7.206064e-01 9.055488e-01 1.652037e+00 2.116251e+00 1.317825e+00 1.824288e+00 2.255544e+00 2.979077e+00 3.162386e+00 1.188663e+00 1.102740e+00 2.012528e+00 4.754001e-01 1.843166e-01 1.455942e-01 1.851610e-01 3.095889e-01 9.257377e-02 4.014157e-01 4.641099e-01 4.279621e-01 3.048427e-01 2.479343e-01 2.189700e-01 1.744288e-01 4.923422e-02
<GCONST> 8.529265e+01
<STATE> 4
<MEAN> 39
 -5.770069e-01 -4.392480e+00 -7.227597e+00 9.632333e+00 9.728828e+00 -5.516082e+00 -1.015284e+01 1.112641e+00 -6.593681e+00 -1.929006e+00 6.450430e+00 4.193510e+00 7.063839e+01 -5.409205e-01 1.217210e-01 4.331177e-01 7.484753e-01 7.515877e-01 1.362653e-01 6.050614e-02 1.778852e-01 7.152044e-02 5.842492e-02 -3.223521e-01 -5.439397e-01 -4.067505e-01 -2.334541e-02 -1.760322e-02 9.130357e-02 -1.620524e-01 -1.223247e-01 1.248715e-01 4.805865e-02 -1.965867e-02 1.938301e-01 1.867002e-02 -7.351519e-02 2.252558e-02 4.835044e-02
<VARIANCE> 39
 1.309323e+01 1.781750e+01 2.103259e+01 3.593981e+01 2.888275e+01 1.214826e+01 2.288472e+01 1.140142e+01 1.607946e+01 1.061194e+01 1.500113e+01 1.211448e+01 3.730553e+01 2.984862e-01 2.038209e+00 1.510947e+00 1.864389e+00 2.525730e+00 1.471747e+00 3.086326e+00 1.573792e+00 1.742554e+00 1.011274e+00 1.224392e+00 1.168518e+00 5.025261e-01 6.238069e-02 2.927569e-01 2.092449e-01 2.584518e-01 3.538744e-01 2.942816e-01 5.744790e-01 2.932538e-01 2.653314e-01 2.212421e-01 2.624784e-01 1.978072e-01 7.995758e-02
<GCONST> 9.352921e+01
<STATE> 5
<MEAN> 39
 9.451384e-01 6.504302e+00 2.105129e-02 1.046790e+01 6.084316e+00 -1.373979e+00 -5.942807e+00 3.424693e+00 3.471639e+00 -4.908245e+00 -3.722800e+00 7.482208e-01 5.184021e+01 -5.032486e-02 -6.891794e-02 4.090365e-01 -9.904910e-01 -6.158846e-01 4.304272e-01 1.301405e-01 -1.458597e-01 5.527297e-01 -4.053820e-01 -4.914443e-01 5.573520e-02 3.778462e-01 5.644009e-02 -2.588851e-01 3.740830e-02 2.280921e-02 -9.353402e-02 -1.796951e-02 -1.163779e-01 -6.307016e-02 -6.403251e-02 -5.294814e-02 1.189415e-01 9.635931e-02 1.652749e-01
<VARIANCE> 39
 6.019183e+01 6.962311e+01 3.997805e+01 5.450838e+01 6.527287e+01 3.547100e+01 2.621403e+01 4.356946e+01 4.673802e+01 5.466010e+01 4.893949e+01 5.236427e+01 9.885641e+01 3.301546e+00 5.112541e+00 4.503410e+00 3.284437e+00 4.152476e+00 2.847912e+00 3.448967e+00 2.691872e+00 4.516987e+00 3.550648e+00 4.323705e+00 4.181977e+00 2.320681e+00 4.078130e-01 7.189212e-01 7.511096e-01 5.418453e-01 5.966415e-01 6.818621e-01 7.094389e-01 4.875081e-01 7.617537e-01 7.101095e-01 7.259537e-01 5.933777e-01 3.549764e-01
<GCONST> 1.329317e+02
<TRANSP> 6
 0.000000e+00 1.000000e+00 0.000000e+00 0.000000e+00 0.000000e+00 0.000000e+00
 0.000000e+00 9.191327e-01 4.043336e-02 4.043394e-02 0.000000e+00 0.000000e+00
 0.000000e+00 0.000000e+00 8.890448e-01 1.109553e-01 0.000000e+00 0.000000e+00
 0.000000e+00 0.000000e+00 0.000000e+00 8.802197e-01 9.559981e-02 2.418049e-02
 0.000000e+00 0.000000e+00 0.000000e+00 0.000000e+00 8.743937e-01 1.256063e-01
 0.000000e+00 0.000000e+00 0.000000e+00 0.000000e+00 0.000000e+00 0.000000e+00
<ENDHMM>
