~o
<STREAMINFO> 1 39
<VECSIZE> 39<NULLD><MFCC_D_A_0><DIAGC>
~h "kurang"
<BEGINHMM>
<NUMSTATES> 6
<STATE> 2
<MEAN> 39
 3.076283e+00 4.490250e+00 2.037570e+00 5.345539e+00 -2.913992e+00 3.894969e+00 -4.984470e+00 5.542610e+00 1.184874e+01 -9.910704e+00 -6.640749e+00 8.414140e+00 5.075968e+01 2.157276e-02 -1.168783e-02 -3.536962e-02 2.867195e-01 3.301583e-01 6.992110e-02 1.471669e-02 -1.235571e-01 -7.125260e-02 2.696371e-01 2.192225e-02 -8.924299e-02 -5.315355e-03 -1.285390e-02 -2.977878e-02 6.729030e-03 -1.908708e-02 -5.026937e-02 -2.039356e-02 -1.294208e-02 -1.113649e-02 -3.387098e-02 -1.357357e-02 3.823637e-02 -2.351989e-02 3.405947e-04
<VARIANCE> 39
 2.517638e+01 7.379211e+01 4.124249e+01 3.770251e+01 1.103686e+02 5.642033e+01 5.641358e+01 5.460136e+01 6.407169e+01 9.112240e+01 3.963446e+01 9.027120e+01 3.012938e+01 1.684313e+00 5.224622e+00 4.557073e+00 2.753984e+00 7.834939e+00 4.541118e+00 5.093639e+00 5.141884e+00 5.500553e+00 5.778220e+00 4.644689e+00 6.569727e+00 1.791215e+00 3.011999e-01 9.123287e-01 9.506949e-01 5.296527e-01 1.424860e+00 8.369697e-01 9.196468e-01 8.965607e-01 9.533364e-01 1.064313e+00 8.834974e-01 1.047034e+00 3.333142e-01
<GCONST> 1.394282e+02
<STATE> 3
<MEAN> 39
 -1.599161e+00 1.902416e+00 -4.017114e+00 -2.140511e+00 -1.733258e+00 -9.248292e+00 -8.453749e+00 -1.074674e+00 -2.130947e+00 -3.464724e+00 -2.049555e-01 2.031425e+00 6.909206e+01 5.897330e-01 -3.211451e-01 -4.819078e-01 8.817002e-02 1.296867e-01 -1.447173e-01 2.572186e-02 1.046354e-01 -1.548202e-02 -5.330056e-02 6.788404e-02 2.419614e-01 4.859848e-01 -6.051205e-02 -5.825600e-02 -2.824938e-03 1.573355e-02 -1.070071e-03 8.310355e-02 1.360399e-01 7.301767e-02 7.347912e-02 1.904940e-02 -2.959923e-02 -1.926702e-02 -2.176449e-02
<VARIANCE> 39
 2.839640e+01 3.218744e+01 7.492125e+01 3.469753e+01 5.858084e+01 5.826968e+01 3.506898e+01 4.142768e+01 2.615360e+01 4.731195e+01 2.792171e+01 4.399545e+01 2.520891e+01 1.652540e+00 2.363469e+00 2.412011e+00 2.245885e+00 2.969741e+00 3.773100e+00 2.882218e+00 2.777499e+00 2.621403e+00 2.493518e+00 2.570622e+00 2.449189e+00 7.628520e-01 2.798358e-01 3.296583e-01 3.155857e-01 4.338872e-01 5.102630e-01 6.612521e-01 3.996988e-01 4.800867e-01 4.075708e-01 3.920009e-01 4.599878e-01 3.719609e-01 1.401630e-01
<GCONST> 1.175581e+02
<STATE> 4
<MEAN> 39
 -1.061826e+00 1.499849e+00 -5.700557e+00 2.403797e+00 3.574899e+00 -3.026417e+00 -1.374123e+00 5.005644e+00 1.435614e+00 -4.339381e+00 -2.790937e+00 8.999644e-01 6.883974e+01 -3.673387e-01 4.312687e-01 5.649625e-01 4.563930e-01 3.194402e-01 3.660902e-01 1.170473e-01 7.544049e-02 2.946525e-02 -1.154833e-01 -2.843016e-01 -3.132739e-01 -4.159712e-01 -8.217193e-03 -1.179169e-02 -4.576453e-03 -2.785454e-02 8.491345e-03 -3.482743e-02 -9.648816e-02 -9.275432e-02 -4.957478e-02 3.156864e-02 5.593560e-02 4.836210e-02 2.197752e-03
<VARIANCE> 39
 1.325546e+01 4.248060e+01 5.340896e+01 2.641771e+01 3.194721e+01 2.977236e+01 1.812663e+01 5.069212e+01 2.532806e+01 2.354556e+01 1.819921e+01 4.157555e+01 3.510297e+01 2.108703e-01 5.157422e-01 6.122321e-01 9.649814e-01 9.366211e-01 1.030771e+00 1.236733e+00 1.302928e+00 1.237633e+00 1.256446e+00 9.846386e-01 8.652451e-01 1.739411e-01 3.408052e-02 1.107649e-01 1.172137e-01 1.527274e-01 1.762554e-01 1.993895e-01 2.464833e-01 1.920220e-01 2.482031e-01 1.909201e-01 1.852142e-01 1.692444e-01 3.259850e-02
<GCONST> 8.581400e+01
<STATE> 5
<MEAN> 39
 8.449658e-02 -4.001409e+00 8.356815e+00 -1.522313e+01 -5.205316e+00 -2.027026e+01 1.625089e+01 -1.446434e+01 -4.098576e+00 -7.483699e+00 -3.408433e+00 -2.610159e+00 7.579856e+01 -7.607479e-02 -2.230388e-01 -1.295804e-01 -9.624845e-02 1.643550e-01 4.786716e-02 5.693689e-02 -1.541459e-01 -8.314789e-04 -7.422192e-02 -3.722813e-03 3.049560e-02 1.428492e-01 2.413711e-04 3.345513e-02 -4.855861e-03 7.575457e-03 3.038578e-02 -1.551739e-02 1.505831e-03 1.906765e-03 3.647954e-02 -1.648637e-02 1.961956e-02 -8.625618e-03 3.566250e-03
<VARIANCE> 39
 4.558117e+01 4.263512e+01 1.053633e+02 8.692106e+01 9.307889e+01 1.408344e+02 1.543401e+02 7.693562e+01 4.711616e+01 4.694928e+01 3.720880e+01 4.943766e+01 4.407044e+01 1.948655e+00 2.719719e+00 2.827865e+00 2.436580e+00 4.348085e+00 4.962333e+00 4.115976e+00 3.469115e+00 3.345774e+00 2.786148e+00 3.354473e+00 3.244244e+00 1.492392e+00 2.600720e-01 3.583870e-01 3.187569e-01 3.743328e-01 6.310350e-01 7.974201e-01 6.246592e-01 5.918120e-01 5.704408e-01 4.653389e-01 5.771909e-01 4.669840e-01 2.291828e-01
<GCONST> 1.302964e+02
<TRANSP> 6
 0.000000e+00 2.500117e-01 7.499883e-01 0.000000e+00 0.000000e+00 0.000000e+00
 0.000000e+00 9.680715e-01 2.235083e-02 9.577626e-03 0.000000e+00 0.000000e+00
 0.000000e+00 0.000000e+00 9.048138e-01 5.145208e-02 4.373412e-02 0.000000e+00
 0.000000e+00 0.000000e+00 0.000000e+00 9.410468e-01 3.462046e-02 2.433277e-02
 0.000000e+00 0.000000e+00 0.000000e+00 0.000000e+00 9.480674e-01 5.193259e-02
 0.000000e+00 0.000000e+00 0.000000e+00 0.000000e+00 0.000000e+00 0.000000e+00
<ENDHMM>
