~o
<STREAMINFO> 1 39
<VECSIZE> 39<NULLD><MFCC_D_A_0><DIAGC>
~h "lima"
<BEGINHMM>
<NUMSTATES> 6
<STATE> 2
<MEAN> 39
 -3.950350e-01 -1.151839e+00 -5.901891e-01 1.610048e+01 1.121961e+01 -3.131669e+00 -1.107617e+01 1.409820e+00 -2.159228e+00 -5.279775e+00 2.640171e+00 1.881517e+00 6.074308e+01 2.009241e-01 3.752607e-01 1.211470e-01 5.563415e-01 6.362102e-01 -1.837899e-01 -1.951271e-01 1.446026e-01 2.423126e-01 2.196354e-01 -2.752624e-01 -4.177117e-01 -2.979672e-03 -7.017854e-02 1.023359e-01 -1.830136e-02 -1.454165e-01 -8.250611e-02 1.224641e-01 1.949439e-01 1.116155e-01 1.287617e-01 2.493050e-02 -1.730873e-01 -9.653093e-02 -9.533355e-02
<VARIANCE> 39
 2.507710e+01 3.340886e+01 6.138472e+01 4.379749e+01 5.458800e+01 3.249698e+01 5.720558e+01 3.691208e+01 4.668967e+01 4.058585e+01 3.926232e+01 2.952261e+01 1.152937e+02 1.037378e+00 3.433721e+00 3.987103e+00 2.269063e+00 2.803810e+00 3.231107e+00 6.674080e+00 3.302536e+00 3.583082e+00 3.067446e+00 3.546071e+00 2.311571e+00 1.601330e+00 1.566271e-01 4.587443e-01 6.274469e-01 3.095497e-01 4.812046e-01 5.967797e-01 1.007014e+00 4.898696e-01 7.022640e-01 5.948882e-01 5.306725e-01 3.876548e-01 1.776930e-01
<GCONST> 1.241239e+02
<STATE> 3
<MEAN> 39
 8.618556e-01 7.883266e+00 -1.939818e+00 1.512689e+01 1.271976e+01 -1.831999e+00 -5.250237e+00 5.788219e+00 3.035064e+00 -2.895877e+00 -5.730044e+00 -5.703081e+00 5.962702e+01 7.177081e-01 4.325504e-02 -8.322411e-01 -1.351276e+00 -1.292379e+00 -5.094442e-01 6.228166e-01 1.001153e+00 3.498175e-01 -4.310661e-01 -9.134256e-02 4.697558e-01 4.601707e-01 1.363103e-01 -3.327795e-01 -1.470154e-01 -3.073537e-01 -4.222235e-01 -2.477272e-01 -9.118044e-02 2.593162e-02 -1.238186e-01 -1.166747e-01 5.767655e-01 6.138133e-01 2.524603e-01
<VARIANCE> 39
 2.066852e+01 3.631910e+01 2.411082e+01 1.714556e+01 3.207195e+01 1.651252e+01 1.442751e+01 6.926070e+01 3.150760e+01 1.060810e+01 2.372349e+01 1.594483e+01 8.627548e+01 3.896327e-01 6.059440e-01 9.479989e-01 2.002025e+00 2.665172e+00 2.331845e+00 9.577421e-01 1.334367e+00 1.300863e+00 9.971373e-01 3.688591e+00 3.936012e+00 4.160813e-01 5.455451e-02 1.107768e-01 1.934590e-01 2.641778e-01 2.881013e-01 3.374484e-01 2.492878e-01 2.458431e-01 2.674061e-01 2.141514e-01 3.652641e-01 3.695360e-01 4.954126e-02
<GCONST> 9.596156e+01
<STATE> 4
<MEAN> 39
 1.536206e+00 -3.612433e+00 -1.462873e+01 -2.020041e+00 2.878143e+00 -3.397491e+00 -5.363041e-01 1.263312e+01 4.385661e+00 -3.485440e+00 3.346584e+00 7.673710e+00 7.167111e+01 -1.707251e-01 -8.111691e-02 -2.059856e-01 -5.635355e-01 -5.923301e-01 2.434778e-01 3.833421e-01 -3.071843e-02 1.715674e-02 -3.172408e-02 1.788137e-01 5.576079e-01 -1.189016e-01 -1.144217e-01 7.517599e-02 2.115826e-01 2.172888e-01 1.889305e-01 1.998771e-01 -3.568245e-02 -1.748414e-01 -3.578273e-02 1.764110e-02 -1.758599e-01 -1.850280e-01 -1.008852e-01
<VARIANCE> 39
 2.186239e+01 3.874976e+01 1.586854e+01 1.704903e+01 1.045418e+01 2.828677e+01 2.029788e+01 1.717862e+01 2.040313e+01 1.604539e+01 2.891761e+01 1.611481e+01 4.867885e+01 5.483813e-01 1.300335e+00 1.405017e+00 2.300484e+00 2.107042e+00 1.269522e+00 1.221241e+00 1.678027e+00 1.508905e+00 1.354750e+00 2.479332e+00 3.126245e+00 9.705214e-01 5.687338e-02 1.245772e-01 1.558874e-01 2.335685e-01 1.994193e-01 3.148220e-01 2.335077e-01 2.495409e-01 2.191246e-01 2.162824e-01 3.201224e-01 2.150659e-01 5.851285e-02
<GCONST> 9.421589e+01
<STATE> 5
<MEAN> 39
 3.096751e+00 9.115181e+00 -2.483860e+00 3.945521e+00 -2.680023e+00 -1.606555e+00 1.339184e+00 9.760151e+00 5.062113e+00 -9.089085e+00 -2.894959e+00 6.362380e+00 5.339233e+01 -5.755560e-01 -1.694822e-01 3.001510e-01 -8.667380e-02 -8.902746e-02 4.264093e-01 1.028279e-01 -4.102088e-01 -2.522560e-01 8.058731e-03 5.166328e-02 3.489221e-02 -3.068071e-01 -3.063406e-02 2.782096e-02 1.573728e-02 1.279283e-01 1.689669e-01 -1.363123e-02 -1.100118e-01 -8.639222e-02 -2.538093e-02 5.724413e-02 -5.926102e-02 -1.647062e-01 -4.519882e-02
<VARIANCE> 39
 5.261136e+01 3.958869e+01 3.192477e+01 3.370641e+01 4.389767e+01 4.336557e+01 3.153334e+01 6.637875e+01 6.083536e+01 4.594249e+01 4.430389e+01 6.895609e+01 9.131963e+01 1.348215e+00 2.810610e+00 2.653074e+00 2.494140e+00 4.354340e+00 3.184193e+00 2.890311e+00 2.750968e+00 3.260329e+00 4.328793e+00 3.022107e+00 4.718438e+00 1.455441e+00 2.063136e-01 3.902889e-01 5.059332e-01 4.785452e-01 8.156427e-01 6.015540e-01 5.141737e-01 6.159789e-01 6.112570e-01 7.578290e-01 5.692333e-01 7.133217e-01 1.674655e-01
<GCONST> 1.263194e+02
<TRANSP> 6
 0.000000e+00 9.022121e-01 9.778789e-02 0.000000e+00 0.000000e+00 0.000000e+00
 0.000000e+00 9.278879e-01 7.211215e-02 0.000000e+00 0.000000e+00 0.000000e+00
 0.000000e+00 0.000000e+00 8.623822e-01 1.376178e-01 0.000000e+00 0.000000e+00
 0.000000e+00 0.000000e+00 0.000000e+00 8.775626e-01 8.784383e-02 3.459354e-02
 0.000000e+00 0.000000e+00 0.000000e+00 0.000000e+00 9.218428e-01 7.815718e-02
 0.000000e+00 0.000000e+00 0.000000e+00 0.000000e+00 0.000000e+00 0.000000e+00
<ENDHMM>
