~o
<STREAMINFO> 1 39
<VECSIZE> 39<NULLD><MFCC_D_A_0><DIAGC>
~h "satu"
<BEGINHMM>
<NUMSTATES> 6
<STATE> 2
<MEAN> 39
 -1.796911e+01 -8.942835e+00 8.015204e+00 -7.496244e+00 5.464516e-01 4.057335e+00 1.788649e+00 -4.915401e+00 2.346222e+00 4.659729e+00 1.636031e+00 2.325199e+00 7.318568e+01 1.553411e+00 1.146013e-03 -1.435498e+00 -3.412214e-01 -5.939643e-02 -7.891085e-01 -4.815352e-01 5.582514e-01 3.391189e-01 -2.376069e-01 6.800874e-03 6.651563e-01 7.193827e-01 2.725725e-01 2.187228e-02 -3.082726e-01 1.496294e-01 1.561525e-02 -3.453690e-02 -3.410466e-02 1.996948e-01 -1.999249e-06 -5.066657e-02 -4.521449e-02 5.759460e-02 -4.190012e-02
<VARIANCE> 39
 1.146477e+02 4.818810e+01 7.999051e+01 3.104180e+01 2.741337e+01 3.518520e+01 7.968001e+01 2.796081e+01 4.660627e+01 1.809585e+01 2.262782e+01 2.359867e+01 2.453772e+01 8.422462e+00 4.410891e+00 4.972820e+00 2.251595e+00 1.347035e+00 2.092341e+00 1.704370e+00 2.887781e+00 1.901292e+00 1.865728e+00 2.019911e+00 9.873465e-01 1.232487e+00 1.080199e+00 7.250448e-01 5.122023e-01 4.800850e-01 2.426372e-01 4.770643e-01 3.252118e-01 3.064640e-01 3.672643e-01 3.214948e-01 3.715632e-01 1.499120e-01 1.736750e-01
<GCONST> 1.168517e+02
<STATE> 3
<MEAN> 39
 -3.092820e+00 -2.989389e+00 -1.064985e+01 -5.085795e+00 -2.827563e+00 -6.825286e-01 -1.201159e+00 2.607826e+00 3.344257e+00 3.765210e-02 7.435445e-01 9.333014e+00 6.872723e+01 -5.580184e-01 2.577863e-01 -3.603463e-02 2.482691e-01 -1.490875e-01 1.531725e-01 1.466971e-01 -3.484311e-02 -2.049468e-01 -1.710383e-01 2.052357e-02 -2.429208e-01 -7.478886e-01 -5.224671e-02 3.381840e-02 1.703533e-01 7.191119e-02 7.383636e-02 5.810056e-03 -5.128661e-02 -5.564042e-02 -4.954528e-02 2.557626e-03 2.080764e-02 -8.193982e-02 1.139445e-02
<VARIANCE> 39
 3.324019e+01 3.455833e+01 5.936145e+01 4.260381e+01 1.817546e+01 2.871169e+01 3.591277e+01 3.809833e+01 3.131007e+01 1.968784e+01 2.172911e+01 2.356464e+01 8.220587e+01 6.178555e-01 1.072261e+00 1.369349e+00 8.932207e-01 1.083518e+00 9.624454e-01 1.390998e+00 1.424609e+00 1.231787e+00 1.325619e+00 9.221757e-01 1.334963e+00 8.440887e-01 8.930075e-02 2.096606e-01 2.703697e-01 2.509197e-01 2.186853e-01 2.566730e-01 3.221725e-01 3.125066e-01 3.276378e-01 2.398659e-01 2.022782e-01 1.794630e-01 1.320804e-01
<GCONST> 9.842546e+01
<STATE> 4
<MEAN> 39
 -2.272882e+00 -2.513658e-01 3.645912e+00 -1.677117e+00 -7.949344e+00 1.702145e+00 -6.333285e+00 2.078457e+00 3.722153e+00 -9.665526e+00 -2.198239e+00 5.040575e+00 5.303442e+01 2.999916e-01 3.862044e-01 2.172473e-01 2.477861e-01 2.113134e-02 -3.116437e-01 -1.296393e-01 2.814848e-01 1.570423e-01 -2.084644e-01 -1.919615e-01 -1.715551e-01 1.184443e-01 7.038315e-03 3.914755e-02 -1.704164e-03 -5.047298e-02 -4.329050e-02 -1.856512e-02 5.800112e-03 3.354000e-02 2.143029e-02 3.111986e-02 -1.865654e-04 -3.927261e-03 -1.529945e-02
<VARIANCE> 39
 5.443455e+01 1.260938e+02 6.982418e+01 5.515067e+01 7.079008e+01 6.696970e+01 7.988256e+01 5.465081e+01 1.144885e+02 8.185645e+01 3.211018e+01 4.607071e+01 1.078134e+02 4.207524e+00 8.357038e+00 6.053956e+00 4.711222e+00 6.319240e+00 6.669033e+00 6.422132e+00 5.333297e+00 8.576634e+00 7.286180e+00 3.592889e+00 4.462971e+00 6.061549e+00 5.368027e-01 1.498754e+00 9.559475e-01 8.036159e-01 1.168496e+00 1.203287e+00 1.109451e+00 1.133064e+00 1.460972e+00 1.304211e+00 7.539977e-01 8.345355e-01 8.117619e-01
<GCONST> 1.496964e+02
<STATE> 5
<MEAN> 39
 -3.131263e+00 7.594223e+00 3.152265e+00 4.562960e+00 -6.127464e+00 -9.118611e+00 -5.231326e+00 7.327466e+00 3.909254e+00 -4.491459e+00 -7.194542e-01 -4.463871e-01 6.626135e+01 -5.121505e-01 1.412366e-01 -1.585726e-01 -1.457114e-01 -1.746164e-02 2.287345e-01 4.264071e-01 -1.972527e-01 -7.316832e-02 4.746646e-01 -8.515568e-02 -1.457540e-01 -5.382794e-01 -2.781910e-02 -9.279536e-02 -9.175251e-02 -2.472200e-02 6.547097e-02 3.065969e-02 4.136838e-02 -8.446988e-02 -1.101406e-01 -7.466209e-03 1.549321e-02 3.310183e-02 1.864761e-02
<VARIANCE> 39
 2.096168e+01 3.631875e+01 5.517803e+01 2.095358e+01 3.110984e+01 5.664330e+01 5.263721e+01 3.014388e+01 2.865370e+01 6.078607e+01 1.316819e+01 1.738168e+01 7.339921e+01 4.383235e-01 7.614111e-01 9.147617e-01 9.437317e-01 1.282113e+00 1.459999e+00 1.655523e+00 1.544729e+00 1.482369e+00 1.286984e+00 1.034210e+00 7.754318e-01 5.276622e-01 8.279378e-02 9.386685e-02 1.047957e-01 1.584503e-01 1.867369e-01 2.398831e-01 3.708350e-01 2.351204e-01 2.305918e-01 2.180748e-01 2.101059e-01 1.629924e-01 8.040598e-02
<GCONST> 9.412254e+01
<TRANSP> 6
 0.000000e+00 5.624809e-01 4.375191e-01 0.000000e+00 0.000000e+00 0.000000e+00
 0.000000e+00 9.197035e-01 8.029655e-02 0.000000e+00 0.000000e+00 0.000000e+00
 0.000000e+00 0.000000e+00 9.109591e-01 8.904088e-02 0.000000e+00 0.000000e+00
 0.000000e+00 0.000000e+00 0.000000e+00 9.611785e-01 2.426188e-02 1.455959e-02
 0.000000e+00 0.000000e+00 0.000000e+00 0.000000e+00 9.435292e-01 5.647075e-02
 0.000000e+00 0.000000e+00 0.000000e+00 0.000000e+00 0.000000e+00 0.000000e+00
<ENDHMM>
