~o
<STREAMINFO> 1 39
<VECSIZE> 39<NULLD><PLP_D_A_0><DIAGC>
~h "sembilan"
<BEGINHMM>
<NUMSTATES> 8
<STATE> 2
<MEAN> 39
 -1.862667e+00 -1.728138e+00 3.382903e-01 -8.291712e-01 -6.522918e-01 -4.872113e-01 -1.560560e-01 -8.211238e-01 -5.993167e-01 -2.395793e-02 4.181373e-01 2.449275e-01 5.186057e+00 1.960465e-01 1.586984e-01 -4.020558e-02 1.218150e-01 9.690873e-02 -1.083964e-01 -6.151507e-02 4.171261e-03 -5.448494e-02 -5.619782e-02 -7.011999e-02 -3.577568e-02 1.144146e-02 1.014965e-01 1.195589e-01 -5.200482e-02 6.808706e-02 5.120755e-02 -2.046217e-02 -4.368652e-02 1.598601e-02 3.172015e-03 -3.884038e-02 -5.433472e-02 -3.372451e-02 -3.823491e-02
<VARIANCE> 39
 7.004715e-01 5.509996e-01 5.770951e-01 7.560804e-01 6.376158e-01 5.231526e-01 4.843161e-01 4.828870e-01 3.667932e-01 2.397149e-01 1.458393e-01 9.358270e-02 1.149120e+00 1.373903e-01 2.017326e-01 7.176839e-02 7.547373e-02 6.954098e-02 4.573247e-02 3.857548e-02 3.707258e-02 4.150838e-02 2.857826e-02 3.338907e-02 1.776750e-02 3.773816e-02 1.473057e-02 2.127679e-02 1.247790e-02 1.055239e-02 8.821521e-03 8.358896e-03 5.742179e-03 7.620383e-03 7.933867e-03 3.892455e-03 4.340152e-03 3.239467e-03 5.214162e-03
<GCONST> -4.115918e+01
<STATE> 3
<MEAN> 39
 -3.624609e-01 5.371503e-02 -1.009068e-01 4.054273e-02 8.169131e-02 -1.107350e+00 -8.919793e-01 -8.455111e-01 -5.370057e-01 -5.457894e-01 -4.664607e-01 -3.598002e-01 5.027934e+00 1.129853e-01 3.665592e-02 -4.397827e-02 1.349541e-01 7.934768e-02 -8.238917e-02 -1.026355e-01 -2.960016e-02 -1.662166e-02 -2.329614e-02 -8.461913e-03 -3.219651e-02 2.634056e-02 -7.018109e-02 -1.339500e-01 1.455949e-02 -3.332609e-02 -4.558919e-02 1.162045e-02 2.143245e-02 -1.782436e-02 -7.535875e-03 2.340582e-02 7.971768e-02 5.702181e-02 4.028760e-02
<VARIANCE> 39
 1.704647e-01 3.239118e-01 3.381436e-01 5.934341e-01 4.010090e-01 7.090915e-01 3.387769e-01 3.734253e-01 2.668430e-01 1.426009e-01 1.885068e-01 1.226677e-01 7.760229e-01 3.694546e-02 1.017105e-01 2.420875e-02 3.092653e-02 2.248888e-02 2.570625e-02 2.259168e-02 2.369500e-02 2.432792e-02 2.485096e-02 5.806595e-02 3.198015e-02 1.178368e-02 5.077493e-03 8.307012e-03 4.089608e-03 5.223154e-03 4.615773e-03 5.322255e-03 4.572921e-03 4.009439e-03 5.128350e-03 4.984000e-03 5.511488e-03 3.995494e-03 1.827256e-03
<GCONST> -5.930140e+01
<STATE> 4
<MEAN> 39
 -1.707525e-01 -9.874637e-01 -3.338346e-01 1.489596e-02 -2.573632e-01 -1.404194e+00 -8.368662e-01 -1.149569e+00 -8.701013e-01 -5.527780e-01 3.070070e-01 3.070040e-01 5.575938e+00 5.335344e-02 -1.252097e-01 -1.019635e-01 -1.657993e-01 -1.813278e-01 4.617835e-02 1.206198e-01 3.101323e-02 5.577297e-02 4.845399e-02 1.042812e-01 1.431949e-01 9.258997e-02 -2.887476e-03 3.007811e-02 1.552706e-03 -3.607272e-02 -9.271209e-03 2.695126e-02 2.422154e-02 2.831617e-02 4.526088e-02 1.454903e-02 -2.834360e-02 -1.709316e-02 -1.301647e-02
<VARIANCE> 39
 1.492952e-01 5.040539e-01 5.561112e-01 9.225537e-01 5.418015e-01 1.011333e+00 7.498837e-01 3.708859e-01 2.766982e-01 3.561280e-01 4.518204e-01 2.306049e-01 8.086284e-01 6.578687e-03 3.550430e-02 3.906037e-02 2.935577e-02 2.342069e-02 4.820293e-02 4.014649e-02 3.170298e-02 4.683012e-02 2.910865e-02 2.930969e-02 1.817393e-02 1.054906e-02 1.986289e-03 6.471875e-03 7.462166e-03 7.088597e-03 5.979115e-03 8.683461e-03 7.971177e-03 4.859508e-03 7.317534e-03 4.984424e-03 6.038318e-03 3.792738e-03 2.223370e-03
<GCONST> -5.366830e+01
<STATE> 5
<MEAN> 39
 8.629789e-03 -1.286353e+00 -8.646030e-01 -1.084229e+00 -8.799537e-01 -1.050256e+00 2.416949e-03 -6.574870e-01 -6.427919e-02 -1.882863e-01 4.442951e-01 6.578655e-01 5.989556e+00 -2.592473e-02 1.045922e-01 4.739147e-02 4.323526e-02 9.734652e-02 3.477998e-02 -2.986062e-02 2.912604e-02 3.087050e-02 -4.676677e-02 -1.137776e-01 -6.743508e-02 -7.696983e-02 -1.404039e-02 8.122084e-02 2.979118e-02 7.501848e-02 7.583007e-02 -3.165435e-02 -4.900206e-02 -1.355182e-02 -5.764841e-02 -4.503876e-02 -5.924666e-02 -5.203155e-02 -5.768568e-02
<VARIANCE> 39
 5.480349e-02 5.580837e-01 4.955039e-01 7.681802e-01 4.481537e-01 9.354249e-01 8.404624e-01 6.419523e-01 2.545283e-01 2.918255e-01 2.639896e-01 1.693850e-01 8.047873e-01 3.119132e-03 3.745338e-02 1.913651e-02 3.603077e-02 3.438776e-02 2.656959e-02 2.724908e-02 2.338910e-02 3.772740e-02 1.933665e-02 3.093938e-02 2.146989e-02 1.638997e-02 5.177211e-04 3.569067e-03 4.458311e-03 4.462229e-03 5.399199e-03 5.755648e-03 3.603842e-03 4.480172e-03 4.825254e-03 3.468449e-03 4.081876e-03 4.497179e-03 1.280673e-03
<GCONST> -6.353197e+01
<STATE> 6
<MEAN> 39
 -2.454908e-01 -2.055847e-02 -3.344698e-01 -1.177456e-01 8.322464e-02 -1.147306e+00 -6.371524e-01 -6.156912e-01 -3.201666e-01 -7.573801e-01 -6.043714e-01 -1.138387e-01 4.978817e+00 -7.265500e-02 1.320118e-01 3.675329e-02 7.157650e-02 1.090421e-01 -1.399319e-02 -1.595972e-02 2.590057e-02 -5.743751e-02 -7.422514e-02 -8.407086e-02 -8.929475e-02 -1.344039e-01 6.772997e-04 -9.560034e-02 -4.428690e-02 -6.874295e-02 -7.613796e-02 2.638021e-02 4.386177e-02 -1.685091e-02 1.109486e-05 3.312226e-02 9.296804e-02 6.817275e-02 4.590213e-02
<VARIANCE> 39
 8.031245e-02 3.364732e-01 3.339113e-01 6.908463e-01 3.172594e-01 7.030914e-01 5.144745e-01 5.263178e-01 2.307343e-01 2.167086e-01 3.071693e-01 2.282475e-01 8.605491e-01 8.849741e-03 3.805373e-02 2.806272e-02 3.610541e-02 4.058919e-02 3.674715e-02 2.365716e-02 2.509194e-02 1.647167e-02 2.289703e-02 4.624829e-02 3.546800e-02 1.464187e-02 1.530091e-03 4.243537e-03 3.805474e-03 3.994321e-03 5.538275e-03 6.713008e-03 3.948884e-03 5.236074e-03 4.615892e-03 4.491950e-03 4.922817e-03 5.734403e-03 2.100608e-03
<GCONST> -6.080813e+01
<STATE> 7
<MEAN> 39
 -4.568270e-01 -7.768307e-01 -6.441203e-01 -8.573130e-01 -4.473856e-01 -1.096736e+00 -1.314392e-01 -7.644656e-01 -4.290678e-01 -6.121005e-01 -2.084111e-02 3.603664e-01 5.244837e+00 -2.782554e-02 -1.412520e-01 -4.363324e-02 -9.638873e-02 -1.231650e-01 4.721396e-02 4.249831e-02 -2.224261e-02 4.863504e-02 7.704111e-02 9.582642e-02 5.917697e-02 6.144366e-02 8.458171e-03 1.395069e-02 1.319582e-02 4.588024e-03 5.204380e-03 -9.976631e-03 -1.507071e-02 5.760936e-03 1.159594e-02 4.776765e-03 -1.750661e-02 -1.786400e-02 8.979574e-03
<VARIANCE> 39
 5.878978e-01 6.641588e-01 4.572285e-01 8.745674e-01 6.914181e-01 6.082542e-01 7.814825e-01 4.146686e-01 4.679027e-01 3.668418e-01 2.241497e-01 2.435406e-01 1.376892e+00 2.931511e-02 3.841797e-02 4.294743e-02 3.148423e-02 4.895367e-02 3.734171e-02 2.468852e-02 2.921631e-02 3.871281e-02 3.010335e-02 2.983070e-02 2.938231e-02 2.609986e-02 5.038734e-03 6.573736e-03 7.214149e-03 5.901191e-03 9.500558e-03 6.510933e-03 4.387959e-03 5.546120e-03 6.633421e-03 6.099971e-03 5.037098e-03 4.362485e-03 4.158748e-03
<GCONST> -4.791433e+01
<TRANSP> 8
 0.000000e+00 6.502225e-01 3.497775e-01 0.000000e+00 0.000000e+00 0.000000e+00 0.000000e+00 0.000000e+00
 0.000000e+00 7.711414e-01 2.288586e-01 0.000000e+00 0.000000e+00 0.000000e+00 0.000000e+00 0.000000e+00
 0.000000e+00 0.000000e+00 7.940074e-01 2.032708e-01 2.721837e-03 0.000000e+00 0.000000e+00 0.000000e+00
 0.000000e+00 0.000000e+00 0.000000e+00 8.299817e-01 1.700182e-01 0.000000e+00 0.000000e+00 0.000000e+00
 0.000000e+00 0.000000e+00 0.000000e+00 0.000000e+00 7.945216e-01 2.054784e-01 0.000000e+00 0.000000e+00
 0.000000e+00 0.000000e+00 0.000000e+00 0.000000e+00 0.000000e+00 7.648346e-01 2.351654e-01 0.000000e+00
 0.000000e+00 0.000000e+00 0.000000e+00 0.000000e+00 0.000000e+00 0.000000e+00 7.992482e-01 2.007518e-01
 0.000000e+00 0.000000e+00 0.000000e+00 0.000000e+00 0.000000e+00 0.000000e+00 0.000000e+00 0.000000e+00
<ENDHMM>
