~o
<STREAMINFO> 1 39
<VECSIZE> 39<NULLD><MFCC_D_A_0><DIAGC>
~h "sepuluh"
<BEGINHMM>
<NUMSTATES> 6
<STATE> 2
<MEAN> 39
 -4.314942e+00 -6.223186e+00 1.259748e+01 -1.431828e+01 -1.657105e+00 -1.528310e+01 1.347475e+01 -1.097049e+01 -1.008024e+00 -9.165289e+00 -7.022302e-01 -2.189014e+00 7.428313e+01 1.431484e-01 -3.920249e-02 -1.614468e-01 5.459758e-02 -2.062182e-02 -1.125550e-01 -1.072856e-01 1.285886e-01 3.514978e-02 -6.407294e-02 -6.442008e-02 7.270660e-02 -1.322744e-01 1.466680e-02 8.985384e-02 -6.820418e-02 4.971713e-02 5.472471e-02 5.170814e-02 -5.265771e-02 -9.639312e-03 4.126871e-02 2.204851e-02 -9.199975e-03 -1.859088e-02 -8.669674e-02
<VARIANCE> 39
 1.017831e+02 4.565073e+01 4.108219e+01 8.258381e+01 1.686408e+02 1.457206e+02 5.571969e+01 5.174799e+01 5.420977e+01 6.372716e+01 8.507374e+01 3.657525e+01 5.215944e+01 3.155994e+00 2.642159e+00 4.552026e+00 3.157435e+00 7.510022e+00 6.752674e+00 3.488707e+00 3.106230e+00 4.465047e+00 3.476498e+00 3.943525e+00 2.798849e+00 3.113663e+00 4.422195e-01 3.829395e-01 6.600240e-01 5.303867e-01 9.564830e-01 1.017099e+00 6.774877e-01 5.748802e-01 8.782571e-01 6.845809e-01 5.944479e-01 6.153172e-01 4.383543e-01
<GCONST> 1.377109e+02
<STATE> 3
<MEAN> 39
 -1.521244e+01 -7.432193e-01 1.866102e+00 -1.019352e+00 -6.168515e-01 2.702241e-01 -7.234070e-01 -3.517185e+00 -1.466790e+00 -2.085700e+00 2.348551e-01 6.833371e-01 6.388946e+01 5.483875e-01 8.400298e-01 -3.960078e-01 1.651260e-01 -2.245891e-02 -9.824288e-02 -8.372371e-02 1.706378e-01 1.790751e-01 -2.028634e-02 -1.114997e-01 -1.974622e-01 -4.500667e-01 1.985817e-01 6.920551e-02 1.520638e-01 3.527522e-02 -9.826717e-02 -2.043463e-01 -1.027172e-01 1.034697e-02 -4.718968e-02 -2.578734e-02 6.539072e-03 -1.596706e-02 1.875263e-01
<VARIANCE> 39
 4.654039e+01 3.682115e+01 3.533578e+01 3.034512e+01 1.849750e+01 2.468104e+01 3.601458e+01 2.368176e+01 2.032128e+01 2.130750e+01 1.764114e+01 1.899915e+01 4.888273e+01 4.550374e+00 3.547954e+00 2.631691e+00 1.971652e+00 1.380564e+00 1.998171e+00 1.902404e+00 1.697497e+00 1.839550e+00 1.350906e+00 1.547141e+00 1.332002e+00 2.644310e+00 8.447472e-01 5.253968e-01 4.877401e-01 3.526110e-01 2.796686e-01 4.537109e-01 4.600400e-01 3.853697e-01 3.987179e-01 2.619202e-01 2.620300e-01 1.889842e-01 2.586846e-01
<GCONST> 1.109852e+02
<STATE> 4
<MEAN> 39
 -2.066348e-01 5.224899e+00 -4.062293e-01 2.576351e+00 -3.170277e+00 -3.624859e+00 -3.395769e+00 4.205202e+00 2.788893e+00 -8.523174e+00 -4.164589e+00 8.575976e-01 5.426892e+01 5.205798e-01 4.412256e-01 7.664426e-02 9.959660e-03 -3.123188e-01 -5.289563e-01 -2.633031e-01 1.557135e-01 5.476921e-04 -1.769901e-01 -6.846186e-02 -1.238657e-02 2.237716e-01 -1.062334e-01 -1.015158e-01 -5.516135e-02 -1.368474e-02 2.351499e-02 6.383348e-02 6.462594e-02 1.824819e-02 3.297651e-03 -2.563427e-02 -1.516998e-02 -9.742252e-03 -5.448588e-02
<VARIANCE> 39
 6.280751e+01 8.352587e+01 6.943291e+01 4.521778e+01 8.050272e+01 6.993204e+01 5.782085e+01 6.776487e+01 9.967366e+01 5.757749e+01 4.687225e+01 3.729834e+01 1.176402e+02 3.842400e+00 5.459383e+00 6.699745e+00 4.085325e+00 7.930228e+00 6.858820e+00 4.736228e+00 4.063249e+00 6.138019e+00 4.705039e+00 3.815546e+00 3.113072e+00 2.965220e+00 4.855453e-01 9.668569e-01 1.146826e+00 7.660181e-01 1.265567e+00 1.138588e+00 8.685755e-01 7.107779e-01 1.098087e+00 9.236463e-01 7.595884e-01 5.632735e-01 4.308064e-01
<GCONST> 1.436440e+02
<STATE> 5
<MEAN> 39
 -2.361671e+00 8.057761e+00 5.316011e-01 2.884781e+00 -4.622351e+00 -9.858502e+00 -4.032571e+00 1.104796e+00 -5.617577e-01 -8.274622e+00 -5.298913e+00 -3.620830e+00 6.759932e+01 -3.197237e-01 -2.148565e-01 -1.805417e-01 -7.438412e-02 1.458121e-01 2.692852e-01 1.628995e-01 -3.602651e-02 -4.547879e-02 8.177281e-02 5.569516e-03 4.121157e-02 -2.280615e-01 -2.142264e-02 -1.895074e-02 -1.082521e-02 -1.590955e-02 1.779476e-02 2.557482e-02 -1.138095e-02 -1.733715e-02 4.452482e-03 2.280522e-02 1.665038e-02 1.911633e-02 -1.071168e-02
<VARIANCE> 39
 3.995028e+01 4.864015e+01 4.973804e+01 4.029896e+01 4.772855e+01 5.243672e+01 5.286359e+01 4.701160e+01 4.376762e+01 4.031756e+01 2.924511e+01 2.020901e+01 3.592825e+01 5.333825e-01 7.062704e-01 1.215223e+00 1.272976e+00 1.751777e+00 1.931430e+00 1.397304e+00 1.458007e+00 2.005054e+00 1.371285e+00 1.509342e+00 1.233751e+00 5.316139e-01 5.201684e-02 1.093532e-01 1.590789e-01 2.240435e-01 2.799719e-01 3.433109e-01 2.623387e-01 2.762522e-01 3.414704e-01 2.249069e-01 2.402934e-01 2.022026e-01 5.465117e-02
<GCONST> 1.003584e+02
<TRANSP> 6
 0.000000e+00 6.124799e-01 3.875201e-01 0.000000e+00 0.000000e+00 0.000000e+00
 0.000000e+00 9.521554e-01 2.648105e-02 2.136361e-02 0.000000e+00 0.000000e+00
 0.000000e+00 0.000000e+00 9.239272e-01 7.353150e-02 2.541301e-03 0.000000e+00
 0.000000e+00 0.000000e+00 0.000000e+00 9.341674e-01 3.716170e-02 2.867083e-02
 0.000000e+00 0.000000e+00 0.000000e+00 0.000000e+00 9.736537e-01 2.634628e-02
 0.000000e+00 0.000000e+00 0.000000e+00 0.000000e+00 0.000000e+00 0.000000e+00
<ENDHMM>
