~o
<STREAMINFO> 1 39
<VECSIZE> 39<NULLD><MFCC_D_A_0><DIAGC>
~h "tambah"
<BEGINHMM>
<NUMSTATES> 6
<STATE> 2
<MEAN> 39
 -5.296884e+00 -7.703202e-01 7.186399e-01 -1.721404e+00 -3.279814e+00 -1.558548e+00 2.400717e+00 -6.015332e+00 -2.287527e+00 -4.617858e+00 2.905731e+00 6.980891e-01 6.722669e+01 1.395937e+00 3.869568e-02 -1.364855e-01 -1.206421e-01 -3.857276e-01 -4.063477e-02 1.681538e-01 -3.539125e-02 -7.185443e-02 -2.932969e-01 2.358874e-01 6.500681e-01 1.157800e+00 8.024266e-02 2.379926e-01 -3.437857e-02 -4.369660e-03 1.444297e-01 -3.400915e-02 -7.964604e-02 1.549190e-01 1.540052e-01 -3.746261e-02 -1.618718e-01 -9.600407e-03 -1.006141e-01
<VARIANCE> 39
 7.618713e+01 5.475196e+01 3.854049e+01 5.447308e+01 9.407253e+01 4.453761e+01 5.774173e+01 6.502712e+01 4.128202e+01 4.247836e+01 3.173607e+01 4.484390e+01 1.384409e+02 5.753450e+00 8.230456e+00 3.420275e+00 4.293917e+00 7.468678e+00 4.485579e+00 4.428757e+00 5.365402e+00 4.186035e+00 3.780922e+00 3.599334e+00 3.381400e+00 6.911558e+00 6.899611e-01 1.572756e+00 6.638450e-01 8.641938e-01 1.370332e+00 9.664036e-01 9.368513e-01 9.939720e-01 8.321020e-01 7.481660e-01 7.212664e-01 5.706279e-01 1.280741e+00
<GCONST> 1.429339e+02
<STATE> 3
<MEAN> 39
 3.398495e+00 5.043320e+00 -2.426091e+00 -2.367678e+00 -8.095609e+00 -3.541900e+00 1.321586e+00 -9.370390e-01 2.285497e+00 -5.695947e+00 -7.966282e-01 4.315246e+00 7.317799e+01 3.785479e-02 1.431789e+00 1.161888e-01 9.414094e-01 1.539848e+00 -3.795697e-01 -6.751325e-01 6.787367e-01 9.540219e-01 1.348624e-01 -1.491887e+00 -1.745255e+00 -9.894470e-01 -4.996364e-01 -5.280220e-02 2.213773e-01 4.755313e-01 5.092134e-01 3.054553e-01 2.795521e-02 -2.832524e-01 -8.389416e-02 1.142162e-01 -2.191407e-01 -6.245983e-01 -3.616641e-01
<VARIANCE> 39
 1.087024e+01 3.531335e+01 2.196599e+01 5.137570e+01 3.782215e+01 3.959911e+01 4.398569e+01 6.083406e+01 2.635947e+01 2.059700e+01 2.656912e+01 5.933921e+01 8.768262e+01 1.203460e+00 1.266456e+00 1.586209e+00 2.695800e+00 4.917896e+00 2.213474e+00 1.932073e+00 2.155266e+00 2.401234e+00 1.929286e+00 2.482216e+00 4.537103e+00 1.092950e+00 2.506698e-01 2.147191e-01 2.016522e-01 3.240550e-01 6.496531e-01 4.165330e-01 4.216990e-01 3.179698e-01 3.990211e-01 4.008792e-01 4.053044e-01 5.289298e-01 1.931012e-01
<GCONST> 1.137416e+02
<STATE> 4
<MEAN> 39
 3.738114e-01 1.321558e+01 8.258509e-02 7.646031e+00 4.724307e+00 -1.141292e+00 -2.521791e+00 1.127725e-01 6.328476e+00 -4.579541e+00 -1.071771e+01 -1.025363e+01 6.597737e+01 -1.334935e-01 5.030562e-01 3.065128e-01 1.731746e-01 3.094034e-01 1.790967e-01 -1.229089e-01 -1.883294e-01 -5.475027e-02 7.531417e-02 -3.027849e-01 -5.337435e-01 -3.311999e-01 1.688736e-01 -2.445330e-01 -8.077031e-02 -4.687349e-01 -7.188739e-01 -1.626256e-01 9.188610e-02 -3.553124e-02 -1.905388e-01 -1.021897e-01 4.616999e-01 7.451186e-01 2.898648e-01
<VARIANCE> 39
 7.124865e+00 1.358775e+01 1.423264e+01 1.465326e+01 1.594356e+01 2.845889e+01 1.418257e+01 5.121237e+01 2.930181e+01 2.156484e+01 2.142899e+01 1.686976e+01 7.371012e+01 2.774541e-01 4.087755e-01 4.744917e-01 1.856467e+00 3.675856e+00 1.168042e+00 8.218173e-01 7.998278e-01 1.439542e+00 9.932836e-01 2.632471e+00 4.291539e+00 4.257098e-01 4.530033e-02 1.302275e-01 1.192725e-01 1.867160e-01 3.687995e-01 2.254150e-01 1.535182e-01 1.775736e-01 2.592720e-01 2.422008e-01 2.634665e-01 4.230788e-01 7.796139e-02
<GCONST> 8.905646e+01
<STATE> 5
<MEAN> 39
 -3.404819e-02 -3.912093e-01 9.305205e-01 -5.334660e+00 -3.740957e+00 -2.416589e+00 6.272644e+00 -6.541701e+00 3.024298e+00 -6.991491e+00 -1.822987e+00 6.739069e-01 7.060329e+01 -2.882291e-01 -3.474486e-01 6.917051e-02 1.270334e-02 -2.830474e-02 9.837745e-02 1.042478e-01 -1.163003e-01 -2.436360e-01 4.675841e-02 3.091416e-01 3.374225e-01 -8.230156e-02 -3.831701e-02 2.767844e-02 1.021951e-02 6.834403e-02 1.104931e-01 1.587167e-02 -1.718390e-02 1.386280e-02 2.519918e-02 2.418173e-02 -6.176151e-02 -1.212673e-01 -3.340440e-02
<VARIANCE> 39
 4.936954e+01 7.617572e+01 6.792242e+01 1.262810e+02 8.427970e+01 6.347395e+01 8.017504e+01 1.179752e+02 5.747459e+01 4.332713e+01 5.669825e+01 5.969833e+01 1.105184e+02 1.562495e+00 3.419438e+00 2.136885e+00 3.187338e+00 5.674033e+00 3.139619e+00 2.768843e+00 3.122400e+00 3.148650e+00 2.884906e+00 3.191765e+00 4.372778e+00 2.424993e+00 2.046977e-01 4.550893e-01 3.493583e-01 4.677425e-01 7.629110e-01 5.820438e-01 4.636612e-01 5.503991e-01 5.683045e-01 4.824505e-01 4.602650e-01 5.340253e-01 3.244192e-01
<GCONST> 1.315324e+02
<TRANSP> 6
 0.000000e+00 6.930501e-01 3.069499e-01 0.000000e+00 0.000000e+00 0.000000e+00
 0.000000e+00 8.844625e-01 1.155375e-01 0.000000e+00 0.000000e+00 0.000000e+00
 0.000000e+00 0.000000e+00 7.532397e-01 1.833167e-01 6.344360e-02 0.000000e+00
 0.000000e+00 0.000000e+00 0.000000e+00 8.858649e-01 1.141351e-01 0.000000e+00
 0.000000e+00 0.000000e+00 0.000000e+00 0.000000e+00 9.568518e-01 4.314825e-02
 0.000000e+00 0.000000e+00 0.000000e+00 0.000000e+00 0.000000e+00 0.000000e+00
<ENDHMM>
