~o
<STREAMINFO> 1 39
<VECSIZE> 39<NULLD><PLP_D_A_0><DIAGC>
~h "tiga"
<BEGINHMM>
<NUMSTATES> 8
<STATE> 2
<MEAN> 39
 -8.804584e-01 -1.208171e+00 -1.935548e-02 2.452307e-01 -2.848478e-01 -1.167530e+00 -1.182186e+00 -8.534816e-01 -3.868784e-01 -5.108240e-01 1.443061e-01 -5.087866e-02 5.003357e+00 1.787972e-01 5.013917e-03 2.119477e-01 3.279962e-01 1.632213e-01 -2.136674e-01 -2.098951e-01 -2.064683e-02 -8.704984e-02 -6.463799e-02 -7.823514e-02 -9.674480e-02 1.722782e-01 -2.444898e-02 7.786305e-02 -3.477680e-02 -9.967707e-03 8.862129e-03 1.517449e-02 7.043392e-02 4.837619e-02 -4.259099e-03 1.590635e-02 -2.743900e-02 -2.537140e-03 -8.805333e-02
<VARIANCE> 39
 2.531457e-01 4.325703e-01 6.153296e-01 8.553444e-01 6.351031e-01 8.106462e-01 6.234841e-01 2.519379e-01 3.075184e-01 3.324718e-01 3.103585e-01 1.461210e-01 1.181649e+00 1.670249e-02 7.181588e-02 3.917770e-02 4.997905e-02 4.572075e-02 5.907147e-02 4.881226e-02 3.555789e-02 3.311648e-02 2.505186e-02 3.521806e-02 1.425957e-02 4.789150e-02 5.734640e-03 1.257436e-02 1.058735e-02 1.498771e-02 9.306709e-03 1.212003e-02 1.429234e-02 6.532084e-03 7.033660e-03 6.614454e-03 5.709991e-03 2.663463e-03 1.054965e-02
<GCONST> -4.413609e+01
<STATE> 3
<MEAN> 39
 -7.446188e-01 -8.933697e-01 7.024725e-01 5.763898e-01 3.574488e-01 -2.039394e+00 -9.507630e-01 -6.552651e-01 -5.263748e-01 -5.213271e-01 -4.110258e-01 -2.731310e-01 5.357039e+00 -3.887488e-02 1.640885e-01 -7.869307e-02 -2.568477e-02 2.689871e-03 1.176771e-01 1.422493e-01 4.353789e-02 3.688403e-02 1.740989e-02 -2.335237e-02 -7.506423e-03 -1.658691e-01 -2.247377e-02 -4.496178e-02 -6.285238e-02 -9.508165e-02 -4.357522e-02 7.419000e-02 3.218510e-02 -3.197022e-02 2.024725e-02 9.432949e-03 3.912106e-02 3.268597e-02 1.230373e-02
<VARIANCE> 39
 9.503652e-02 6.727073e-01 1.015955e+00 9.335631e-01 2.862090e-01 1.332453e+00 5.152824e-01 3.573160e-01 2.303717e-01 2.092926e-01 4.655896e-01 1.393946e-01 8.871961e-01 9.653036e-03 2.415768e-02 3.364312e-02 2.935017e-02 1.756029e-02 5.931205e-02 2.690087e-02 1.857915e-02 2.094090e-02 2.001282e-02 2.990881e-02 1.394845e-02 2.211192e-02 3.094883e-03 1.145271e-02 5.029697e-03 8.680859e-03 6.250008e-03 1.030245e-02 8.338403e-03 3.360292e-03 5.699219e-03 4.447503e-03 5.050410e-03 3.847804e-03 1.046626e-02
<GCONST> -5.520267e+01
<STATE> 4
<MEAN> 39
 -9.631171e-01 -7.882308e-01 -9.900486e-02 1.347494e-01 1.324275e-01 -1.005786e+00 -7.001749e-01 -8.733237e-01 -3.619731e-01 -4.691007e-01 -9.417233e-02 -2.091075e-01 5.023205e+00 8.157498e-02 -2.196287e-01 -9.146688e-02 -2.291618e-01 -9.964208e-02 -1.848114e-03 -8.706142e-02 -1.352705e-01 -5.082732e-02 2.339642e-02 1.412134e-01 1.337410e-01 2.644695e-01 7.816055e-02 -3.186538e-02 1.959077e-02 -1.596054e-02 -4.401400e-02 -7.419819e-02 -5.660455e-02 4.089178e-04 -2.766708e-02 -8.513211e-03 3.690609e-02 4.521256e-02 7.386137e-02
<VARIANCE> 39
 2.263061e-01 7.159244e-01 5.818462e-01 8.903056e-01 4.431463e-01 3.319058e-01 4.962241e-01 4.942287e-01 3.100432e-01 2.713094e-01 1.801912e-01 1.102149e-01 1.103102e+00 2.844697e-02 4.227562e-02 4.181454e-02 3.261159e-02 2.966356e-02 7.323126e-02 6.982843e-02 2.438112e-02 3.913690e-02 3.541531e-02 2.862286e-02 1.769076e-02 3.912138e-02 2.958914e-03 1.509397e-02 1.002348e-02 7.514644e-03 6.542037e-03 1.343634e-02 1.363316e-02 8.050646e-03 7.899025e-03 8.636070e-03 6.984852e-03 3.327955e-03 1.205564e-02
<GCONST> -4.630557e+01
<STATE> 5
<MEAN> 39
 -1.714078e-01 -1.295201e+00 -2.428029e-01 -5.306826e-01 -3.585757e-01 -1.527368e+00 -1.138769e+00 -1.167421e+00 -6.720886e-01 -3.329145e-01 5.351374e-01 4.299546e-01 5.975860e+00 2.016026e-01 -2.039226e-02 -1.538999e-01 -2.460358e-01 -2.305116e-01 -3.030036e-02 1.464926e-01 1.002198e-01 -1.294767e-02 2.104331e-02 1.032414e-01 1.992477e-01 1.093818e-01 -4.645196e-02 7.381952e-02 -1.041415e-02 2.814386e-02 1.947144e-02 5.628969e-02 9.836558e-02 6.848195e-02 4.738441e-02 -1.988517e-02 -8.090965e-02 -5.445638e-02 -1.012126e-01
<VARIANCE> 39
 1.157171e-01 5.618930e-01 4.741595e-01 9.704369e-01 3.396612e-01 1.105162e+00 8.787447e-01 4.983569e-01 2.374429e-01 6.315996e-01 3.571274e-01 1.690002e-01 9.506158e-01 1.405266e-02 2.345739e-02 3.236261e-02 2.007434e-02 2.166491e-02 5.232397e-02 5.111344e-02 2.627539e-02 3.833235e-02 4.861461e-02 3.884327e-02 2.270572e-02 1.625739e-02 2.544190e-03 6.559475e-03 5.625128e-03 4.966904e-03 6.058386e-03 1.204003e-02 8.839556e-03 5.756543e-03 6.181958e-03 7.298142e-03 5.241634e-03 5.357964e-03 3.276417e-03
<GCONST> -5.168828e+01
<STATE> 6
<MEAN> 39
 -1.360590e-01 -1.128356e+00 -1.013428e+00 -1.183670e+00 -9.513220e-01 -1.323289e+00 -2.194389e-01 -5.733060e-01 -3.670402e-01 -2.549830e-01 5.247108e-01 6.802998e-01 5.925091e+00 -5.352361e-02 9.276645e-02 -1.847048e-02 -4.304452e-03 -3.657490e-02 1.069465e-01 1.078672e-01 5.996880e-02 3.777632e-02 -6.864838e-02 -7.727791e-02 -7.206608e-03 -1.415392e-01 -4.374344e-02 3.378050e-02 3.822449e-02 5.759387e-02 5.395583e-02 9.181108e-03 -3.336685e-02 -2.011291e-02 -1.269915e-02 -8.552933e-03 -1.869768e-02 -3.937537e-02 -4.835156e-02
<VARIANCE> 39
 1.627086e-01 6.031486e-01 6.669534e-01 8.661564e-01 2.363833e-01 5.904629e-01 8.132221e-01 6.421533e-01 3.298204e-01 4.563520e-01 2.936355e-01 1.460893e-01 6.562718e-01 9.152362e-03 2.325549e-02 1.514343e-02 1.535791e-02 1.375637e-02 1.791864e-02 2.543228e-02 2.206996e-02 2.031623e-02 1.789785e-02 1.651078e-02 1.490183e-02 1.792166e-02 2.014975e-03 2.900469e-03 3.104566e-03 3.497241e-03 3.794107e-03 4.432919e-03 4.341075e-03 3.760598e-03 4.063966e-03 4.526175e-03 3.476685e-03 4.108078e-03 3.780326e-03
<GCONST> -6.527584e+01
<STATE> 7
<MEAN> 39
 -4.508615e-01 -5.013725e-01 -5.334160e-01 -8.216193e-01 -5.266846e-01 -9.238346e-01 -2.507043e-01 -6.951802e-01 -5.611879e-01 -7.902101e-01 -4.424028e-02 3.065054e-01 4.998770e+00 -6.236798e-02 1.296984e-02 -2.358657e-02 7.110627e-03 4.341621e-02 -1.407584e-02 -1.110274e-02 1.362186e-02 -1.595074e-02 2.229511e-02 -1.058085e-02 -3.290725e-02 -6.067491e-02 7.642240e-03 -4.650146e-02 -7.497253e-03 -1.906500e-02 -1.854277e-02 -2.005620e-02 -8.494724e-03 -7.751653e-03 6.544158e-03 2.149724e-02 2.381249e-02 1.886784e-02 4.467134e-02
<VARIANCE> 39
 4.132637e-01 5.807413e-01 3.708648e-01 6.110148e-01 4.006988e-01 4.862511e-01 6.735266e-01 4.720660e-01 4.132161e-01 3.686228e-01 3.254231e-01 3.172113e-01 1.183171e+00 2.145846e-02 5.442552e-02 2.802978e-02 3.420287e-02 4.158529e-02 3.973990e-02 3.414127e-02 3.755910e-02 3.553814e-02 3.923111e-02 3.016558e-02 4.545563e-02 5.953006e-02 4.413515e-03 7.751105e-03 4.487970e-03 6.042577e-03 7.827720e-03 7.183088e-03 6.900677e-03 6.760650e-03 7.769225e-03 6.849400e-03 4.958801e-03 8.683207e-03 8.175216e-03
<GCONST> -4.601400e+01
<TRANSP> 8
 0.000000e+00 7.332354e-01 2.667647e-01 0.000000e+00 0.000000e+00 0.000000e+00 0.000000e+00 0.000000e+00
 0.000000e+00 6.827932e-01 3.172068e-01 0.000000e+00 0.000000e+00 0.000000e+00 0.000000e+00 0.000000e+00
 0.000000e+00 0.000000e+00 6.847335e-01 3.152665e-01 0.000000e+00 0.000000e+00 0.000000e+00 0.000000e+00
 0.000000e+00 0.000000e+00 0.000000e+00 6.566938e-01 3.433062e-01 0.000000e+00 0.000000e+00 0.000000e+00
 0.000000e+00 0.000000e+00 0.000000e+00 0.000000e+00 6.211099e-01 3.788901e-01 0.000000e+00 0.000000e+00
 0.000000e+00 0.000000e+00 0.000000e+00 0.000000e+00 0.000000e+00 7.451651e-01 2.548350e-01 0.000000e+00
 0.000000e+00 0.000000e+00 0.000000e+00 0.000000e+00 0.000000e+00 0.000000e+00 7.943693e-01 2.056307e-01
 0.000000e+00 0.000000e+00 0.000000e+00 0.000000e+00 0.000000e+00 0.000000e+00 0.000000e+00 0.000000e+00
<ENDHMM>
