~o
<STREAMINFO> 1 39
<VECSIZE> 39<NULLD><MFCC_D_A_0><DIAGC>
~h "tujuh"
<BEGINHMM>
<NUMSTATES> 6
<STATE> 2
<MEAN> 39
 -1.046494e+00 1.320050e-01 1.294053e+00 9.483969e+00 2.731385e+00 1.600000e-01 -4.894690e+00 1.922829e+00 -6.537560e-01 -1.118823e+01 8.174266e-01 2.753135e+00 5.529860e+01 3.483858e-01 7.356832e-02 3.974561e-02 4.022493e-02 5.052684e-02 9.782584e-03 -5.928328e-02 1.385710e-02 -2.877153e-02 -1.229578e-01 -8.365466e-02 4.273619e-02 3.156715e-01 3.615246e-02 9.325673e-02 4.749095e-03 1.297361e-02 4.112969e-02 7.323322e-02 -2.885148e-03 -1.700506e-02 -8.937709e-03 3.605966e-03 -3.757010e-02 -3.939553e-02 -4.168458e-02
<VARIANCE> 39
 7.034724e+01 8.791143e+01 5.805499e+01 7.016656e+01 6.405461e+01 5.798404e+01 6.453694e+01 6.953728e+01 4.987325e+01 6.220070e+01 3.944674e+01 3.466681e+01 9.971811e+01 4.193376e+00 1.095639e+01 4.921077e+00 4.464990e+00 6.772563e+00 5.126261e+00 6.866016e+00 5.697273e+00 4.215590e+00 6.185205e+00 4.183264e+00 3.216393e+00 4.738297e+00 7.132743e-01 2.227723e+00 8.600389e-01 6.992819e-01 1.291494e+00 9.834175e-01 1.240844e+00 1.071015e+00 8.100198e-01 1.141346e+00 8.156956e-01 6.143016e-01 8.056189e-01
<GCONST> 1.462507e+02
<STATE> 3
<MEAN> 39
 -1.339991e+00 -6.999811e+00 1.470543e+01 -8.359696e+00 5.993953e+00 -1.655156e+01 1.130801e+01 -1.198119e+01 -2.987011e+00 -1.442038e+01 4.601477e-01 -6.725791e+00 7.583589e+01 4.042830e-02 -3.364554e-02 -2.972983e-01 -2.068324e-01 -4.322420e-02 9.460936e-02 1.483136e-01 -8.351246e-02 1.617676e-01 1.185050e-01 -1.131888e-01 2.361962e-01 -4.330645e-03 -1.511397e-02 -4.949653e-02 -5.714691e-02 5.061814e-03 1.492253e-02 6.567536e-03 -7.178816e-03 -1.238614e-02 -1.382176e-02 3.682135e-02 3.601916e-02 1.747936e-02 2.143509e-02
<VARIANCE> 39
 3.431461e+01 4.290417e+01 4.116666e+01 6.772323e+01 1.212180e+02 1.047181e+02 7.379836e+01 5.404468e+01 8.395582e+01 3.577757e+01 4.880881e+01 3.352805e+01 3.450301e+01 3.143043e+00 3.931335e+00 3.074080e+00 2.771233e+00 5.575674e+00 4.389838e+00 5.087903e+00 4.704693e+00 8.855443e+00 3.626432e+00 3.450658e+00 2.331152e+00 3.227579e+00 5.989522e-01 6.452715e-01 5.771118e-01 4.439543e-01 6.918072e-01 6.273538e-01 9.828438e-01 8.180664e-01 1.602737e+00 6.911859e-01 5.786052e-01 4.299882e-01 4.865510e-01
<GCONST> 1.359749e+02
<STATE> 4
<MEAN> 39
 -5.826920e+00 2.206559e+00 3.684171e+00 1.086042e+01 9.411872e+00 1.105641e+00 -5.568246e+00 -5.118818e+00 -3.517990e+00 -7.491956e+00 -2.818326e-01 -5.068101e-01 6.880850e+01 2.576536e-01 9.066729e-02 6.678019e-03 -1.102381e-01 -5.338242e-02 1.335521e-01 -6.201072e-02 5.608657e-03 -4.619614e-02 -1.763992e-01 -1.564576e-01 4.243816e-02 1.275410e-01 -5.455442e-02 -6.939785e-03 -2.509475e-02 -7.853545e-02 -1.133929e-01 -5.520481e-02 6.154621e-02 5.886382e-02 5.397312e-02 3.624522e-02 -1.061581e-02 -1.381451e-03 -4.259979e-02
<VARIANCE> 39
 3.683492e+01 7.784418e+01 4.284857e+01 7.110849e+01 6.450999e+01 6.559743e+01 6.013648e+01 5.355378e+01 4.198850e+01 4.376502e+01 2.506908e+01 2.254325e+01 3.922567e+01 3.589481e+00 6.450867e+00 2.889221e+00 2.387921e+00 3.125348e+00 3.211499e+00 3.950083e+00 4.129430e+00 3.786422e+00 2.469748e+00 1.835295e+00 1.662068e+00 2.108496e+00 5.578392e-01 1.026857e+00 5.769562e-01 4.399697e-01 5.044506e-01 6.295940e-01 6.889367e-01 7.764657e-01 6.861063e-01 4.284133e-01 3.433079e-01 3.018408e-01 3.364174e-01
<GCONST> 1.275975e+02
<STATE> 5
<MEAN> 39
 -3.221723e+00 6.652517e+00 -1.532340e-01 8.875456e-01 -1.358436e+00 -4.808771e+00 -3.241004e+00 -1.969841e+00 -2.601881e+00 -9.983071e+00 -4.822119e+00 -2.525076e+00 6.883710e+01 -3.345950e-01 -3.070069e-02 -2.470204e-01 -1.340564e-01 -2.599647e-01 -1.405294e-01 2.301087e-01 8.427083e-02 2.060269e-01 3.810197e-01 1.314495e-01 4.322718e-02 -3.336006e-01 -2.179698e-02 -8.577584e-02 -1.300933e-02 2.855435e-02 6.706484e-02 2.032513e-02 -2.024163e-02 -6.477741e-02 -3.032741e-02 3.157723e-02 5.976907e-02 3.560251e-02 3.121487e-02
<VARIANCE> 39
 4.034180e+01 3.539417e+01 3.167623e+01 4.736774e+01 4.163232e+01 5.051469e+01 4.421519e+01 3.574680e+01 3.680958e+01 5.024999e+01 2.731449e+01 2.730009e+01 5.482979e+01 5.122012e-01 9.244383e-01 9.470013e-01 1.072619e+00 1.355659e+00 1.957528e+00 1.521250e+00 1.277416e+00 1.762916e+00 1.868092e+00 1.366877e+00 1.039316e+00 5.583875e-01 5.107606e-02 1.096433e-01 1.323339e-01 1.763359e-01 2.196197e-01 3.195346e-01 2.424608e-01 2.385652e-01 2.517296e-01 2.993441e-01 2.611539e-01 2.034108e-01 4.312140e-02
<GCONST> 9.816729e+01
<TRANSP> 6
 0.000000e+00 7.924836e-01 2.075163e-01 0.000000e+00 0.000000e+00 0.000000e+00
 0.000000e+00 9.083410e-01 0.000000e+00 9.165902e-02 0.000000e+00 0.000000e+00
 0.000000e+00 0.000000e+00 9.741771e-01 1.867300e-02 7.149922e-03 0.000000e+00
 0.000000e+00 0.000000e+00 0.000000e+00 9.300513e-01 3.599080e-02 3.395792e-02
 0.000000e+00 0.000000e+00 0.000000e+00 0.000000e+00 9.432876e-01 5.671236e-02
 0.000000e+00 0.000000e+00 0.000000e+00 0.000000e+00 0.000000e+00 0.000000e+00
<ENDHMM>
