~o
<STREAMINFO> 1 39
<VECSIZE> 39<NULLD><MFCC_D_A_0><DIAGC>
~h "bagi"
<BEGINHMM>
<NUMSTATES> 6
<STATE> 2
<MEAN> 39
 -4.869564e+00 -9.662333e+00 1.588011e+00 -1.484926e+01 2.619931e+00 -1.863339e+01 1.188951e+01 -1.259176e+01 -6.710531e+00 -2.622736e+00 5.726864e-01 -7.886886e-01 7.792229e+01 -2.013799e-01 -5.703320e-02 2.179212e-01 5.086566e-01 4.361367e-01 -1.999851e-01 -3.150715e-01 -4.292304e-01 -2.153418e-02 5.612337e-02 2.607971e-01 -1.490267e-01 5.253797e-02 5.757163e-03 1.830312e-01 1.575462e-01 2.421581e-01 1.523595e-01 -6.174086e-02 -5.946940e-02 -8.026512e-02 4.091723e-02 -2.031395e-01 -6.472035e-02 -2.007062e-01 -9.496935e-02
<VARIANCE> 39
 4.802400e+01 7.750242e+01 3.025149e+01 8.683372e+01 3.496384e+01 1.065943e+02 1.210907e+02 5.218364e+01 3.123803e+01 2.459278e+01 2.729051e+01 1.931884e+01 1.605904e+02 2.444945e-01 1.173520e+00 1.240922e+00 2.105222e+00 1.442118e+00 2.487782e+00 2.055833e+00 1.907642e+00 1.709059e+00 2.004099e+00 1.821690e+00 1.947293e+00 1.017307e+00 5.520867e-02 1.654177e-01 1.802438e-01 2.793798e-01 2.678054e-01 4.001207e-01 2.639084e-01 3.284281e-01 3.211799e-01 3.500489e-01 4.156953e-01 3.711896e-01 1.652356e-01
<GCONST> 1.093900e+02
<STATE> 3
<MEAN> 39
 1.513010e+00 2.794682e+00 -5.342126e-02 1.026347e+01 3.884444e+00 -2.616659e+00 -4.215698e+00 6.529424e+00 2.830700e-01 -8.187007e+00 7.592283e-01 1.695066e-01 5.664243e+01 6.670329e-01 -7.443944e-02 -8.956540e-02 9.892775e-02 -3.645097e-02 -5.402098e-01 -6.135191e-01 2.127009e-03 -1.594457e-01 -3.200291e-01 2.967243e-01 1.937560e-01 5.667468e-01 -3.849801e-02 -1.263201e-01 -4.540821e-02 -1.171055e-01 -1.195315e-01 -4.322597e-02 2.235785e-02 -4.958661e-02 1.259278e-02 6.783068e-02 5.606365e-02 1.003942e-01 3.789829e-02
<VARIANCE> 39
 4.868911e+01 5.313855e+01 4.290808e+01 9.497273e+01 6.896461e+01 6.876770e+01 5.428446e+01 4.115763e+01 3.536894e+01 6.588450e+01 5.098996e+01 3.807312e+01 9.767383e+01 3.643343e+00 5.396013e+00 4.814247e+00 4.522059e+00 5.317801e+00 7.815287e+00 5.348686e+00 3.250643e+00 4.138165e+00 5.930703e+00 4.800691e+00 4.493984e+00 3.246222e+00 5.094052e-01 8.380269e-01 8.941590e-01 7.533566e-01 8.381901e-01 1.453849e+00 1.042428e+00 6.529426e-01 8.478585e-01 1.054932e+00 8.799686e-01 7.441136e-01 4.940522e-01
<GCONST> 1.413486e+02
<STATE> 4
<MEAN> 39
 -5.978475e+00 -7.935844e+00 1.574416e+01 -5.619988e+00 1.595503e+01 -2.583308e+01 5.454915e+00 -1.437319e+01 -2.841271e+00 -1.173158e+01 -6.883786e-01 -7.179272e+00 7.750913e+01 -1.493939e-02 1.695756e-01 7.365437e-02 -1.978208e-02 -8.498201e-03 7.284492e-02 3.195808e-02 3.050495e-01 1.979054e-01 -2.602756e-01 -1.990579e-01 -6.702615e-02 -1.978672e-01 3.527081e-02 -4.384855e-02 -3.917951e-02 -7.295104e-02 -1.050881e-01 2.613554e-03 5.957009e-02 6.071515e-02 -2.968526e-02 4.527086e-02 1.485536e-02 4.618663e-02 4.575810e-02
<VARIANCE> 39
 4.092131e+01 4.116507e+01 5.159273e+01 7.015717e+01 2.911352e+01 1.330821e+02 5.865008e+01 6.954589e+01 5.728207e+01 3.879756e+01 4.863265e+01 4.120966e+01 5.166326e+01 2.980597e+00 4.258595e+00 3.159376e+00 4.209961e+00 3.287006e+00 1.003707e+01 4.434744e+00 4.621738e+00 5.832412e+00 3.632152e+00 4.216099e+00 3.571217e+00 4.093047e+00 4.523922e-01 6.113546e-01 4.259730e-01 5.988938e-01 5.867455e-01 1.442091e+00 7.389959e-01 9.045640e-01 9.766001e-01 7.011852e-01 7.436436e-01 6.689256e-01 6.099321e-01
<GCONST> 1.371576e+02
<STATE> 5
<MEAN> 39
 -4.009144e+00 3.821890e+00 -2.827058e-01 6.204892e+00 3.039204e+00 -8.985944e+00 -7.862528e+00 -2.616116e+00 -4.170413e+00 -6.124641e+00 4.461521e-01 -4.772503e-01 7.052513e+01 -3.136330e-01 1.058598e-02 1.668483e-01 1.697835e-01 2.170893e-01 2.295305e-01 7.197363e-02 -1.358975e-01 1.079889e-02 9.121343e-02 -7.244851e-02 -1.807708e-01 -1.954055e-01 -1.589194e-02 2.698180e-02 2.992963e-02 7.083802e-03 1.486860e-02 2.187065e-02 1.298420e-02 7.407585e-04 -1.212451e-03 -1.470982e-02 -3.500761e-02 -3.221151e-02 -1.111568e-02
<VARIANCE> 39
 3.918481e+01 4.226036e+01 3.790855e+01 6.080752e+01 6.210093e+01 3.563564e+01 3.676119e+01 2.054884e+01 2.290198e+01 5.485926e+01 5.825179e+01 5.239406e+01 2.535555e+01 9.120917e-01 1.209200e+00 1.143402e+00 1.783878e+00 1.455273e+00 1.766093e+00 1.844716e+00 1.245739e+00 1.740033e+00 1.253328e+00 1.286921e+00 1.345702e+00 6.887082e-01 1.217431e-01 1.875370e-01 1.679055e-01 2.366073e-01 2.302707e-01 2.943007e-01 2.901883e-01 2.294508e-01 3.128363e-01 2.471047e-01 2.414815e-01 2.395456e-01 8.865178e-02
<GCONST> 1.028575e+02
<TRANSP> 6
 0.000000e+00 4.228046e-01 5.771954e-01 0.000000e+00 0.000000e+00 0.000000e+00
 0.000000e+00 8.789070e-01 4.949464e-02 7.159840e-02 0.000000e+00 0.000000e+00
 0.000000e+00 0.000000e+00 9.281926e-01 1.792708e-02 5.388032e-02 0.000000e+00
 0.000000e+00 0.000000e+00 0.000000e+00 9.504589e-01 0.000000e+00 4.954112e-02
 0.000000e+00 0.000000e+00 0.000000e+00 0.000000e+00 9.752502e-01 2.474980e-02
 0.000000e+00 0.000000e+00 0.000000e+00 0.000000e+00 0.000000e+00 0.000000e+00
<ENDHMM>
