~o
<STREAMINFO> 1 39
<VECSIZE> 39<NULLD><MFCC_D_A_0><DIAGC>
~h "belas"
<BEGINHMM>
<NUMSTATES> 6
<STATE> 2
<MEAN> 39
 5.549077e+00 3.423419e+00 5.777024e-01 7.906628e+00 -3.131988e+00 1.264319e+00 -3.253551e+00 1.067999e+00 3.398216e+00 -1.115098e+01 -4.591328e+00 8.136127e+00 5.880391e+01 -5.684511e-02 -6.936805e-01 5.047776e-01 -2.756880e-01 -6.199536e-01 5.670915e-01 -1.508135e-01 -3.301560e-01 2.356393e-01 -3.973119e-02 7.635694e-01 7.588155e-01 3.756301e-01 -9.633117e-02 4.572981e-02 2.601892e-02 7.074858e-02 1.813292e-01 6.617939e-02 3.875295e-02 6.569302e-02 -4.972464e-02 3.419224e-02 7.851762e-02 -9.696012e-02 -8.490727e-02
<VARIANCE> 39
 2.432954e+01 6.146131e+01 4.410598e+01 3.158144e+01 8.966387e+01 5.330232e+01 2.987688e+01 1.007904e+02 5.549674e+01 3.400587e+01 4.576360e+01 6.777443e+01 9.574809e+01 1.145177e+00 2.453504e+00 3.510135e+00 2.016872e+00 5.923826e+00 4.354982e+00 2.383031e+00 2.899311e+00 3.753880e+00 2.715543e+00 3.242182e+00 2.639736e+00 1.134868e+00 1.712575e-01 3.981674e-01 6.091256e-01 3.694128e-01 9.990144e-01 8.045829e-01 4.653774e-01 5.741251e-01 7.004219e-01 5.263010e-01 5.283017e-01 4.961581e-01 1.697728e-01
<GCONST> 1.257961e+02
<STATE> 3
<MEAN> 39
 -1.627311e-01 -8.272284e+00 8.288686e+00 6.381390e+00 -7.029449e+00 1.246319e+01 -3.600476e+00 -1.413421e+00 4.096673e+00 -8.486930e+00 7.463086e+00 1.072812e+01 5.856019e+01 -1.965245e+00 -2.099296e+00 1.260366e+00 -8.014773e-01 3.135494e-01 5.884258e-01 1.877367e-01 1.584318e-01 -1.327449e+00 1.676845e+00 5.427499e-01 -1.819928e+00 -1.672264e-02 -2.456404e-01 -4.568032e-01 1.945380e-01 -5.780725e-01 -2.130413e-01 -4.639037e-01 -7.484438e-02 -6.530389e-02 -3.525346e-01 2.617591e-01 -4.313053e-01 -1.324944e-01 2.376129e-01
<VARIANCE> 39
 1.890920e+01 6.525914e+01 1.815406e+01 1.585150e+01 2.671634e+01 2.629379e+01 3.126829e+01 2.790333e+01 4.512531e+01 2.993852e+01 1.760418e+01 3.241683e+01 4.546844e+01 1.506354e+00 4.751718e+00 3.561461e+00 4.179120e+00 4.522483e+00 3.554799e+00 4.646440e+00 3.185817e+00 4.348279e+00 4.444686e+00 2.693206e+00 2.142950e+00 1.314199e+00 1.987004e-01 8.982850e-01 5.670925e-01 5.313648e-01 7.727588e-01 7.210728e-01 6.339353e-01 6.203669e-01 6.817885e-01 6.974479e-01 4.380198e-01 5.870375e-01 2.254469e-01
<GCONST> 1.222520e+02
<STATE> 4
<MEAN> 39
 -1.727578e+01 -2.059737e+01 1.739284e+01 -7.768565e+00 -6.110157e+00 5.439511e+00 -1.860028e+00 -3.776427e+00 -7.537716e+00 2.825897e+00 2.348544e+00 2.315083e+00 6.441368e+01 -9.290563e-01 -2.658550e-01 -7.056241e-01 -6.225609e-01 -1.788746e-01 -6.213104e-01 1.285450e-01 -3.839221e-01 -3.402608e-01 -2.554866e-02 -3.948511e-01 -1.198996e-01 -4.913822e-01 4.991668e-01 7.351663e-01 -7.644015e-01 6.494505e-01 -6.144989e-02 1.338278e-01 1.177722e-01 -1.188632e-01 4.119915e-01 -4.660783e-01 1.647417e-01 2.078929e-01 -3.780519e-01
<VARIANCE> 39
 6.599918e+01 1.704502e+01 2.336623e+01 3.358272e+01 4.829142e+01 4.352251e+01 1.116133e+02 7.548283e+01 4.605286e+01 4.205288e+01 3.349421e+01 1.525811e+01 8.174231e+01 3.113288e+00 3.649435e+00 4.513996e+00 4.453403e+00 2.822382e+00 3.895899e+00 1.943539e+00 2.602280e+00 4.091412e+00 4.246445e+00 3.278056e+00 1.586313e+00 1.059016e+00 1.838136e-01 4.068273e-01 3.685433e-01 4.398120e-01 4.833274e-01 6.519424e-01 5.408078e-01 5.307581e-01 6.004466e-01 6.300479e-01 5.788823e-01 3.869941e-01 1.104776e-01
<GCONST> 1.227900e+02
<STATE> 5
<MEAN> 39
 -1.188784e+01 -4.944253e+00 -5.909518e-01 6.526576e-01 -6.222314e+00 1.638814e+00 -8.034287e-01 -2.698711e+00 -3.502898e+00 -5.058622e+00 2.499848e+00 3.621369e+00 4.933440e+01 5.943146e-01 1.930908e+00 -1.117523e+00 7.472551e-01 4.146372e-01 -7.359368e-01 7.344031e-02 1.904736e-01 3.733208e-01 -3.917159e-01 -4.419305e-01 3.989145e-02 -9.329554e-01 1.761893e-02 -1.263904e-01 2.992799e-01 -1.533126e-01 9.364118e-02 5.472560e-02 -1.192107e-01 8.303375e-02 -5.149833e-02 3.489049e-02 -3.049249e-02 2.376138e-02 2.154737e-01
<VARIANCE> 39
 5.972511e+01 8.338289e+01 4.299345e+01 5.086582e+01 5.588453e+01 6.129217e+01 5.938942e+01 6.053355e+01 4.862766e+01 6.106164e+01 2.932857e+01 2.546378e+01 9.823200e+01 1.867317e+00 6.677332e+00 6.545720e+00 5.361946e+00 5.868458e+00 7.038515e+00 4.491073e+00 5.429769e+00 6.276269e+00 4.555692e+00 3.434877e+00 3.348714e+00 4.243919e+00 2.375350e-01 1.099733e+00 8.709211e-01 9.523358e-01 1.234500e+00 1.284707e+00 8.405120e-01 1.125230e+00 1.251539e+00 9.917391e-01 6.597067e-01 6.944706e-01 5.069512e-01
<GCONST> 1.412758e+02
<TRANSP> 6
 0.000000e+00 1.000000e+00 0.000000e+00 0.000000e+00 0.000000e+00 0.000000e+00
 0.000000e+00 9.216617e-01 7.833827e-02 0.000000e+00 0.000000e+00 0.000000e+00
 0.000000e+00 0.000000e+00 8.427774e-01 1.572226e-01 0.000000e+00 0.000000e+00
 0.000000e+00 0.000000e+00 0.000000e+00 8.634441e-01 1.365559e-01 0.000000e+00
 0.000000e+00 0.000000e+00 0.000000e+00 0.000000e+00 8.963221e-01 1.036779e-01
 0.000000e+00 0.000000e+00 0.000000e+00 0.000000e+00 0.000000e+00 0.000000e+00
<ENDHMM>
