~o
<STREAMINFO> 1 39
<VECSIZE> 39<NULLD><MFCC_D_A_0><DIAGC>
~h "delapan"
<BEGINHMM>
<NUMSTATES> 6
<STATE> 2
<MEAN> 39
 3.089013e+00 4.611681e+00 -1.703380e+00 8.109587e+00 -2.635470e-01 -9.337674e-01 -1.902933e+00 4.737682e+00 3.649217e+00 -8.057054e+00 -5.089656e+00 4.918849e+00 5.056236e+01 6.825780e-02 5.254569e-02 2.041750e-03 8.121846e-03 6.768490e-03 -7.238719e-02 1.811457e-02 9.896377e-02 7.085804e-03 -5.769837e-02 -3.465295e-02 -7.051004e-02 2.022735e-02 -2.798155e-03 -1.743169e-02 -6.356326e-03 -5.933021e-03 -1.319601e-02 2.313993e-03 1.111418e-02 -1.447297e-02 -7.020847e-03 1.405103e-02 1.063273e-02 3.365033e-03 3.352451e-03
<VARIANCE> 39
 4.987056e+01 6.811014e+01 4.825959e+01 5.175258e+01 1.129205e+02 5.141946e+01 3.382430e+01 4.918996e+01 5.456195e+01 3.561950e+01 4.716609e+01 4.821740e+01 5.139322e+01 3.355107e+00 5.950685e+00 4.996926e+00 4.162237e+00 9.816648e+00 5.143799e+00 3.380132e+00 4.464332e+00 4.746203e+00 3.713509e+00 4.439249e+00 3.923985e+00 3.223473e+00 4.676310e-01 1.050443e+00 9.246879e-01 7.326423e-01 1.695282e+00 1.011834e+00 6.512709e-01 8.653418e-01 8.898797e-01 7.435495e-01 8.738248e-01 7.215843e-01 4.100779e-01
<GCONST> 1.396180e+02
<STATE> 3
<MEAN> 39
 -1.491175e+00 5.587508e+00 4.486713e-01 4.452374e+00 -2.720088e-01 -6.507174e-01 -4.295856e-01 -7.108264e+00 -1.722356e+00 -3.603180e+00 -7.536231e-01 2.112857e+00 6.790631e+01 2.213670e-01 5.394097e-03 -1.162018e-01 -8.597746e-02 -1.236084e-01 -1.831910e-01 -1.201401e-01 6.135571e-02 -5.395861e-02 -3.019478e-02 4.325612e-02 8.673564e-02 1.648303e-01 -4.273131e-02 -4.007544e-02 -3.957220e-02 -7.236099e-02 -5.692783e-02 -3.314628e-02 3.013126e-02 5.235834e-02 7.345540e-02 1.645442e-02 2.345422e-02 2.806027e-02 -7.341801e-03
<VARIANCE> 39
 4.198601e+01 4.557791e+01 3.191344e+01 5.994968e+01 7.975562e+01 5.902333e+01 4.256948e+01 4.025668e+01 4.191130e+01 3.793971e+01 3.017308e+01 3.699301e+01 6.328213e+01 3.317375e+00 2.920062e+00 1.933120e+00 2.753709e+00 3.719898e+00 2.556788e+00 2.427651e+00 2.755625e+00 2.992943e+00 2.456012e+00 2.226449e+00 2.787177e+00 3.840963e+00 4.276228e-01 4.522524e-01 3.353521e-01 4.451688e-01 5.485407e-01 4.571670e-01 4.507284e-01 4.684041e-01 5.631567e-01 4.221446e-01 3.921196e-01 4.583315e-01 4.805142e-01
<GCONST> 1.241232e+02
<STATE> 4
<MEAN> 39
 1.103535e+00 -7.399903e+00 2.937560e+00 -1.246413e+01 2.618035e+00 -1.535271e+01 1.852647e+01 -1.317319e+01 8.530107e-01 -9.163404e+00 -1.758223e+00 -2.079506e+00 7.602106e+01 -8.860523e-02 -7.174642e-02 2.653695e-03 -1.288858e-01 6.204420e-03 6.640126e-02 1.046439e-01 2.320144e-04 1.007211e-01 1.308934e-02 6.974387e-02 -6.614612e-03 4.130101e-02 -4.307135e-03 -2.450436e-03 1.004423e-02 1.435418e-02 2.624107e-02 3.879262e-03 -1.553570e-02 7.697537e-03 -6.237992e-03 6.442818e-04 -1.524284e-02 -1.233749e-02 4.344339e-03
<VARIANCE> 39
 2.384266e+01 6.601434e+01 3.259168e+01 5.308195e+01 9.335242e+01 9.432876e+01 8.688799e+01 1.050129e+02 5.406288e+01 3.474016e+01 5.819629e+01 3.864984e+01 9.973217e+01 1.329779e+00 3.752979e+00 2.294312e+00 3.203085e+00 5.534252e+00 4.273197e+00 4.353019e+00 4.933488e+00 3.559739e+00 2.507529e+00 3.995519e+00 2.737721e+00 5.159652e+00 2.475759e-01 4.611155e-01 3.366169e-01 5.393809e-01 8.292217e-01 7.038331e-01 6.907786e-01 7.819312e-01 6.467514e-01 5.030524e-01 7.348212e-01 5.041494e-01 6.933322e-01
<GCONST> 1.330969e+02
<STATE> 5
<MEAN> 39
 -8.061799e-01 2.344939e+00 -7.938815e+00 -3.123525e+00 -3.975969e+00 -7.775514e+00 -2.826995e+00 1.597981e+00 1.040579e+00 -4.535147e+00 -5.996540e-01 3.673292e+00 7.187410e+01 -1.363043e-01 -1.538755e-02 -3.014051e-03 8.009708e-03 2.792790e-02 8.846571e-02 5.330803e-02 2.880032e-02 1.134373e-01 7.982906e-02 -4.343025e-02 -4.756384e-02 -1.213027e-01 6.882608e-05 5.345317e-03 6.649693e-03 2.258409e-02 1.882659e-02 -1.111069e-03 -1.824238e-02 -2.800552e-02 -4.568782e-02 -1.920874e-02 2.918810e-03 -1.628460e-02 -6.089251e-03
<VARIANCE> 39
 3.332686e+01 4.195737e+01 4.099435e+01 3.879757e+01 6.925175e+01 3.313195e+01 1.658294e+01 4.197564e+01 3.256210e+01 3.810094e+01 3.432455e+01 4.036039e+01 4.700042e+01 1.285158e+00 1.071219e+00 1.080708e+00 1.465297e+00 1.828655e+00 1.430656e+00 1.365408e+00 1.581090e+00 2.257972e+00 1.471271e+00 1.531408e+00 1.084351e+00 1.304609e+00 1.796530e-01 1.516094e-01 1.646065e-01 2.140411e-01 2.413915e-01 2.616060e-01 2.236824e-01 2.573600e-01 3.337622e-01 2.783535e-01 2.861294e-01 1.938576e-01 1.534502e-01
<GCONST> 1.035587e+02
<TRANSP> 6
 0.000000e+00 2.287273e-01 7.712727e-01 0.000000e+00 0.000000e+00 0.000000e+00
 0.000000e+00 9.793401e-01 1.498492e-03 1.916145e-02 0.000000e+00 0.000000e+00
 0.000000e+00 0.000000e+00 9.362553e-01 2.517891e-02 3.856583e-02 0.000000e+00
 0.000000e+00 0.000000e+00 0.000000e+00 9.474989e-01 3.106218e-07 5.250084e-02
 0.000000e+00 0.000000e+00 0.000000e+00 0.000000e+00 9.741310e-01 2.586903e-02
 0.000000e+00 0.000000e+00 0.000000e+00 0.000000e+00 0.000000e+00 0.000000e+00
<ENDHMM>
