~o
<STREAMINFO> 1 39
<VECSIZE> 39<NULLD><PLP_D_A_0><DIAGC>
~h "dua"
<BEGINHMM>
<NUMSTATES> 8
<STATE> 2
<MEAN> 39
 -5.599835e-01 -2.701123e-01 -4.157750e-01 -2.033055e-01 3.617632e-02 -7.216786e-01 -8.026282e-01 -5.461223e-01 -2.878757e-01 -8.306831e-01 -3.487238e-01 -1.533903e-01 4.733665e+00 1.681325e-01 4.616103e-02 5.020085e-02 -8.621932e-02 -9.497587e-02 -2.447388e-02 -8.936432e-02 1.545123e-02 2.275314e-02 -1.233115e-01 -8.272858e-02 -3.445484e-02 1.484209e-01 -1.131855e-02 -2.599542e-02 1.069355e-02 -3.651080e-02 -8.671850e-02 -2.681911e-02 1.438529e-02 2.490025e-02 2.661460e-02 1.021391e-02 1.068413e-02 1.694527e-02 3.286776e-03
<VARIANCE> 39
 3.845024e-01 5.427375e-01 4.128646e-01 4.918960e-01 5.251678e-01 5.059886e-01 4.539584e-01 4.323654e-01 4.591588e-01 3.275150e-01 2.999113e-01 2.576441e-01 8.886347e-01 3.569455e-02 6.174989e-02 3.771295e-02 5.125047e-02 7.616094e-02 5.222030e-02 4.457140e-02 3.137526e-02 5.107463e-02 3.708929e-02 3.520771e-02 3.849667e-02 3.351832e-02 6.325284e-03 1.061215e-02 8.856962e-03 8.278248e-03 8.700546e-03 9.469155e-03 7.817037e-03 6.721247e-03 8.680868e-03 8.714861e-03 6.471421e-03 6.389396e-03 6.600627e-03
<GCONST> -4.273555e+01
<STATE> 3
<MEAN> 39
 -1.462377e-01 4.787645e-02 -1.039044e-01 -8.621273e-01 -1.198680e+00 -1.584628e+00 -7.014567e-01 -3.139995e-01 -2.505008e-01 -8.197907e-01 -5.045679e-01 -2.661197e-01 5.639929e+00 5.852967e-02 -8.849976e-02 -5.428444e-02 -7.868759e-02 -1.933128e-01 -1.320539e-01 2.424973e-02 7.014869e-02 3.496991e-02 2.739886e-02 5.752112e-02 7.142065e-02 7.751531e-02 -2.181095e-02 -2.413442e-02 -3.316940e-02 2.792962e-02 5.716575e-02 3.557244e-02 2.164783e-02 -1.449901e-02 -1.085709e-02 1.372460e-02 2.771014e-02 1.697115e-02 -1.766214e-02
<VARIANCE> 39
 7.753043e-02 7.026988e-01 4.514919e-01 5.628797e-01 4.086110e-01 4.881189e-01 6.478309e-01 3.243233e-01 3.572267e-01 2.629944e-01 1.705300e-01 2.038777e-01 2.386411e-01 3.886059e-03 3.144123e-02 2.927343e-02 1.856101e-02 2.734609e-02 3.692706e-02 2.622296e-02 1.719156e-02 2.338778e-02 2.904663e-02 1.743226e-02 2.096443e-02 1.195224e-02 1.527726e-03 5.446321e-03 3.363001e-03 4.725549e-03 5.504109e-03 4.585052e-03 4.826670e-03 3.212484e-03 4.998817e-03 6.994163e-03 3.387473e-03 4.562397e-03 3.634499e-03
<GCONST> -6.506171e+01
<STATE> 4
<MEAN> 39
 3.035429e-01 -6.055099e-01 2.280344e-01 -6.403179e-01 -1.756345e+00 -1.795571e-01 -1.303793e+00 1.075192e-01 9.851955e-01 -1.735536e+00 -1.076745e+00 5.361663e-01 4.198344e+00 -2.184737e-02 1.775242e-02 -2.040104e-02 2.510539e-02 -6.465163e-02 -9.720952e-02 1.467701e-01 1.014883e-01 -3.599245e-02 4.337001e-02 2.086941e-02 5.706825e-03 -3.542249e-02 -3.446376e-02 3.938697e-02 -6.249091e-02 4.467895e-02 1.080987e-01 -3.986263e-02 2.732369e-02 7.149870e-03 -6.369892e-02 5.352756e-02 2.186806e-02 -3.854042e-02 -5.425754e-02
<VARIANCE> 39
 3.371823e-02 2.541426e-01 2.231903e-01 1.766713e-01 2.705809e-01 1.779571e-01 3.347869e-01 2.538722e-01 2.421404e-01 2.023745e-01 1.898968e-01 2.489632e-01 7.967634e-02 8.184537e-03 3.937487e-02 5.726166e-02 3.974111e-02 1.042570e-01 3.969168e-02 3.346939e-02 4.505544e-02 4.421713e-02 3.302820e-02 2.783573e-02 3.679295e-02 2.462886e-02 2.093273e-03 8.142992e-03 4.851928e-03 5.963731e-03 9.929936e-03 8.244076e-03 6.137194e-03 1.008444e-02 6.149555e-03 5.329245e-03 5.238176e-03 7.468760e-03 2.973807e-03
<GCONST> -6.046171e+01
<STATE> 5
<MEAN> 39
 2.594787e-02 -1.147854e+00 -6.472736e-01 -1.377007e+00 -1.252434e+00 -1.923499e+00 6.786624e-02 -1.961261e-01 -2.584659e-01 -5.000461e-01 6.742366e-02 3.339097e-01 6.156843e+00 -3.119542e-02 -1.547978e-02 -6.884235e-02 3.457512e-03 2.762242e-02 7.568828e-02 7.322284e-02 -6.397252e-03 1.610391e-02 3.616551e-02 2.101554e-02 4.059727e-02 -4.047940e-02 -2.666143e-02 4.553021e-02 2.604497e-02 1.866745e-02 3.263097e-02 2.989271e-02 -1.712244e-02 -1.837892e-02 -3.212298e-03 -1.033641e-02 -2.051153e-02 -2.582055e-02 -4.782857e-02
<VARIANCE> 39
 5.269187e-02 7.121776e-01 1.218639e+00 7.469749e-01 3.321631e-01 7.621517e-01 1.156356e+00 5.652182e-01 4.581962e-01 3.016865e-01 2.743618e-01 2.026314e-01 3.150496e-01 5.452851e-03 3.057861e-02 1.901605e-02 1.324047e-02 1.698324e-02 2.169310e-02 1.812973e-02 1.313217e-02 1.891596e-02 1.580087e-02 1.768870e-02 1.448410e-02 2.203774e-02 1.045424e-03 4.270825e-03 3.527848e-03 2.937529e-03 5.186829e-03 4.693608e-03 3.666281e-03 2.977490e-03 3.880600e-03 3.697959e-03 3.063762e-03 2.777342e-03 2.835803e-03
<GCONST> -6.749371e+01
<STATE> 6
<MEAN> 39
 -2.247612e-01 -6.076431e-01 -3.666778e-01 -1.174052e+00 -7.005119e-01 -1.344451e+00 1.986183e-01 -4.624069e-01 -3.158419e-01 -7.469730e-01 -2.322199e-01 1.486434e-01 5.114643e+00 -1.054479e-01 7.696446e-02 -5.309808e-03 4.043617e-02 1.615822e-01 3.718148e-02 -3.827303e-02 -5.387496e-02 -7.722282e-02 5.762147e-02 2.401490e-02 -4.929967e-02 -1.368450e-01 4.605469e-03 -4.987192e-02 8.120647e-03 -2.545155e-02 -2.744395e-02 -2.664260e-03 -1.244811e-02 -1.675249e-02 4.544436e-04 3.350632e-03 5.037059e-03 1.643430e-02 4.806622e-02
<VARIANCE> 39
 1.883746e-01 6.575012e-01 6.174279e-01 6.929396e-01 6.115926e-01 7.734868e-01 7.973009e-01 7.622008e-01 4.095331e-01 2.321859e-01 3.530189e-01 2.745652e-01 1.066958e+00 2.776574e-02 4.734658e-02 4.044229e-02 3.929248e-02 6.581899e-02 7.089274e-02 3.408424e-02 4.010068e-02 4.461869e-02 2.832613e-02 3.373908e-02 3.477460e-02 6.551287e-02 4.455665e-03 8.094023e-03 8.209003e-03 6.112263e-03 1.476232e-02 1.433595e-02 6.075738e-03 8.139052e-03 7.384479e-03 4.947839e-03 6.716521e-03 6.128535e-03 9.705070e-03
<GCONST> -4.177322e+01
<STATE> 7
<MEAN> 39
 -5.792319e-01 -2.112684e-01 -7.445906e-01 -7.793505e-01 -8.682553e-01 -1.137829e+00 -5.831270e-01 -4.166185e-01 -3.794897e-01 -7.583320e-01 -3.085065e-01 1.068472e-01 4.958237e+00 -1.923908e-02 -3.750386e-02 2.546729e-04 1.843980e-02 5.201852e-02 2.905758e-02 -2.982388e-02 -4.653139e-02 -2.680785e-02 -1.012515e-02 -2.848973e-04 4.839170e-03 5.192969e-03 2.264670e-02 -1.051017e-02 5.643890e-03 -7.080489e-03 -2.217000e-02 -1.511092e-02 -3.588556e-03 9.642283e-03 2.159107e-02 -1.989922e-03 2.593527e-03 6.528045e-03 2.695759e-02
<VARIANCE> 39
 4.895397e-01 4.731885e-01 4.426557e-01 4.776264e-01 4.040763e-01 5.282394e-01 4.036904e-01 3.263199e-01 2.540357e-01 3.939006e-01 3.112299e-01 1.922264e-01 8.357287e-01 3.361806e-02 2.870757e-02 3.304600e-02 2.237735e-02 4.157589e-02 4.957628e-02 2.612352e-02 2.252216e-02 2.876947e-02 2.987538e-02 2.453372e-02 1.958845e-02 2.902119e-02 5.873470e-03 5.649063e-03 6.659773e-03 4.719689e-03 7.788413e-03 1.144288e-02 6.017570e-03 4.123953e-03 6.307072e-03 6.368990e-03 4.733676e-03 4.746448e-03 5.233499e-03
<GCONST> -5.291244e+01
<TRANSP> 8
 0.000000e+00 6.099101e-01 3.900899e-01 0.000000e+00 0.000000e+00 0.000000e+00 0.000000e+00 0.000000e+00
 0.000000e+00 7.358675e-01 1.754341e-01 8.869848e-02 0.000000e+00 0.000000e+00 0.000000e+00 0.000000e+00
 0.000000e+00 0.000000e+00 7.235014e-01 3.489211e-03 2.730095e-01 0.000000e+00 0.000000e+00 0.000000e+00
 0.000000e+00 0.000000e+00 0.000000e+00 8.350438e-01 0.000000e+00 1.649563e-01 0.000000e+00 0.000000e+00
 0.000000e+00 0.000000e+00 0.000000e+00 0.000000e+00 8.038149e-01 1.961851e-01 0.000000e+00 0.000000e+00
 0.000000e+00 0.000000e+00 0.000000e+00 0.000000e+00 0.000000e+00 6.128693e-01 3.871307e-01 0.000000e+00
 0.000000e+00 0.000000e+00 0.000000e+00 0.000000e+00 0.000000e+00 0.000000e+00 7.382122e-01 2.617879e-01
 0.000000e+00 0.000000e+00 0.000000e+00 0.000000e+00 0.000000e+00 0.000000e+00 0.000000e+00 0.000000e+00
<ENDHMM>
