~o
<STREAMINFO> 1 39
<VECSIZE> 39<NULLD><MFCC_D_A_0><DIAGC>
~h "empat"
<BEGINHMM>
<NUMSTATES> 6
<STATE> 2
<MEAN> 39
 -6.115342e+00 6.424870e+00 -6.550840e-01 1.076274e+01 9.557715e+00 4.199126e+00 2.966087e+00 7.958937e+00 2.840709e+00 -2.570582e+00 -5.854514e+00 -4.528538e+00 6.428918e+01 -2.504916e-01 8.742356e-02 7.500224e-02 -9.450917e-02 -3.928160e-02 1.577214e-01 1.794289e-01 2.251420e-02 1.051686e-01 8.849109e-02 -1.825479e-01 -2.364947e-01 -2.073900e-01 -4.443922e-02 -1.047780e-01 -8.108848e-02 -1.772728e-01 -1.690181e-01 -1.125039e-01 -1.018967e-01 -1.038678e-01 -3.967706e-02 7.889193e-02 1.274876e-01 9.448783e-02 9.430772e-03
<VARIANCE> 39
 1.329498e+01 2.539836e+01 1.871728e+01 1.907751e+01 1.763490e+01 1.087119e+01 1.543383e+01 2.457911e+01 8.814291e+00 1.093764e+01 9.824031e+00 1.203541e+01 9.221929e+00 1.293993e+00 5.434709e-01 5.858529e-01 1.349589e+00 1.528839e+00 1.024137e+00 1.275885e+00 9.863891e-01 7.406125e-01 1.224679e+00 8.560817e-01 9.194952e-01 6.806440e-01 1.815981e-01 1.055523e-01 1.042450e-01 1.684164e-01 1.916497e-01 2.011557e-01 2.250990e-01 1.255127e-01 1.555056e-01 2.055501e-01 1.239388e-01 1.644114e-01 1.342278e-01
<GCONST> 8.134041e+01
<STATE> 3
<MEAN> 39
 -8.909754e-01 3.684180e+00 -5.319007e-01 4.237616e+00 -2.301587e+00 -4.856346e-01 -2.525075e+00 5.424831e+00 5.368567e+00 -5.888677e+00 -4.732062e+00 1.435663e+00 5.167622e+01 4.676827e-01 -2.759944e-01 -3.659124e-01 -4.241614e-01 -3.247874e-01 -1.767252e-01 -1.417654e-01 -1.600734e-01 -5.641690e-02 -8.910168e-02 1.901224e-01 5.855756e-01 4.622482e-01 -2.563579e-02 9.425665e-03 -7.717972e-02 -3.085342e-02 3.936776e-02 -4.357632e-03 1.771210e-02 4.796613e-02 6.466412e-03 4.683828e-03 -4.875045e-03 1.665566e-02 -3.529716e-02
<VARIANCE> 39
 7.415603e+01 8.118613e+01 4.381511e+01 5.201410e+01 9.038749e+01 5.196678e+01 2.934006e+01 5.143623e+01 6.152464e+01 6.959782e+01 5.153675e+01 8.505810e+01 1.214143e+02 5.132497e+00 6.693892e+00 5.016535e+00 5.156179e+00 7.380345e+00 5.321760e+00 3.537951e+00 4.694990e+00 6.664829e+00 4.464262e+00 5.189096e+00 5.962869e+00 6.234559e+00 6.833233e-01 1.080467e+00 8.422633e-01 9.548625e-01 1.197972e+00 9.745430e-01 6.286414e-01 9.500554e-01 1.167650e+00 7.994775e-01 9.174177e-01 9.488707e-01 8.399888e-01
<GCONST> 1.460945e+02
<STATE> 4
<MEAN> 39
 2.781080e-01 -5.910568e+00 -1.689543e+01 -6.916685e+00 -2.963767e+00 -4.192981e+00 -4.428986e+00 4.234693e+00 6.411635e+00 1.348829e-02 1.620827e+00 1.336502e+01 7.286789e+01 -4.991116e-01 3.158927e-01 -3.716992e-02 -7.911699e-02 1.150969e-02 2.916265e-01 1.272492e-01 -1.112469e-01 -3.698117e-01 -9.097621e-02 1.037370e-01 -5.777790e-02 -5.882177e-01 -8.274987e-02 1.125606e-01 1.710381e-01 1.048168e-01 7.581891e-02 5.944882e-02 2.650968e-02 1.362401e-03 -5.737260e-02 2.930914e-02 4.179326e-03 -1.423884e-01 -8.720354e-02
<VARIANCE> 39
 1.950329e+01 1.809118e+01 1.058782e+01 7.660378e+00 9.977441e+00 2.062194e+01 1.445537e+01 2.239377e+01 3.161731e+01 1.561691e+01 1.116151e+01 1.881191e+01 3.332763e+01 2.606110e-01 6.440997e-01 1.204485e+00 6.503212e-01 7.338455e-01 1.083099e+00 1.200150e+00 1.567438e+00 1.389198e+00 9.990947e-01 7.705689e-01 1.786826e+00 4.937204e-01 7.846314e-02 1.316417e-01 2.652560e-01 1.722423e-01 1.828604e-01 2.457571e-01 2.508143e-01 3.523065e-01 2.658613e-01 1.863249e-01 1.483399e-01 2.913921e-01 1.006788e-01
<GCONST> 8.478649e+01
<STATE> 5
<MEAN> 39
 -6.160954e+00 8.139771e+00 -1.730151e+00 9.226015e-01 -2.272152e+00 1.043961e+00 -1.033399e+00 -1.011693e+00 -1.473387e+00 -5.092591e+00 1.131027e-01 5.553162e+00 5.406730e+01 -3.825276e-01 5.571759e-01 6.121403e-01 3.249943e-01 4.751854e-01 1.211089e-01 4.835169e-02 -1.387665e-01 -3.803588e-01 2.377149e-01 -1.285638e-02 -5.812535e-01 -4.224391e-01 1.283396e-01 -1.206683e-01 1.401359e-01 1.524467e-01 -3.328181e-02 -1.250479e-02 -2.773222e-02 3.238040e-02 1.070706e-01 -1.140265e-01 -1.297399e-01 -4.152809e-02 1.556519e-01
<VARIANCE> 39
 2.591599e+01 3.577957e+01 4.809989e+01 3.584093e+01 2.923933e+01 3.572748e+01 2.475621e+01 4.744759e+01 2.965462e+01 3.006672e+01 2.221417e+01 3.728899e+01 1.803228e+02 2.272567e+00 3.027277e+00 2.744685e+00 3.865423e+00 3.155561e+00 2.855030e+00 2.660799e+00 3.899762e+00 3.529251e+00 2.231570e+00 2.478167e+00 3.718737e+00 2.098772e+00 2.995639e-01 4.204472e-01 4.242851e-01 6.137096e-01 5.213991e-01 4.120640e-01 5.693759e-01 7.550954e-01 6.303657e-01 4.689933e-01 5.593973e-01 7.173725e-01 2.727304e-01
<GCONST> 1.233130e+02
<TRANSP> 6
 0.000000e+00 4.687553e-01 5.312447e-01 0.000000e+00 0.000000e+00 0.000000e+00
 0.000000e+00 9.364429e-01 6.355710e-02 0.000000e+00 0.000000e+00 0.000000e+00
 0.000000e+00 0.000000e+00 9.359462e-01 2.402096e-02 4.003283e-02 0.000000e+00
 0.000000e+00 0.000000e+00 0.000000e+00 9.544159e-01 4.558419e-02 0.000000e+00
 0.000000e+00 0.000000e+00 0.000000e+00 0.000000e+00 8.108191e-01 1.891810e-01
 0.000000e+00 0.000000e+00 0.000000e+00 0.000000e+00 0.000000e+00 0.000000e+00
<ENDHMM>
