~o
<STREAMINFO> 1 39
<VECSIZE> 39<NULLD><MFCC_D_A_0><DIAGC>
~h "enam"
<BEGINHMM>
<NUMSTATES> 6
<STATE> 2
<MEAN> 39
 2.489599e+00 6.115743e+00 -1.497116e+00 7.157711e+00 3.073432e+00 -2.105768e-01 -7.618316e-01 4.599829e+00 4.182068e+00 -6.654254e+00 -3.567139e+00 2.155196e+00 5.635434e+01 2.256221e-01 1.782116e-01 8.466207e-02 4.871150e-02 -1.862235e-02 2.754569e-03 3.030290e-02 -2.701309e-02 1.635913e-02 -6.585825e-02 -2.281718e-01 -1.727126e-01 1.402226e-01 -1.865916e-02 -3.583256e-02 -1.482613e-02 1.923347e-03 -8.047079e-03 -5.542893e-02 -3.925366e-02 -2.376737e-02 -4.233020e-02 -1.471275e-02 2.726985e-03 -1.745020e-02 -1.899565e-02
<VARIANCE> 39
 4.404512e+01 5.019236e+01 2.832072e+01 6.436246e+01 8.890105e+01 5.244667e+01 4.595475e+01 8.832967e+01 5.301704e+01 3.641005e+01 5.365382e+01 7.240998e+01 1.162769e+02 1.862847e+00 3.197012e+00 2.552759e+00 4.662884e+00 6.346266e+00 3.269844e+00 3.701353e+00 2.857071e+00 2.981848e+00 2.803324e+00 4.224943e+00 5.430644e+00 1.836940e+00 2.306706e-01 4.506910e-01 4.270112e-01 6.536605e-01 7.829633e-01 5.947901e-01 6.012003e-01 4.864549e-01 5.525628e-01 5.038690e-01 6.308193e-01 7.564657e-01 2.354157e-01
<GCONST> 1.307472e+02
<STATE> 3
<MEAN> 39
 -1.811947e+00 9.576154e+00 1.211489e+00 1.052276e+01 7.868773e+00 -1.589548e+00 -7.275813e+00 -4.595936e+00 -4.502082e-01 -4.051108e+00 -4.172752e+00 -1.113103e+00 6.681231e+01 2.632328e-01 1.953765e-03 -9.464635e-02 -1.168925e-01 -2.940840e-02 -2.422985e-02 -2.088706e-01 -1.871126e-01 -1.344905e-01 -1.214102e-01 1.235669e-01 1.907456e-01 2.527514e-01 -2.534226e-02 -1.745426e-01 -1.312710e-01 -2.635333e-01 -2.537407e-01 1.015478e-02 2.234465e-01 7.579062e-02 5.955334e-03 3.545638e-02 1.694316e-01 1.288566e-01 7.782073e-02
<VARIANCE> 39
 7.537184e+00 2.948783e+01 1.483002e+01 1.931520e+01 4.423150e+01 5.511010e+01 2.124659e+01 2.891126e+01 1.797338e+01 1.848542e+01 1.676951e+01 1.883921e+01 1.170073e+01 3.933822e-01 7.529631e-01 9.486963e-01 1.269365e+00 1.244030e+00 9.497464e-01 1.642549e+00 7.187322e-01 8.587809e-01 8.384473e-01 1.029959e+00 1.078884e+00 4.064901e-01 7.163138e-02 1.199637e-01 1.610696e-01 1.809870e-01 1.921426e-01 2.028815e-01 2.473683e-01 1.467763e-01 1.538207e-01 1.632577e-01 1.822190e-01 2.286308e-01 6.849499e-02
<GCONST> 8.476154e+01
<STATE> 4
<MEAN> 39
 1.406131e+00 -5.039288e+00 2.993951e+00 -8.378304e+00 4.980475e+00 -1.663663e+01 1.646949e+01 -1.622235e+01 -2.955992e+00 -9.883225e+00 -4.100091e+00 -1.538265e+00 7.646657e+01 8.407758e-02 -3.272008e-01 -3.254792e-01 -4.942579e-01 -4.413858e-01 5.513110e-02 1.801194e-01 3.467424e-01 1.643995e-01 2.997690e-03 2.541311e-01 2.941757e-01 2.348266e-01 -3.450227e-02 3.066638e-02 4.496731e-02 3.914958e-02 2.587508e-02 2.321480e-02 -5.673644e-02 3.410896e-02 5.783747e-02 5.054303e-03 -5.808492e-02 -3.759373e-02 -3.338793e-02
<VARIANCE> 39
 2.075357e+01 6.782580e+01 5.094516e+01 7.232282e+01 8.802851e+01 1.348485e+02 1.739347e+02 1.124913e+02 4.771016e+01 5.655528e+01 7.185096e+01 6.603256e+01 6.014597e+01 9.593328e-01 3.270448e+00 2.555041e+00 3.500715e+00 3.950297e+00 2.879309e+00 3.999526e+00 2.650732e+00 2.199926e+00 2.046737e+00 4.353971e+00 3.242144e+00 2.159885e+00 1.562179e-01 4.246399e-01 3.773102e-01 5.026402e-01 5.223452e-01 4.815207e-01 5.856642e-01 4.157464e-01 3.378293e-01 3.497082e-01 6.760129e-01 4.269291e-01 2.822776e-01
<GCONST> 1.281009e+02
<STATE> 5
<MEAN> 39
 -1.097152e+00 4.975151e+00 -4.521122e+00 -1.806515e-01 -3.967619e-01 -2.555605e+00 8.641449e-01 2.970598e+00 1.546404e+00 -6.322751e+00 -3.000557e+00 7.476884e-01 7.030791e+01 -3.002289e-01 5.856535e-02 1.501725e-01 1.875729e-01 9.210844e-02 -3.183576e-02 -5.187709e-02 -3.197174e-02 -5.448673e-02 3.621920e-02 -1.232173e-01 -1.766881e-01 -3.402217e-01 -3.366961e-03 2.789522e-03 1.700293e-02 2.815284e-02 1.055540e-02 -2.680606e-02 -3.715452e-02 -6.009080e-02 -4.361354e-02 1.313414e-03 3.494254e-02 3.751443e-03 -2.946124e-03
<VARIANCE> 39
 3.512339e+01 5.327182e+01 4.521484e+01 6.048779e+01 6.632561e+01 5.207220e+01 3.032328e+01 5.654245e+01 3.005820e+01 3.535116e+01 2.757717e+01 5.188831e+01 6.324477e+01 4.046201e-01 7.879200e-01 7.802847e-01 1.422117e+00 1.729244e+00 1.252878e+00 1.209038e+00 1.389225e+00 1.364634e+00 1.382939e+00 1.259731e+00 1.552770e+00 4.594643e-01 4.618804e-02 8.941770e-02 1.059120e-01 2.168280e-01 2.576497e-01 2.097691e-01 1.924869e-01 2.088885e-01 2.344154e-01 2.488947e-01 2.114573e-01 2.319559e-01 5.336758e-02
<GCONST> 9.770023e+01
<TRANSP> 6
 0.000000e+00 7.963847e-01 2.036153e-01 0.000000e+00 0.000000e+00 0.000000e+00
 0.000000e+00 9.214206e-01 2.691653e-02 5.166289e-02 0.000000e+00 0.000000e+00
 0.000000e+00 0.000000e+00 9.134560e-01 7.529362e-02 1.125040e-02 0.000000e+00
 0.000000e+00 0.000000e+00 0.000000e+00 9.128061e-01 4.314915e-02 4.404476e-02
 0.000000e+00 0.000000e+00 0.000000e+00 0.000000e+00 9.627224e-01 3.727761e-02
 0.000000e+00 0.000000e+00 0.000000e+00 0.000000e+00 0.000000e+00 0.000000e+00
<ENDHMM>
