~o
<STREAMINFO> 1 39
<VECSIZE> 39<NULLD><PLP_D_A_0><DIAGC>
~h "kurang"
<BEGINHMM>
<NUMSTATES> 8
<STATE> 2
<MEAN> 39
 -3.638347e-01 -7.251835e-01 4.509401e-01 -1.359330e+00 -1.618859e+00 -2.024933e+00 -2.781290e-01 -1.790739e-01 -3.077018e-01 -4.139385e-01 -1.537286e-01 1.649203e-01 5.466642e+00 1.421324e-01 -3.052803e-02 -5.536144e-02 5.640122e-02 1.640980e-02 -6.111682e-02 -6.373276e-02 -8.462482e-03 -7.584194e-02 -7.637731e-02 -7.331073e-02 3.479126e-03 1.051121e-01 -2.305404e-02 -2.967536e-02 -7.737849e-02 -1.793323e-02 7.709923e-02 6.167775e-02 6.476695e-03 -3.204312e-02 1.314932e-02 1.360868e-02 2.356201e-02 1.998467e-02 -4.400468e-03
<VARIANCE> 39
 2.462629e-01 2.691642e-01 1.481413e+00 7.324237e-01 5.570785e-01 1.750081e+00 8.872257e-01 2.634906e-01 2.629905e-01 5.126705e-01 2.230252e-01 1.789569e-01 4.893671e-01 2.395816e-02 2.289011e-02 6.314180e-02 3.397648e-02 3.953575e-02 7.491685e-02 2.985499e-02 3.305739e-02 2.492460e-02 3.235767e-02 1.880222e-02 1.779994e-02 1.131832e-02 4.495639e-03 4.138157e-03 5.644700e-03 6.757312e-03 5.318957e-03 9.354466e-03 2.896819e-03 5.555153e-03 6.186824e-03 7.023369e-03 4.786996e-03 3.993209e-03 2.751942e-03
<GCONST> -5.319170e+01
<STATE> 3
<MEAN> 39
 -4.869326e-02 -9.884931e-01 -6.133240e-01 -1.435619e+00 -8.814420e-01 -1.373506e+00 -4.607874e-01 -7.599993e-01 -3.330188e-01 -7.606112e-01 -1.472765e-01 4.217413e-01 5.625084e+00 3.568232e-02 -9.929404e-02 -2.606912e-01 -6.951325e-02 2.806057e-01 1.960987e-01 -2.049462e-02 -1.352630e-01 7.463615e-02 1.160192e-01 1.214562e-01 1.452820e-01 3.393682e-02 -1.227928e-02 -4.978155e-03 4.336554e-02 5.265906e-03 -5.731119e-02 -2.843812e-02 6.849303e-02 5.689487e-02 3.381535e-02 4.952817e-02 1.355933e-02 -6.842962e-03 -7.807717e-03
<VARIANCE> 39
 6.465333e-02 2.350554e-01 4.955236e-01 1.020684e+00 4.663202e-01 9.095782e-01 1.969284e+00 3.046834e-01 3.866346e-01 3.288031e-01 3.058299e-01 2.031936e-01 7.199626e-01 4.006954e-03 1.301675e-02 1.540494e-02 1.909604e-02 2.671018e-02 2.550213e-02 2.222740e-02 2.361421e-02 3.321205e-02 1.595161e-02 3.298993e-02 1.632507e-02 2.603858e-03 1.348854e-03 3.654541e-03 3.358048e-03 2.633972e-03 8.822784e-03 7.976556e-03 8.227177e-03 6.488865e-03 3.933901e-03 3.694987e-03 7.995932e-03 6.083785e-03 1.168632e-03
<GCONST> -6.466342e+01
<STATE> 4
<MEAN> 39
 5.669907e-02 -1.438924e+00 -1.288523e+00 -1.373547e+00 -5.215991e-01 -1.226508e+00 -3.090023e-01 -4.454478e-01 8.667543e-04 -7.209564e-02 2.473742e-01 6.706455e-01 5.937724e+00 1.361893e-02 -1.099039e-01 9.226953e-03 1.127426e-02 -1.029869e-01 4.690094e-02 2.850722e-01 1.389675e-01 9.044277e-02 4.548386e-02 -1.545958e-02 -4.246571e-03 6.826786e-02 -2.245275e-02 6.384354e-02 7.236060e-02 3.302538e-02 -3.788165e-02 -1.196102e-02 2.176744e-02 1.993997e-02 -4.335993e-02 -6.198342e-02 -5.309251e-02 -5.510417e-02 -3.155797e-02
<VARIANCE> 39
 6.168738e-02 3.599876e-01 4.160312e-01 8.332175e-01 2.638767e-01 6.430873e-01 1.554541e+00 4.012575e-01 3.600623e-01 4.442967e-01 2.994405e-01 2.210366e-01 6.004858e-01 4.075240e-03 2.121268e-02 1.280735e-02 9.602910e-03 1.483330e-02 2.428791e-02 1.691240e-02 1.447875e-02 2.035514e-02 2.641903e-02 2.422369e-02 2.317959e-02 5.119998e-03 6.146432e-04 3.241250e-03 2.179194e-03 1.699518e-03 6.563823e-03 4.347333e-03 9.255541e-03 6.517854e-03 6.760100e-03 3.157702e-03 5.109647e-03 4.055828e-03 1.026609e-03
<GCONST> -6.961674e+01
<STATE> 5
<MEAN> 39
 4.135629e-02 -1.243485e+00 -5.792375e-01 -1.355786e+00 -9.217100e-01 -1.063012e+00 6.958043e-01 -5.574341e-01 5.397980e-02 -4.353770e-01 -2.673738e-01 5.705273e-01 5.681082e+00 -3.927516e-02 2.358931e-01 8.118954e-02 1.280248e-01 9.775722e-02 -9.333396e-02 3.322491e-02 6.018554e-02 -8.438519e-02 -2.948801e-02 -1.276874e-01 -1.885732e-01 -1.264253e-01 -1.214672e-02 3.663429e-02 7.389668e-04 2.338851e-02 6.811413e-02 -3.378796e-02 -7.412437e-02 -1.733970e-03 -1.924898e-02 -1.119947e-02 -1.853518e-02 -4.012936e-02 -3.001891e-02
<VARIANCE> 39
 3.748465e-02 4.267248e-01 4.789590e-01 9.025596e-01 3.034794e-01 1.262580e+00 1.872346e+00 6.984253e-01 7.736264e-01 2.626363e-01 3.076523e-01 3.051123e-01 1.184574e+00 2.191738e-03 1.405453e-02 1.769449e-02 1.078861e-02 2.985856e-02 3.576222e-02 4.206023e-02 2.577236e-02 2.387295e-02 3.098543e-02 1.798916e-02 3.435729e-02 3.766957e-03 7.068985e-04 5.808183e-03 3.012378e-03 2.547517e-03 3.952810e-03 5.187417e-03 4.528506e-03 4.171111e-03 6.192282e-03 3.628019e-03 3.877203e-03 6.802232e-03 1.193116e-03
<GCONST> -6.440900e+01
<STATE> 6
<MEAN> 39
 -3.236786e-01 -2.781247e-01 -6.495535e-01 -2.203099e-01 -2.043436e-01 -1.004313e+00 -4.418960e-01 3.098838e-02 -2.327756e-01 -7.310025e-01 -5.882162e-01 -1.961782e-01 5.013356e+00 -6.269415e-02 9.909154e-02 9.368910e-02 9.045603e-02 9.614402e-02 -1.882627e-02 -6.668928e-02 -3.274062e-02 -3.892611e-02 -2.893891e-02 -7.340600e-02 -7.258429e-02 -7.771254e-02 -6.349023e-03 -4.701761e-02 -9.631543e-04 -3.686029e-02 -3.391537e-02 2.810942e-02 -6.972898e-03 -3.099156e-02 1.028422e-02 1.216883e-02 4.049124e-02 4.656341e-02 1.934425e-02
<VARIANCE> 39
 8.356591e-02 2.148663e-01 3.144113e-01 4.258581e-01 2.657685e-01 5.552924e-01 4.382628e-01 3.887067e-01 2.791294e-01 1.387440e-01 1.898027e-01 1.585179e-01 6.087247e-01 4.647794e-03 9.501303e-03 1.705951e-02 1.446253e-02 2.349482e-02 2.379953e-02 1.481862e-02 1.973883e-02 1.920454e-02 1.554973e-02 1.814157e-02 2.007832e-02 4.858642e-03 1.368741e-03 3.114274e-03 3.187648e-03 2.998824e-03 3.655933e-03 6.412544e-03 4.029438e-03 4.089880e-03 3.653387e-03 3.463057e-03 3.812110e-03 4.130302e-03 7.698688e-04
<GCONST> -7.571375e+01
<STATE> 7
<MEAN> 39
 -5.784874e-01 -6.846986e-01 -4.441972e-02 -8.073363e-01 -4.164070e-01 -1.079907e+00 -1.471185e-01 -6.560755e-01 -2.753766e-01 -6.246121e-01 -4.151847e-01 3.089970e-02 4.963163e+00 -4.543568e-02 -1.368872e-01 3.955837e-02 -4.255875e-02 -7.970109e-02 3.945592e-02 -6.090176e-02 -6.954044e-02 -1.021740e-02 6.892828e-04 1.187710e-01 7.661610e-02 5.377512e-02 2.498444e-02 -9.827494e-04 -1.393724e-02 4.915186e-03 -1.658534e-02 -2.462802e-02 7.359880e-03 6.198295e-03 8.032156e-03 4.768804e-03 5.618453e-04 3.254137e-03 1.607633e-02
<VARIANCE> 39
 5.272615e-01 6.228065e-01 5.496299e-01 1.128611e+00 6.365790e-01 1.353599e+00 1.230185e+00 4.751254e-01 3.957195e-01 2.695083e-01 3.935660e-01 2.455258e-01 1.196217e+00 5.788672e-02 6.950782e-02 5.440051e-02 3.775861e-02 7.166748e-02 6.385989e-02 4.591525e-02 3.695548e-02 3.520102e-02 3.823100e-02 4.542563e-02 3.460124e-02 2.519628e-02 1.036828e-02 2.022271e-02 9.177419e-03 6.845008e-03 1.600941e-02 1.327035e-02 7.944899e-03 8.044534e-03 6.495154e-03 7.425033e-03 1.168198e-02 9.086082e-03 6.874907e-03
<GCONST> -3.554256e+01
<TRANSP> 8
 0.000000e+00 8.742012e-01 1.257988e-01 0.000000e+00 0.000000e+00 0.000000e+00 0.000000e+00 0.000000e+00
 0.000000e+00 7.790447e-01 2.209554e-01 0.000000e+00 0.000000e+00 0.000000e+00 0.000000e+00 0.000000e+00
 0.000000e+00 0.000000e+00 6.458503e-01 3.541497e-01 0.000000e+00 0.000000e+00 0.000000e+00 0.000000e+00
 0.000000e+00 0.000000e+00 0.000000e+00 6.309121e-01 3.690879e-01 0.000000e+00 0.000000e+00 0.000000e+00
 0.000000e+00 0.000000e+00 0.000000e+00 0.000000e+00 6.862390e-01 3.137611e-01 0.000000e+00 0.000000e+00
 0.000000e+00 0.000000e+00 0.000000e+00 0.000000e+00 0.000000e+00 7.556883e-01 2.443117e-01 0.000000e+00
 0.000000e+00 0.000000e+00 0.000000e+00 0.000000e+00 0.000000e+00 0.000000e+00 7.863349e-01 2.136651e-01
 0.000000e+00 0.000000e+00 0.000000e+00 0.000000e+00 0.000000e+00 0.000000e+00 0.000000e+00 0.000000e+00
<ENDHMM>
