~o
<STREAMINFO> 1 39
<VECSIZE> 39<NULLD><MFCC_D_A_0><DIAGC>
~h "lima"
<BEGINHMM>
<NUMSTATES> 6
<STATE> 2
<MEAN> 39
 -3.949075e-01 -1.151950e+00 -5.902285e-01 1.610036e+01 1.121960e+01 -3.131655e+00 -1.107622e+01 1.409886e+00 -2.159280e+00 -5.279776e+00 2.640275e+00 1.881676e+00 6.074351e+01 2.009068e-01 3.752542e-01 1.211409e-01 5.563363e-01 6.362038e-01 -1.837966e-01 -1.951304e-01 1.445822e-01 2.422944e-01 2.196376e-01 -2.752517e-01 -4.177012e-01 -2.990499e-03 -7.017856e-02 1.023319e-01 -1.830039e-02 -1.454095e-01 -8.250192e-02 1.224612e-01 1.949441e-01 1.116181e-01 1.287615e-01 2.493139e-02 -1.730893e-01 -9.653361e-02 -9.533188e-02
<VARIANCE> 39
 2.507597e+01 3.340847e+01 6.138291e+01 4.379720e+01 5.458794e+01 3.249708e+01 5.720726e+01 3.691274e+01 4.668870e+01 4.058490e+01 3.926049e+01 2.952272e+01 1.152904e+02 1.037352e+00 3.433714e+00 3.987059e+00 2.269009e+00 2.803756e+00 3.231115e+00 6.674119e+00 3.302592e+00 3.583013e+00 3.067320e+00 3.545990e+00 2.311497e+00 1.601292e+00 1.566218e-01 4.587351e-01 6.274399e-01 3.095438e-01 4.811946e-01 5.967892e-01 1.007017e+00 4.898793e-01 7.022551e-01 5.948651e-01 5.306658e-01 3.876423e-01 1.776866e-01
<GCONST> 1.241234e+02
<STATE> 3
<MEAN> 39
 8.618850e-01 7.883017e+00 -1.939973e+00 1.512695e+01 1.271994e+01 -1.832036e+00 -5.250252e+00 5.788500e+00 3.035141e+00 -2.895896e+00 -5.730034e+00 -5.703077e+00 5.962700e+01 7.176997e-01 4.325076e-02 -8.322321e-01 -1.351264e+00 -1.292386e+00 -5.094525e-01 6.228095e-01 1.001159e+00 3.498474e-01 -4.310507e-01 -9.135012e-02 4.697445e-01 4.601666e-01 1.363134e-01 -3.327797e-01 -1.470159e-01 -3.073587e-01 -4.222320e-01 -2.477271e-01 -9.118667e-02 2.592515e-02 -1.238175e-01 -1.166781e-01 5.767661e-01 6.138161e-01 2.524621e-01
<VARIANCE> 39
 2.066848e+01 3.631840e+01 2.410941e+01 1.714497e+01 3.207177e+01 1.651279e+01 1.442737e+01 6.925823e+01 3.150722e+01 1.060783e+01 2.372276e+01 1.594473e+01 8.627618e+01 3.896338e-01 6.059415e-01 9.480011e-01 2.002055e+00 2.665256e+00 2.331823e+00 9.577578e-01 1.334373e+00 1.300882e+00 9.971392e-01 3.688604e+00 3.936090e+00 4.160808e-01 5.455389e-02 1.107811e-01 1.934600e-01 2.641775e-01 2.881049e-01 3.374463e-01 2.492931e-01 2.458464e-01 2.674085e-01 2.141517e-01 3.652647e-01 3.695396e-01 4.954138e-02
<GCONST> 9.596154e+01
<STATE> 4
<MEAN> 39
 1.536120e+00 -3.612426e+00 -1.462881e+01 -2.020120e+00 2.878030e+00 -3.397336e+00 -5.362471e-01 1.263309e+01 4.385705e+00 -3.485498e+00 3.346550e+00 7.673699e+00 7.167104e+01 -1.707333e-01 -8.110462e-02 -2.059784e-01 -5.635279e-01 -5.923185e-01 2.434811e-01 3.833456e-01 -3.072030e-02 1.714836e-02 -3.171832e-02 1.787973e-01 5.575758e-01 -1.189139e-01 -1.144189e-01 7.517492e-02 2.115758e-01 2.172850e-01 1.889307e-01 1.998708e-01 -3.568145e-02 -1.748380e-01 -3.578225e-02 1.764552e-02 -1.758563e-01 -1.850261e-01 -1.008834e-01
<VARIANCE> 39
 2.186282e+01 3.874818e+01 1.586847e+01 1.704891e+01 1.045397e+01 2.828653e+01 2.029823e+01 1.717787e+01 2.040324e+01 1.604529e+01 2.891746e+01 1.611513e+01 4.867791e+01 5.483739e-01 1.300294e+00 1.404984e+00 2.300440e+00 2.107044e+00 1.269518e+00 1.221250e+00 1.677994e+00 1.508883e+00 1.354738e+00 2.479262e+00 3.126224e+00 9.704961e-01 5.687179e-02 1.245734e-01 1.558852e-01 2.335642e-01 1.994208e-01 3.148183e-01 2.335107e-01 2.495405e-01 2.191211e-01 2.162810e-01 3.201137e-01 2.150718e-01 5.851067e-02
<GCONST> 9.421547e+01
<STATE> 5
<MEAN> 39
 3.096928e+00 9.115160e+00 -2.483964e+00 3.945503e+00 -2.680031e+00 -1.606606e+00 1.339136e+00 9.760360e+00 5.062361e+00 -9.089074e+00 -2.895075e+00 6.362413e+00 5.339207e+01 -5.755537e-01 -1.694705e-01 3.001447e-01 -8.668566e-02 -8.902696e-02 4.264104e-01 1.028294e-01 -4.102144e-01 -2.522580e-01 8.071970e-03 5.167419e-02 3.489744e-02 -3.068092e-01 -3.063708e-02 2.782292e-02 1.573899e-02 1.279292e-01 1.689716e-01 -1.363542e-02 -1.100162e-01 -8.638752e-02 -2.538003e-02 5.724273e-02 -5.925934e-02 -1.647067e-01 -4.520055e-02
<VARIANCE> 39
 5.261105e+01 3.958890e+01 3.192496e+01 3.370603e+01 4.389911e+01 4.336551e+01 3.153355e+01 6.637695e+01 6.083529e+01 4.594259e+01 4.430367e+01 6.895729e+01 9.131618e+01 1.348199e+00 2.810568e+00 2.653119e+00 2.494138e+00 4.354404e+00 3.184273e+00 2.890344e+00 2.750965e+00 3.260400e+00 4.328719e+00 3.022089e+00 4.718473e+00 1.455413e+00 2.063102e-01 3.902849e-01 5.059425e-01 4.785466e-01 8.156529e-01 6.015713e-01 5.141777e-01 6.159808e-01 6.112754e-01 7.578145e-01 5.692374e-01 7.133242e-01 1.674620e-01
<GCONST> 1.263195e+02
<TRANSP> 6
 0.000000e+00 9.022129e-01 9.778707e-02 0.000000e+00 0.000000e+00 0.000000e+00
 0.000000e+00 9.278884e-01 7.211167e-02 0.000000e+00 0.000000e+00 0.000000e+00
 0.000000e+00 0.000000e+00 8.623821e-01 1.376179e-01 0.000000e+00 0.000000e+00
 0.000000e+00 0.000000e+00 0.000000e+00 8.775671e-01 8.783966e-02 3.459323e-02
 0.000000e+00 0.000000e+00 0.000000e+00 0.000000e+00 9.218425e-01 7.815751e-02
 0.000000e+00 0.000000e+00 0.000000e+00 0.000000e+00 0.000000e+00 0.000000e+00
<ENDHMM>
