~o
<STREAMINFO> 1 63
<VECSIZE> 63<NULLD><MFCC_D_A_0><DIAGC>
~h "ng"
<BEGINHMM>
<NUMSTATES> 8
<STATE> 2
<MEAN> 63
 -1.418827e+01 3.728191e+00 -2.999295e+00 4.815156e-01 -6.999227e-01 1.352544e+00 2.713263e+00 4.249245e+00 1.485884e+00 2.085226e+00 -2.242759e+00 -3.218731e+00 -5.168345e+00 -2.892004e+00 -6.605719e-01 3.411308e-01 3.751406e-01 -2.653039e-02 1.270237e-01 1.177575e-01 6.123762e+01 -1.409102e-03 1.913819e-02 3.262983e-02 2.752945e-05 -3.238600e-02 -3.279949e-02 2.533296e-02 3.779453e-02 5.768145e-03 -2.627911e-02 -2.150182e-02 -4.852941e-03 2.106063e-02 1.152304e-02 1.904080e-03 -1.446464e-02 -1.351890e-02 -1.214850e-04 3.069433e-04 -4.267201e-04 1.555238e-02 1.003122e-02 -1.672363e-02 3.256242e-02 2.855080e-02 3.514758e-02 2.992729e-02 -1.411683e-02 -1.124351e-02 5.336160e-03 2.913302e-03 4.662532e-03 6.915173e-03 -2.942667e-03 -5.272068e-03 1.698125e-03 1.185036e-03 -9.329146e-03 -8.057759e-03 -3.221441e-03 -4.499820e-03 3.278458e-02
<VARIANCE> 63
 1.602333e+01 2.597440e+00 2.987019e+00 1.842355e+00 3.261303e+00 2.777824e+00 4.420358e+00 4.968459e+00 3.720674e+00 3.082766e+00 3.737744e+00 3.417362e+00 4.792869e+00 2.603882e+00 1.519775e+00 1.083688e+00 6.746684e-01 4.905277e-01 3.305737e-01 1.590450e-01 2.883758e+02 4.580144e-02 9.411738e-02 1.210100e-01 1.737337e-01 2.222859e-01 2.648561e-01 2.884232e-01 3.434854e-01 2.711846e-01 2.446606e-01 2.789536e-01 2.306968e-01 2.176363e-01 1.852089e-01 1.431370e-01 1.156216e-01 7.390693e-02 4.960142e-02 2.772987e-02 1.451163e-02 2.161343e-01 2.067952e-02 2.987086e-02 4.100398e-02 5.150335e-02 6.683990e-02 6.317150e-02 6.016709e-02 7.269014e-02 6.017681e-02 4.941600e-02 6.341454e-02 4.891354e-02 4.388120e-02 3.596660e-02 2.844899e-02 2.149779e-02 1.522433e-02 1.039873e-02 6.093303e-03 3.173223e-03 2.228418e-02
<GCONST> 2.065376e+01
<STATE> 3
<MEAN> 63
 -3.142471e+00 -3.012879e+00 -6.880262e+00 1.514902e+00 4.664458e+00 -3.369568e+00 -5.788114e+00 3.306735e+00 2.669101e-01 6.306629e-02 3.193968e+00 5.484931e+00 -1.381768e+00 8.777633e-02 3.971167e+00 -2.112458e+00 -4.794023e+00 -7.297488e-01 7.748405e-01 -1.020394e+00 7.890887e+01 9.729719e-02 -8.179408e-02 -2.715592e-02 -1.003413e-01 5.858337e-03 -3.105463e-02 -8.098893e-02 -1.634936e-02 3.288829e-02 -8.478067e-03 7.618485e-02 1.353017e-01 9.842800e-02 3.464515e-02 4.607269e-03 -2.796836e-02 -4.820045e-02 -7.290440e-03 1.949177e-02 -9.342479e-03 1.557711e-01 -3.538775e-02 7.724564e-03 1.405626e-02 -2.125164e-02 -1.480688e-02 6.442101e-03 1.296246e-02 -5.963981e-03 1.183785e-03 1.846387e-03 -7.943984e-03 -1.419356e-02 2.620343e-03 6.988487e-04 -9.561982e-03 -5.354449e-04 6.267594e-03 2.795374e-03 3.579832e-04 2.514916e-03 -1.569824e-02
<VARIANCE> 63
 4.559964e+01 2.701785e+01 6.569247e+01 7.925698e+01 4.881834e+01 4.855938e+01 3.819882e+01 3.585294e+01 3.733541e+01 2.014149e+01 3.540483e+01 4.123336e+01 2.411076e+01 2.181703e+01 2.745251e+01 1.233742e+01 7.636891e+00 3.187821e+00 2.303359e+00 1.213750e+00 2.526215e+01 3.730779e+00 2.738189e+00 4.293097e+00 4.696502e+00 3.550657e+00 3.954925e+00 3.533814e+00 2.840744e+00 3.117832e+00 2.029290e+00 2.478515e+00 2.507061e+00 2.418092e+00 1.880788e+00 2.515802e+00 8.752759e-01 6.544499e-01 3.151748e-01 2.216962e-01 1.161660e-01 2.215153e+00 5.567597e-01 5.016235e-01 6.117477e-01 6.765395e-01 6.074857e-01 6.749097e-01 6.646808e-01 5.167088e-01 5.853757e-01 3.978830e-01 4.666072e-01 4.010304e-01 4.850616e-01 3.513923e-01 4.428996e-01 1.613725e-01 1.231787e-01 6.248591e-02 4.400108e-02 2.282445e-02 3.591921e-01
<GCONST> 1.672587e+02
<STATE> 4
<MEAN> 63
 -2.068380e+00 8.341647e-01 -1.556900e+00 3.339559e+00 -2.945884e+00 4.594207e-01 -3.549326e+00 3.522756e+00 1.375867e+00 -8.142212e+00 -1.969304e+00 3.719443e+00 -2.215591e+00 -3.205239e-01 -4.375516e-01 -2.951428e+00 -1.562227e-01 1.111125e+00 -2.271486e-01 -3.407691e-01 5.550974e+01 -2.286122e-03 -5.026738e-05 2.292407e-04 -2.491415e-03 -1.378900e-03 -2.332527e-03 -1.837074e-03 -5.821178e-04 2.499494e-03 -3.636987e-04 -3.023164e-03 -1.500576e-03 4.414309e-04 7.002556e-04 -1.456029e-04 -1.772692e-03 -1.959619e-03 -7.485613e-04 1.136482e-04 7.855078e-05 2.223137e-03 -1.822334e-03 1.070999e-03 8.410721e-04 -2.124654e-04 -5.644932e-04 4.090772e-04 1.567421e-04 1.030955e-04 -4.264681e-05 -1.280633e-04 3.766488e-04 1.013643e-03 7.894246e-04 -1.589494e-05 5.517559e-05 7.041452e-04 6.520089e-04 9.532808e-05 -4.047251e-05 4.487833e-05 1.688659e-03
<VARIANCE> 63
 7.533157e+01 9.827917e+01 7.856514e+01 8.543085e+01 8.068153e+01 5.533025e+01 5.254453e+01 5.990577e+01 8.442946e+01 5.967730e+01 5.136617e+01 5.204614e+01 3.666655e+01 2.420160e+01 2.225676e+01 1.748491e+01 1.055799e+01 4.916922e+00 2.391896e+00 1.443449e+00 6.770073e+01 3.932292e+00 9.089583e+00 7.043348e+00 6.164516e+00 9.699742e+00 5.862651e+00 5.435155e+00 5.460777e+00 6.514318e+00 6.251645e+00 5.264751e+00 5.960342e+00 3.639639e+00 2.475728e+00 2.179394e+00 2.012126e+00 1.037082e+00 5.425580e-01 2.920695e-01 1.637438e-01 4.326068e+00 6.486283e-01 1.707978e+00 1.379247e+00 1.166814e+00 1.975491e+00 1.171393e+00 1.098659e+00 1.076877e+00 1.261439e+00 1.213654e+00 1.015657e+00 1.182608e+00 7.364165e-01 5.118990e-01 4.426165e-01 4.107470e-01 2.068796e-01 1.149888e-01 6.217244e-02 3.370127e-02 8.017222e-01
<GCONST> 2.013819e+02
<STATE> 5
<MEAN> 63
 -7.974810e+00 3.125359e+00 2.276867e+00 4.309985e+00 -8.189260e-01 -4.226240e-01 1.886516e+00 -5.519810e+00 -3.008571e+00 -3.637350e+00 1.337631e+00 1.694765e+00 4.568110e-01 1.110945e+00 2.495733e+00 -1.633752e+00 -1.115184e+00 4.401205e-01 4.193004e-01 -3.595330e-01 7.128114e+01 -2.320901e-02 6.965840e-03 8.410920e-03 -6.766608e-03 -7.469073e-03 3.532506e-03 9.422648e-03 -5.877974e-03 1.681585e-03 -5.350970e-04 -5.764050e-03 -8.774078e-03 -8.051461e-04 -4.142162e-03 -2.874570e-03 -4.406273e-04 3.957599e-03 6.083885e-04 4.100824e-05 3.588059e-04 4.211054e-02 1.938767e-03 -1.375030e-03 -4.983122e-03 1.780472e-03 5.116330e-04 -4.462408e-04 -4.403486e-04 1.176211e-03 -7.585313e-05 -3.428041e-04 -3.003647e-04 -9.417651e-04 -3.314161e-03 -2.371683e-03 9.223988e-04 -4.329396e-04 1.336393e-05 -1.300995e-04 1.057094e-04 2.306908e-04 -4.971829e-03
<VARIANCE> 63
 1.082212e+02 7.544544e+01 5.797300e+01 6.085528e+01 5.801595e+01 5.230092e+01 4.129015e+01 3.991084e+01 3.848846e+01 4.015878e+01 3.391935e+01 4.051537e+01 2.266892e+01 1.497909e+01 1.547278e+01 1.136044e+01 8.181854e+00 3.494875e+00 1.394446e+00 7.812316e-01 1.282180e+02 6.718926e+00 6.314164e+00 4.783997e+00 4.178437e+00 4.981263e+00 3.548403e+00 3.399273e+00 3.020264e+00 3.327280e+00 2.974861e+00 3.060626e+00 4.527302e+00 1.843317e+00 1.317229e+00 1.240032e+00 9.137625e-01 7.561908e-01 3.199303e-01 1.401001e-01 6.986198e-02 5.643340e+00 1.113308e+00 1.157712e+00 8.970873e-01 7.741842e-01 9.914417e-01 7.319794e-01 6.433213e-01 5.970726e-01 6.734988e-01 5.935960e-01 5.857527e-01 9.422207e-01 3.610904e-01 2.683651e-01 2.490013e-01 1.818007e-01 1.564336e-01 6.520707e-02 2.799508e-02 1.412090e-02 1.012322e+00
<GCONST> 1.750700e+02
<STATE> 6
<MEAN> 63
 -4.152728e+00 -9.114004e+00 8.318153e+00 -1.402021e+01 5.755463e+00 -1.518135e+01 1.657367e+01 -1.396957e+01 1.732326e+00 -8.896132e+00 1.063382e+00 -3.361956e+00 -6.254228e-01 -4.755207e+00 -1.324312e+00 -1.237468e+00 -1.267011e+00 -1.185568e+00 -1.439347e+00 -1.070293e+00 8.280127e+01 -1.127166e-02 2.019163e-03 4.545608e-03 -3.430680e-03 -6.040596e-03 4.279175e-03 3.193334e-03 -3.829772e-03 -2.044774e-03 1.349079e-03 -3.572907e-03 -6.945043e-03 -3.668297e-03 -7.443802e-04 -1.537632e-03 1.189603e-03 2.025656e-03 2.028100e-04 -5.440142e-05 7.564463e-04 -6.657147e-03 2.888193e-03 -5.259280e-04 -1.856011e-03 4.494776e-03 2.556203e-03 -4.221416e-04 -1.884363e-03 6.794803e-04 -1.474150e-03 4.756282e-04 -3.094630e-04 4.403519e-04 -1.698016e-03 6.630596e-04 1.497933e-03 6.408869e-04 1.412334e-04 3.798765e-04 2.880433e-05 1.230668e-04 -1.869247e-03
<VARIANCE> 63
 6.310482e+01 4.825702e+01 6.502401e+01 6.840818e+01 1.258664e+02 1.278231e+02 6.781785e+01 7.372780e+01 7.985729e+01 4.589239e+01 7.566483e+01 4.367798e+01 5.106609e+01 3.594906e+01 2.505419e+01 1.531219e+01 1.084119e+01 7.206017e+00 4.667042e+00 2.545197e+00 6.812745e+01 4.161967e+00 5.097850e+00 4.829668e+00 4.978875e+00 7.998136e+00 6.916615e+00 4.911092e+00 5.922627e+00 6.054289e+00 3.762835e+00 5.458729e+00 4.087348e+00 4.284524e+00 2.811069e+00 2.043630e+00 1.212160e+00 8.967303e-01 5.528681e-01 3.655595e-01 1.989769e-01 5.298748e+00 6.892073e-01 9.300173e-01 7.855491e-01 8.598403e-01 1.328004e+00 1.305178e+00 9.439442e-01 1.137694e+00 1.166461e+00 7.506909e-01 1.030474e+00 7.784433e-01 8.167911e-01 5.063658e-01 3.833113e-01 2.421885e-01 1.809860e-01 1.070185e-01 6.979552e-02 3.809250e-02 9.627495e-01
<GCONST> 1.990890e+02
<STATE> 7
<MEAN> 63
 -9.770291e+00 2.618788e+00 -2.936380e+00 -2.715965e+00 -3.492360e+00 -6.213308e+00 -2.895325e+00 -3.784622e+00 -8.972193e-01 -5.786545e+00 -1.772913e+00 -1.954562e+00 2.787203e-01 -1.205460e+00 -1.686177e-01 -1.696126e+00 -8.392341e-01 -3.597382e-01 -8.139778e-02 -6.584052e-01 7.368525e+01 -1.662016e-02 2.291190e-02 -2.527404e-03 4.469712e-02 1.001190e-02 7.119845e-03 1.622161e-02 8.960979e-03 -1.179355e-02 1.511846e-03 -1.963411e-02 -3.472365e-02 -3.142358e-02 -1.051204e-02 2.038715e-03 9.978130e-03 1.328604e-02 1.708323e-03 -6.523985e-03 2.020160e-03 -4.622162e-02 7.978718e-03 -4.861674e-07 -2.191371e-03 2.410704e-03 1.741682e-03 -3.628833e-03 -2.508486e-03 2.155542e-03 9.892508e-04 -1.111295e-03 2.302337e-03 3.542128e-03 2.168665e-03 9.971312e-04 1.854748e-03 -2.036877e-04 -1.543312e-03 -4.902394e-04 -9.176222e-05 -6.400119e-04 4.066059e-03
<VARIANCE> 63
 6.037788e+01 3.029512e+01 3.349846e+01 3.578747e+01 4.422049e+01 3.718247e+01 3.329410e+01 2.279853e+01 3.260519e+01 3.314438e+01 2.140642e+01 1.677864e+01 1.982057e+01 1.071964e+01 8.060502e+00 7.021105e+00 4.386026e+00 2.905535e+00 1.551107e+00 7.335727e-01 6.714501e+01 2.507809e+00 1.612601e+00 1.784209e+00 1.947548e+00 2.174415e+00 2.028444e+00 1.641689e+00 1.417493e+00 2.155475e+00 1.757432e+00 1.387488e+00 1.288010e+00 1.040189e+00 7.573393e-01 5.630541e-01 4.752357e-01 3.487949e-01 1.823498e-01 1.058672e-01 5.604201e-02 1.844619e+00 3.756317e-01 2.928543e-01 2.898084e-01 3.079751e-01 3.669262e-01 3.801643e-01 3.107178e-01 2.757652e-01 4.098883e-01 3.293706e-01 2.609822e-01 2.273623e-01 1.823793e-01 1.451274e-01 1.092713e-01 8.455469e-02 6.362129e-02 3.401880e-02 2.082222e-02 1.118157e-02 2.626761e-01
<GCONST> 1.335948e+02
<TRANSP> 8
 0.000000e+00 1.000000e+00 0.000000e+00 0.000000e+00 0.000000e+00 0.000000e+00 0.000000e+00 0.000000e+00
 0.000000e+00 9.381223e-01 5.053644e-02 1.134121e-02 0.000000e+00 0.000000e+00 0.000000e+00 0.000000e+00
 0.000000e+00 0.000000e+00 9.872536e-01 0.000000e+00 1.274638e-02 0.000000e+00 0.000000e+00 0.000000e+00
 0.000000e+00 0.000000e+00 0.000000e+00 9.982212e-01 1.369869e-03 4.088988e-04 0.000000e+00 0.000000e+00
 0.000000e+00 0.000000e+00 0.000000e+00 0.000000e+00 9.923701e-01 7.629875e-03 0.000000e+00 0.000000e+00
 0.000000e+00 0.000000e+00 0.000000e+00 0.000000e+00 0.000000e+00 9.918311e-01 8.168875e-03 0.000000e+00
 0.000000e+00 0.000000e+00 0.000000e+00 0.000000e+00 0.000000e+00 0.000000e+00 9.946868e-01 5.313186e-03
 0.000000e+00 0.000000e+00 0.000000e+00 0.000000e+00 0.000000e+00 0.000000e+00 0.000000e+00 0.000000e+00
<ENDHMM>
