~o
<STREAMINFO> 1 39
<VECSIZE> 39<NULLD><MFCC_D_A_0><DIAGC>
~h "puluh"
<BEGINHMM>
<NUMSTATES> 6
<STATE> 2
<MEAN> 39
 -3.217719e-01 -2.971398e+00 9.942302e+00 -1.454674e+01 -1.048711e+00 -1.566245e+01 1.460850e+01 -1.214093e+01 -1.076686e+00 -9.287889e+00 -2.248764e+00 -5.523065e+00 7.399485e+01 -4.699652e-01 -1.335890e-01 1.052246e-01 6.541109e-02 1.184706e-01 2.274925e-01 2.272725e-01 1.555568e-01 4.491021e-01 5.272906e-02 6.687912e-01 -1.244045e-02 -4.675835e-02 -2.378785e-02 1.999250e-02 3.534975e-02 8.452988e-02 -4.123804e-02 -3.886208e-02 9.122443e-03 3.353140e-02 1.379293e-02 3.037356e-02 1.377666e-02 5.246712e-03 -3.295663e-02
<VARIANCE> 39
 5.228737e+01 3.112408e+01 5.529494e+01 6.344521e+01 1.520408e+02 1.067854e+02 6.808289e+01 4.268776e+01 8.787049e+01 4.309862e+01 9.329992e+01 3.411965e+01 3.939606e+01 1.778740e+00 1.620045e+00 2.714204e+00 3.179261e+00 5.577173e+00 6.732303e+00 2.766425e+00 3.605531e+00 3.441809e+00 3.142710e+00 4.157536e+00 2.773539e+00 2.672637e+00 2.786961e-01 2.817566e-01 4.230940e-01 4.968108e-01 7.787000e-01 1.161411e+00 5.338123e-01 6.096907e-01 5.294350e-01 5.992801e-01 7.693076e-01 5.355584e-01 3.797830e-01
<GCONST> 1.315016e+02
<STATE> 3
<MEAN> 39
 9.930412e-01 6.353748e+00 -1.482730e+00 2.784081e+00 -3.930652e+00 -1.604262e+00 -1.141243e+00 5.133269e+00 4.588451e+00 -6.672661e+00 -4.483906e+00 2.078296e-01 5.297955e+01 4.346013e-02 4.903556e-02 5.395337e-02 -3.456152e-02 -5.419495e-02 -7.163233e-02 4.926350e-02 8.608385e-02 -2.902393e-02 6.843556e-03 1.507744e-01 -1.421793e-02 2.310134e-02 4.736957e-02 1.206922e-02 2.580126e-02 4.224485e-02 -2.293129e-02 -1.003757e-01 -3.708260e-02 3.112377e-02 -1.885497e-03 -3.363320e-02 -2.182841e-02 3.596154e-03 3.299678e-02
<VARIANCE> 39
 6.273293e+01 5.709842e+01 6.626071e+01 5.436166e+01 6.623859e+01 5.318195e+01 6.882170e+01 5.879896e+01 6.720216e+01 5.857736e+01 4.883466e+01 3.638372e+01 8.779953e+01 2.568395e+00 5.829472e+00 6.774955e+00 4.459935e+00 7.483774e+00 6.401210e+00 5.187283e+00 4.792861e+00 5.794631e+00 5.140792e+00 4.037651e+00 4.207490e+00 2.700490e+00 3.634231e-01 1.148871e+00 1.159656e+00 8.627338e-01 1.289244e+00 1.297125e+00 9.713982e-01 9.396196e-01 1.244146e+00 9.890764e-01 8.650888e-01 8.029486e-01 4.386200e-01
<GCONST> 1.437446e+02
<STATE> 4
<MEAN> 39
 -2.475692e+00 1.121466e+01 2.764823e+00 1.820844e+00 -6.772922e+00 -6.171875e+00 8.442254e-01 -8.748645e-01 -3.089940e+00 -1.257445e+01 -7.244621e+00 -4.769730e+00 6.771682e+01 -4.948905e-01 -4.805515e-01 -3.424299e-01 9.016613e-03 1.455423e-01 4.226297e-01 3.332661e-01 -5.895037e-02 -6.169940e-02 2.882881e-01 2.798325e-01 8.876748e-02 -3.137141e-01 -4.699039e-02 -4.784775e-02 -3.590930e-02 -1.900211e-02 4.029138e-02 3.984603e-02 2.656503e-02 1.436436e-02 8.105722e-02 1.233872e-01 6.747475e-02 3.154467e-02 -3.287838e-02
<VARIANCE> 39
 1.901645e+01 4.072171e+01 5.270866e+01 5.580880e+01 2.565037e+01 5.257751e+01 5.066616e+01 3.237385e+01 3.504443e+01 1.899504e+01 2.001235e+01 1.442674e+01 1.600333e+01 3.060481e-01 8.532925e-01 2.095543e+00 1.537871e+00 1.785393e+00 2.201571e+00 1.994738e+00 1.431811e+00 2.183667e+00 1.602103e+00 1.005056e+00 8.939952e-01 2.772189e-01 5.292836e-02 1.455958e-01 3.214263e-01 2.525041e-01 3.127426e-01 3.740112e-01 3.694109e-01 2.381395e-01 3.182922e-01 2.165513e-01 1.744858e-01 1.758233e-01 4.000708e-02
<GCONST> 9.664141e+01
<STATE> 5
<MEAN> 39
 -6.537397e+00 2.660140e+00 -3.263098e+00 4.082505e-01 6.773416e-01 -5.765561e+00 -3.074831e+00 1.124524e+00 3.148002e+00 -2.567797e+00 -2.641280e+00 -2.712433e+00 6.320827e+01 -1.581148e-01 -6.066860e-02 -3.042018e-02 -3.815157e-02 9.997456e-02 1.051702e-01 -2.593424e-02 -8.755635e-02 -2.900440e-02 7.798699e-02 7.771738e-02 1.317947e-01 -1.483921e-01 -1.728152e-03 -6.160550e-03 1.234137e-02 -2.921765e-02 -3.578558e-02 -1.006962e-04 -3.908478e-03 -2.748566e-02 -4.678989e-02 -4.409246e-02 -3.533393e-02 8.648357e-03 1.102489e-02
<VARIANCE> 39
 5.806300e+01 1.923495e+01 3.435770e+01 3.340391e+01 5.881139e+01 3.326540e+01 1.086195e+02 4.189261e+01 3.807471e+01 1.928988e+01 4.599593e+01 1.827358e+01 6.393940e+01 8.477648e-01 8.596771e-01 1.568716e+00 1.348526e+00 1.962164e+00 2.153389e+00 1.877326e+00 1.513764e+00 1.492686e+00 1.574869e+00 1.530201e+00 1.347457e+00 6.623778e-01 1.036966e-01 1.647020e-01 2.602741e-01 2.336410e-01 2.763928e-01 4.037778e-01 3.662603e-01 2.811044e-01 2.697690e-01 2.644195e-01 2.535486e-01 2.559620e-01 6.166806e-02
<GCONST> 1.038213e+02
<TRANSP> 6
 0.000000e+00 3.138367e-01 6.861633e-01 0.000000e+00 0.000000e+00 0.000000e+00
 0.000000e+00 9.519490e-01 1.915180e-02 2.889922e-02 0.000000e+00 0.000000e+00
 0.000000e+00 0.000000e+00 9.247707e-01 2.885641e-02 4.637297e-02 0.000000e+00
 0.000000e+00 0.000000e+00 0.000000e+00 9.322088e-01 5.096067e-02 1.683060e-02
 0.000000e+00 0.000000e+00 0.000000e+00 0.000000e+00 9.358822e-01 6.411783e-02
 0.000000e+00 0.000000e+00 0.000000e+00 0.000000e+00 0.000000e+00 0.000000e+00
<ENDHMM>
