~o
<STREAMINFO> 1 39
<VECSIZE> 39<NULLD><PLP_D_A_0><DIAGC>
~h "satu"
<BEGINHMM>
<NUMSTATES> 8
<STATE> 2
<MEAN> 39
 -2.082744e+00 -1.730208e+00 2.950846e-01 -1.355445e+00 -6.597918e-01 -4.908403e-01 -7.528881e-03 -9.256346e-01 -3.280080e-01 -1.224735e-02 3.223414e-01 2.569477e-01 5.481874e+00 1.553750e-01 1.612297e-02 -7.517672e-02 -7.854471e-02 -3.373968e-02 -5.179552e-02 -2.426868e-02 1.743246e-02 4.835589e-02 -2.521390e-02 1.070443e-02 3.891454e-02 1.488987e-01 1.281337e-01 6.442071e-02 -8.831188e-02 3.028942e-02 1.281029e-03 -1.016990e-02 -7.370880e-03 2.930898e-02 1.978788e-02 -2.712554e-02 -2.464110e-02 3.207086e-03 -1.385675e-02
<VARIANCE> 39
 5.081478e-01 5.482530e-01 5.111160e-01 4.564847e-01 7.071503e-01 3.840107e-01 7.886927e-01 1.769517e-01 5.296230e-01 2.246271e-01 2.076162e-01 1.130887e-01 8.486726e-01 1.519691e-01 8.256935e-02 9.626020e-02 3.217370e-02 3.054506e-02 3.361284e-02 2.841677e-02 2.446263e-02 2.424079e-02 2.461151e-02 1.833192e-02 1.220327e-02 2.532255e-02 1.704410e-02 1.174046e-02 9.770852e-03 7.413848e-03 6.271692e-03 8.205187e-03 5.697897e-03 3.721026e-03 4.430791e-03 4.346012e-03 3.449937e-03 2.407212e-03 2.899897e-03
<GCONST> -5.127238e+01
<STATE> 3
<MEAN> 39
 -1.134705e-01 -1.219281e+00 -9.005125e-01 -1.427057e+00 -9.901218e-01 -6.820758e-01 8.437331e-02 -6.695682e-01 7.733307e-02 -4.645197e-01 1.658829e-01 4.492172e-01 5.954620e+00 6.263222e-02 9.824786e-02 -7.956352e-02 6.847903e-02 -2.128167e-02 3.314407e-03 2.130230e-03 2.168037e-02 -1.256938e-03 -2.738488e-02 -3.942156e-02 4.072570e-03 -1.250661e-01 -1.174077e-01 -2.071191e-03 4.505509e-02 4.754636e-03 3.453707e-02 -4.984348e-03 -6.086441e-03 -4.009795e-03 -2.543364e-02 2.116007e-02 4.499265e-03 -1.842986e-02 -6.371246e-02
<VARIANCE> 39
 7.828751e-02 5.663421e-01 4.595440e-01 3.612381e-01 2.814020e-01 5.329209e-01 1.019541e+00 5.341688e-01 3.936798e-01 3.085293e-01 2.035591e-01 3.591164e-01 6.865430e-01 7.937313e-02 2.864235e-02 5.050662e-02 2.479758e-02 3.520731e-02 3.422844e-02 2.098364e-02 3.114373e-02 3.313819e-02 2.170429e-02 2.023301e-02 1.848003e-02 4.219095e-02 4.852624e-03 5.388416e-03 7.613366e-03 4.096833e-03 4.840010e-03 7.375617e-03 4.073325e-03 6.685400e-03 6.550932e-03 4.423012e-03 3.377486e-03 3.308973e-03 3.678435e-03
<GCONST> -5.509226e+01
<STATE> 4
<MEAN> 39
 -1.107853e+00 -6.061769e-01 -8.798692e-01 -1.026615e+00 -6.193040e-01 -8.223897e-01 -1.234417e-01 -4.112172e-01 -1.446382e-01 -3.540466e-01 1.765956e-02 2.125821e-01 4.467708e+00 -8.797010e-02 -5.222050e-02 3.445454e-02 6.680817e-02 2.191788e-02 -8.899710e-02 -2.370334e-04 2.495114e-02 -6.114663e-02 -3.712893e-02 1.335175e-02 -3.767816e-02 -1.577648e-02 9.271482e-02 -4.776074e-02 4.437535e-02 -5.249298e-03 -6.210067e-02 -2.733831e-02 -4.067100e-03 -1.789344e-02 -6.009839e-03 -3.956782e-02 -4.371175e-03 1.446909e-02 1.373029e-01
<VARIANCE> 39
 1.631925e-01 3.733830e-01 3.872633e-01 4.575031e-01 3.462065e-01 1.931903e-01 5.459470e-01 1.896671e-01 1.858842e-01 1.127638e-01 1.282614e-01 1.515763e-01 7.168985e-01 4.224154e-02 5.017053e-02 3.322940e-02 2.671469e-02 4.126964e-02 3.674696e-02 2.280118e-02 3.437683e-02 3.005899e-02 2.259683e-02 1.404258e-02 1.554436e-02 9.507845e-02 4.613119e-03 9.986795e-03 5.467926e-03 5.761738e-03 7.730769e-03 9.482240e-03 5.332451e-03 6.286637e-03 6.142248e-03 4.281990e-03 3.509517e-03 2.683749e-03 7.123294e-03
<GCONST> -5.810366e+01
<STATE> 5
<MEAN> 39
 -3.886668e-01 -1.128771e+00 -1.766829e-01 -8.334369e-01 -1.235153e+00 -1.370832e+00 -2.857118e-01 -5.259176e-01 -5.231549e-01 -1.056093e+00 -1.386499e-01 2.382203e-01 5.671872e+00 2.753804e-01 1.046973e-01 2.702611e-01 -4.863461e-02 -2.692958e-01 -1.663476e-01 -1.041662e-01 8.022010e-02 8.790398e-02 -1.589676e-01 -1.689418e-01 -2.883565e-02 2.478266e-01 -3.851496e-02 9.175986e-02 -1.342213e-02 -1.284942e-02 -3.376772e-04 1.854305e-02 -3.814912e-03 4.096351e-02 7.332971e-02 5.831053e-02 -9.799047e-03 -1.558445e-02 -1.248918e-01
<VARIANCE> 39
 2.488025e-01 6.221641e-01 4.969138e-01 5.505888e-01 4.601831e-01 9.764313e-01 9.436231e-01 4.531147e-01 4.142908e-01 2.999320e-01 2.989779e-01 1.361942e-01 8.013896e-01 2.128406e-02 6.040654e-02 2.977351e-02 2.870786e-02 6.083528e-02 8.827377e-02 3.757915e-02 3.343250e-02 5.874188e-02 3.871146e-02 2.017790e-02 1.735099e-02 6.290871e-02 7.071504e-03 8.606303e-03 1.000966e-02 5.859815e-03 1.031831e-02 1.050994e-02 7.310645e-03 6.426289e-03 8.519913e-03 6.123475e-03 6.917062e-03 2.025002e-03 5.885537e-03
<GCONST> -4.579721e+01
<STATE> 6
<MEAN> 39
 -8.803455e-02 -3.146002e-01 4.485727e-01 -1.055957e+00 -1.983132e+00 -2.033596e+00 -2.757282e-01 -8.061859e-02 8.283163e-02 -8.734211e-01 -4.474905e-01 -4.924268e-02 5.586254e+00 -5.533660e-02 8.953810e-02 -7.934142e-03 2.864143e-02 3.467414e-02 5.029747e-02 -3.989365e-03 -9.231848e-03 2.612463e-02 3.888883e-02 6.376928e-03 -1.934947e-02 -1.319995e-01 -4.814706e-02 -2.474312e-02 -5.222485e-02 1.235995e-02 7.372943e-02 4.530807e-02 2.143463e-02 -3.124372e-02 -3.898760e-02 1.496174e-02 1.905276e-02 5.668174e-03 -3.286400e-02
<VARIANCE> 39
 8.109733e-02 7.418613e-01 5.691007e-01 9.905980e-01 3.662463e-01 9.225872e-01 1.132972e+00 3.556935e-01 4.688623e-01 4.257746e-01 2.001650e-01 2.453945e-01 4.979710e-01 9.596471e-03 1.269478e-02 1.832243e-02 1.615378e-02 4.623258e-02 2.751944e-02 1.988285e-02 2.209053e-02 2.844475e-02 1.653440e-02 1.482218e-02 1.542225e-02 1.162034e-02 1.478282e-03 2.376547e-03 3.816912e-03 3.088168e-03 4.332155e-03 4.463326e-03 4.206112e-03 3.581809e-03 5.333101e-03 3.912162e-03 3.275414e-03 4.015491e-03 1.849651e-03
<GCONST> -6.523204e+01
<STATE> 7
<MEAN> 39
 -9.547329e-01 -2.943932e-01 -3.984137e-01 -7.594451e-01 -8.860658e-01 -1.091223e+00 -3.353652e-01 -3.987047e-01 -1.725318e-01 -5.636805e-01 -2.360657e-01 -5.704553e-04 4.561338e+00 -9.958664e-02 -7.706805e-02 -1.145859e-01 -2.907222e-02 9.692562e-02 5.570239e-02 5.155195e-02 -2.027699e-02 -3.569086e-02 7.564572e-02 5.773142e-02 7.139597e-03 -6.933216e-02 2.514943e-02 -2.162959e-02 1.379583e-02 -1.566789e-02 -3.479615e-02 -1.708892e-02 -1.105720e-02 9.668224e-03 1.094940e-02 -1.222400e-02 9.016789e-03 8.905019e-03 3.821947e-02
<VARIANCE> 39
 2.641672e-01 5.402064e-01 3.517594e-01 4.723018e-01 3.816488e-01 4.414156e-01 4.680404e-01 4.362166e-01 3.581777e-01 2.197632e-01 1.639720e-01 1.460868e-01 7.156460e-01 2.382745e-02 2.490179e-02 3.081357e-02 2.772734e-02 4.982781e-02 3.975616e-02 2.556524e-02 3.373853e-02 2.630185e-02 2.272300e-02 1.603602e-02 1.831030e-02 3.893893e-02 2.788985e-03 5.562803e-03 5.395545e-03 4.951236e-03 5.961043e-03 6.122955e-03 4.813078e-03 5.653636e-03 4.711386e-03 3.504245e-03 3.072239e-03 2.944047e-03 5.704368e-03
<GCONST> -5.874433e+01
<TRANSP> 8
 0.000000e+00 8.750362e-01 1.249638e-01 0.000000e+00 0.000000e+00 0.000000e+00 0.000000e+00 0.000000e+00
 0.000000e+00 8.137061e-01 1.862939e-01 0.000000e+00 0.000000e+00 0.000000e+00 0.000000e+00 0.000000e+00
 0.000000e+00 0.000000e+00 8.425667e-01 1.574333e-01 0.000000e+00 0.000000e+00 0.000000e+00 0.000000e+00
 0.000000e+00 0.000000e+00 0.000000e+00 7.996027e-01 2.003973e-01 0.000000e+00 0.000000e+00 0.000000e+00
 0.000000e+00 0.000000e+00 0.000000e+00 0.000000e+00 6.768833e-01 3.231167e-01 0.000000e+00 0.000000e+00
 0.000000e+00 0.000000e+00 0.000000e+00 0.000000e+00 0.000000e+00 8.230736e-01 1.769264e-01 0.000000e+00
 0.000000e+00 0.000000e+00 0.000000e+00 0.000000e+00 0.000000e+00 0.000000e+00 8.194627e-01 1.805373e-01
 0.000000e+00 0.000000e+00 0.000000e+00 0.000000e+00 0.000000e+00 0.000000e+00 0.000000e+00 0.000000e+00
<ENDHMM>
