~o
<STREAMINFO> 1 39
<VECSIZE> 39<NULLD><MFCC_D_A_0><DIAGC>
~h "sebelas"
<BEGINHMM>
<NUMSTATES> 6
<STATE> 2
<MEAN> 39
 -7.316669e+00 -5.570739e+00 3.977506e+00 2.539564e+00 -2.732463e+00 -3.910141e-01 -2.611015e+00 1.756811e+00 -4.008296e+00 -7.272984e+00 1.102221e+00 3.918575e+00 5.302280e+01 9.903159e-01 1.903467e+00 -8.902579e-02 7.545612e-01 7.431758e-01 -2.366613e-01 1.276354e-01 5.906429e-01 3.634555e-01 -4.977738e-01 -7.755776e-01 -3.604901e-01 -2.533434e-01 5.562034e-02 1.108342e-01 3.239730e-02 1.225313e-01 1.724688e-02 7.620899e-02 4.212897e-02 6.488018e-03 8.117542e-02 -8.775467e-02 -1.143517e-01 -9.765603e-02 -3.751645e-02
<VARIANCE> 39
 9.661403e+01 1.961023e+02 5.792389e+01 1.025943e+02 5.940348e+01 3.816040e+01 5.917331e+01 6.529849e+01 7.986600e+01 7.242329e+01 4.127457e+01 2.953539e+01 8.861783e+01 4.654280e+00 1.083431e+01 6.394003e+00 8.664076e+00 6.530900e+00 5.707245e+00 4.499249e+00 4.492819e+00 8.091247e+00 6.016068e+00 5.184821e+00 5.167900e+00 2.924490e+00 7.788368e-01 1.281229e+00 1.271859e+00 1.218429e+00 1.030259e+00 1.378700e+00 9.416814e-01 7.266930e-01 1.651391e+00 1.192769e+00 8.402669e-01 9.496940e-01 4.810847e-01
<GCONST> 1.493894e+02
<STATE> 3
<MEAN> 39
 3.777441e+00 1.033711e+01 6.301594e-01 1.177234e+01 2.218485e+00 -2.640211e+00 -1.083792e+00 3.537614e+00 -4.257032e-01 -1.296750e+01 -9.272736e+00 2.795970e+00 5.543776e+01 3.735193e-01 -5.861748e-01 -1.210867e-01 -1.980157e-01 -7.139072e-01 4.343921e-02 -4.233516e-01 -3.556442e-01 2.473810e-01 -2.300563e-01 -6.543437e-02 7.157766e-01 4.617624e-01 -6.730729e-02 -2.536308e-01 1.228695e-01 -2.100322e-01 -2.869508e-01 1.307867e-01 -3.809623e-02 -1.787112e-01 4.572290e-02 1.249413e-01 2.591801e-01 1.694278e-01 1.298306e-01
<VARIANCE> 39
 3.291121e+01 2.392626e+01 6.428604e+01 1.261822e+01 3.935021e+01 4.367891e+01 2.151867e+01 1.136617e+02 3.499323e+01 2.962790e+01 2.099434e+01 4.427447e+01 7.385936e+01 1.111335e+00 1.662211e+00 3.187657e+00 1.258903e+00 2.337081e+00 3.855231e+00 1.603880e+00 2.493321e+00 1.846964e+00 2.691141e+00 2.957314e+00 2.157795e+00 7.325746e-01 2.148755e-01 2.832216e-01 4.456147e-01 1.820783e-01 3.675600e-01 6.168050e-01 3.410574e-01 4.095027e-01 3.698186e-01 4.899142e-01 6.964442e-01 4.504355e-01 1.167792e-01
<GCONST> 1.133315e+02
<STATE> 4
<MEAN> 39
 2.055388e+00 -5.533774e+00 5.752531e+00 4.358560e+00 -1.059765e+01 8.100415e+00 -3.730047e+00 -2.786962e+00 5.475363e+00 -8.699143e+00 2.808479e+00 1.187395e+01 5.986344e+01 -7.331568e-01 -1.201083e+00 3.836900e-01 -5.076236e-01 -1.530735e-01 8.573153e-01 -2.089510e-02 -2.188539e-01 -3.131666e-01 6.303485e-01 1.042879e+00 -2.123323e-01 7.776046e-02 -9.908894e-02 6.102229e-02 -1.224889e-02 1.385241e-02 2.756205e-01 -2.005213e-01 1.269764e-02 1.566260e-01 -2.956042e-01 1.884386e-02 -1.567684e-01 -1.835437e-01 -7.621932e-02
<VARIANCE> 39
 3.331705e+01 8.677437e+01 2.655173e+01 1.451028e+01 3.765212e+01 4.948693e+01 2.085593e+01 3.056095e+01 3.096533e+01 2.848515e+01 5.133305e+01 1.910733e+01 5.923677e+01 1.083348e+00 2.784428e+00 2.658130e+00 1.770913e+00 4.927613e+00 3.132331e+00 1.867902e+00 2.527080e+00 3.056902e+00 2.278708e+00 2.181857e+00 1.854224e+00 8.202812e-01 1.362996e-01 5.269688e-01 4.722223e-01 3.584122e-01 7.122942e-01 5.655417e-01 3.112284e-01 5.518966e-01 4.894574e-01 4.171149e-01 3.998836e-01 1.720508e-01 1.548583e-01
<GCONST> 1.142111e+02
<STATE> 5
<MEAN> 39
 -1.380704e+01 -9.793426e+00 5.873542e+00 -3.249523e+00 -7.260657e+00 3.796394e+00 -2.804362e-01 -4.473477e+00 -5.638902e+00 -2.599731e+00 2.443904e+00 4.235366e+00 5.521630e+01 -3.400158e-01 8.551646e-01 -6.236460e-01 5.368104e-02 1.334538e-01 -6.945705e-01 3.444986e-01 7.186160e-03 -1.016214e-01 9.220996e-02 -2.961638e-01 -1.841793e-01 -7.530145e-01 1.380366e-01 1.464953e-01 -1.229110e-01 1.215564e-01 3.821904e-02 5.073472e-02 1.371398e-02 -1.422185e-04 1.489721e-01 -1.335409e-01 5.251860e-02 1.190444e-01 -2.820232e-02
<VARIANCE> 39
 7.788626e+01 1.149109e+02 1.001142e+02 4.010279e+01 5.617889e+01 4.706512e+01 6.974622e+01 5.680862e+01 3.706853e+01 6.595916e+01 3.109600e+01 3.117344e+01 1.677749e+02 3.601291e+00 7.916842e+00 6.964087e+00 5.269121e+00 6.537044e+00 4.470553e+00 3.782114e+00 5.734429e+00 6.396045e+00 4.663540e+00 3.945738e+00 3.513801e+00 3.049526e+00 3.523116e-01 1.254012e+00 9.087340e-01 7.356384e-01 1.160747e+00 8.004346e-01 8.302309e-01 1.240757e+00 1.159373e+00 7.646093e-01 7.516332e-01 7.902167e-01 4.424234e-01
<GCONST> 1.428641e+02
<TRANSP> 6
 0.000000e+00 1.000000e+00 0.000000e+00 0.000000e+00 0.000000e+00 0.000000e+00
 0.000000e+00 9.304163e-01 6.958365e-02 0.000000e+00 0.000000e+00 0.000000e+00
 0.000000e+00 0.000000e+00 9.297532e-01 7.024680e-02 0.000000e+00 0.000000e+00
 0.000000e+00 0.000000e+00 0.000000e+00 9.317231e-01 6.827690e-02 0.000000e+00
 0.000000e+00 0.000000e+00 0.000000e+00 0.000000e+00 9.411667e-01 5.883330e-02
 0.000000e+00 0.000000e+00 0.000000e+00 0.000000e+00 0.000000e+00 0.000000e+00
<ENDHMM>
