~o
<STREAMINFO> 1 39
<VECSIZE> 39<NULLD><MFCC_D_A_0><DIAGC>
~h "sembilan"
<BEGINHMM>
<NUMSTATES> 6
<STATE> 2
<MEAN> 39
 -8.075130e+00 -9.287636e+00 -6.390962e-01 5.434166e+00 -3.119885e+00 7.855098e-01 -3.728243e+00 -2.702401e+00 -3.472181e+00 -2.934649e+00 4.184906e+00 1.918752e+00 5.295195e+01 1.519532e+00 2.456372e+00 -7.911239e-01 1.005176e+00 1.547829e+00 -6.962146e-02 1.885992e-01 8.817019e-01 6.028249e-01 -1.449199e-02 -4.330321e-01 -1.948065e-01 -2.511626e-01 2.472262e-01 1.674224e-01 1.746268e-01 3.497841e-02 7.350234e-02 3.812192e-02 -5.473036e-02 7.699874e-02 4.336345e-02 -8.973389e-02 -2.494375e-01 -2.124719e-01 1.496592e-01
<VARIANCE> 39
 6.176339e+01 1.359501e+02 9.153551e+01 8.728358e+01 1.298925e+02 6.128638e+01 6.419985e+01 6.508218e+01 4.313572e+01 3.054814e+01 2.380127e+01 2.044137e+01 8.833678e+01 3.420408e+00 1.301714e+01 8.179310e+00 6.125896e+00 1.418560e+01 7.643380e+00 5.309184e+00 8.374966e+00 4.123685e+00 4.835426e+00 3.856413e+00 3.845114e+00 2.684462e+00 2.942112e-01 1.615319e+00 1.517482e+00 8.261496e-01 1.915724e+00 1.324759e+00 9.889870e-01 1.495396e+00 6.614619e-01 1.046723e+00 7.334889e-01 5.760064e-01 4.679064e-01
<GCONST> 1.465545e+02
<STATE> 3
<MEAN> 39
 6.179145e+00 5.753895e+00 -2.969498e+00 1.562012e+01 8.784305e+00 -2.066493e+00 -4.523365e+00 3.423497e+00 -5.168693e-01 -6.697419e+00 -2.145470e+00 6.812987e-01 5.106309e+01 2.955604e-01 -4.035679e-01 4.471128e-01 1.961443e-02 -6.204988e-01 3.232102e-01 -1.279306e-01 -5.857272e-01 6.135369e-04 -2.935767e-01 -5.017411e-02 3.884251e-01 4.341551e-01 -1.231447e-01 -2.294417e-01 6.366131e-02 -1.634574e-01 -2.928201e-01 1.324936e-01 1.115970e-03 -1.538619e-01 6.562455e-02 4.193155e-02 1.210018e-01 1.761350e-01 1.409214e-02
<VARIANCE> 39
 6.458862e+00 5.606578e+01 2.899497e+01 2.498643e+01 4.149903e+01 3.003174e+01 3.778728e+01 4.196351e+01 4.278340e+01 2.511259e+01 2.655299e+01 3.830807e+01 1.374044e+01 7.251399e-01 3.996966e+00 3.728065e+00 3.065016e+00 4.075398e+00 5.736763e+00 3.408517e+00 3.226099e+00 5.264123e+00 2.279780e+00 3.129471e+00 3.482704e+00 7.227493e-01 1.639199e-01 5.091259e-01 6.627740e-01 5.120397e-01 6.146312e-01 1.156073e+00 6.318840e-01 6.303762e-01 9.573575e-01 4.554100e-01 5.110404e-01 4.884444e-01 1.110625e-01
<GCONST> 1.195325e+02
<STATE> 4
<MEAN> 39
 1.187822e+00 4.412478e+00 3.966783e+00 1.018976e+01 -2.363209e+00 4.432228e+00 -2.136019e+00 -8.092560e+00 8.196389e-02 -5.565975e+00 -1.337868e+00 5.973557e+00 6.453337e+01 -6.280593e-02 2.671129e-02 9.414330e-03 -2.713126e-01 -2.236963e-01 2.694761e-01 1.067896e-01 7.353763e-02 3.256040e-01 3.895939e-02 -2.026058e-03 2.836983e-01 -9.580334e-02 -6.925619e-02 6.092208e-02 -9.291215e-02 9.253639e-02 2.451650e-01 -1.415123e-01 1.795657e-02 1.574761e-01 -1.220619e-01 5.151075e-03 2.276176e-02 -8.903176e-02 -8.296045e-02
<VARIANCE> 39
 3.127313e+01 7.107710e+01 2.402076e+01 3.084335e+01 7.221618e+01 2.307504e+01 3.488560e+01 3.246891e+01 4.782276e+01 2.897541e+01 2.120212e+01 9.201979e+01 4.753525e+01 5.441202e-01 1.509205e+00 1.981419e+00 2.010843e+00 3.134479e+00 2.042938e+00 2.830315e+00 1.634717e+00 2.699217e+00 1.825339e+00 1.571698e+00 2.888934e+00 6.846772e-01 9.287497e-02 2.572088e-01 3.604417e-01 3.289568e-01 5.564014e-01 4.560626e-01 6.055449e-01 3.165801e-01 5.279179e-01 3.367210e-01 3.033328e-01 4.620454e-01 9.898108e-02
<GCONST> 1.115219e+02
<STATE> 5
<MEAN> 39
 2.061370e+00 6.710968e+00 5.962651e-01 9.675100e+00 4.385881e+00 1.764560e+00 -2.985791e+00 6.095773e+00 3.988858e+00 -7.794235e+00 -3.593528e+00 4.487401e+00 4.951158e+01 -2.982244e-01 9.805606e-02 -2.855503e-02 -9.338987e-02 8.443962e-02 -1.722603e-01 -7.568663e-02 1.262853e-01 -1.415625e-01 -7.745704e-02 2.049588e-02 -2.817247e-01 -2.131712e-01 4.117473e-02 -7.069074e-02 4.665839e-03 -3.678828e-02 -1.031097e-01 7.576530e-02 1.341523e-02 -1.019434e-01 3.485721e-02 1.614804e-02 8.781723e-03 4.234752e-02 6.271619e-02
<VARIANCE> 39
 4.601796e+01 7.479230e+01 4.104599e+01 5.111654e+01 7.624703e+01 5.023019e+01 3.917033e+01 5.449234e+01 3.489093e+01 4.126759e+01 5.707126e+01 5.983678e+01 4.915436e+01 1.341342e+00 5.722517e+00 4.418974e+00 5.587961e+00 8.739029e+00 6.280273e+00 3.516756e+00 5.221130e+00 3.771075e+00 3.408446e+00 4.763263e+00 5.789399e+00 2.120123e+00 1.999184e-01 7.205625e-01 7.428603e-01 9.567610e-01 1.075483e+00 1.110036e+00 7.615682e-01 8.749194e-01 8.437638e-01 6.962923e-01 7.770835e-01 8.685912e-01 2.682196e-01
<GCONST> 1.367229e+02
<TRANSP> 6
 0.000000e+00 1.000000e+00 0.000000e+00 0.000000e+00 0.000000e+00 0.000000e+00
 0.000000e+00 8.460523e-01 1.154591e-01 3.848853e-02 0.000000e+00 0.000000e+00
 0.000000e+00 0.000000e+00 9.430841e-01 5.691589e-02 0.000000e+00 0.000000e+00
 0.000000e+00 0.000000e+00 0.000000e+00 9.383028e-01 5.346895e-02 8.228215e-03
 0.000000e+00 0.000000e+00 0.000000e+00 0.000000e+00 9.440663e-01 5.593374e-02
 0.000000e+00 0.000000e+00 0.000000e+00 0.000000e+00 0.000000e+00 0.000000e+00
<ENDHMM>
