~o
<STREAMINFO> 1 39
<VECSIZE> 39<NULLD><MFCC_D_A_0><DIAGC>
~h "sepuluh"
<BEGINHMM>
<NUMSTATES> 6
<STATE> 2
<MEAN> 39
 -4.319345e+00 -6.225865e+00 1.259587e+01 -1.431448e+01 -1.657099e+00 -1.528066e+01 1.347233e+01 -1.096813e+01 -1.008623e+00 -9.163240e+00 -7.011247e-01 -2.186505e+00 7.428281e+01 1.435856e-01 -3.856661e-02 -1.623795e-01 5.484908e-02 -2.022529e-02 -1.120755e-01 -1.075176e-01 1.285033e-01 3.574137e-02 -6.394482e-02 -6.455322e-02 7.252289e-02 -1.328990e-01 1.468147e-02 9.008824e-02 -6.815131e-02 4.972003e-02 5.455212e-02 5.180267e-02 -5.250170e-02 -9.613873e-03 4.115561e-02 2.207304e-02 -9.190686e-03 -1.878782e-02 -8.690856e-02
<VARIANCE> 39
 1.018380e+02 4.567776e+01 4.108657e+01 8.263187e+01 1.686042e+02 1.457121e+02 5.573258e+01 5.176593e+01 5.420194e+01 6.373126e+01 8.506366e+01 3.659907e+01 5.216190e+01 3.156937e+00 2.644006e+00 4.555406e+00 3.157569e+00 7.509513e+00 6.752513e+00 3.488638e+00 3.106153e+00 4.465765e+00 3.476014e+00 3.942983e+00 2.798872e+00 3.115043e+00 4.421631e-01 3.831288e-01 6.599961e-01 5.304660e-01 9.564404e-01 1.016963e+00 6.775529e-01 5.748670e-01 8.781602e-01 6.845021e-01 5.943797e-01 6.154266e-01 4.384782e-01
<GCONST> 1.377159e+02
<STATE> 3
<MEAN> 39
 -1.521063e+01 -7.385728e-01 1.866232e+00 -1.020050e+00 -6.169561e-01 2.718558e-01 -7.256756e-01 -3.518572e+00 -1.467246e+00 -2.086523e+00 2.335106e-01 6.818380e-01 6.388729e+01 5.469921e-01 8.390861e-01 -3.952665e-01 1.647973e-01 -2.264086e-02 -9.793644e-02 -8.288342e-02 1.709124e-01 1.785447e-01 -2.035291e-02 -1.112410e-01 -1.970988e-01 -4.501444e-01 1.984956e-01 6.873085e-02 1.518880e-01 3.513669e-02 -9.794276e-02 -2.043104e-01 -1.028916e-01 1.023282e-02 -4.695353e-02 -2.578616e-02 6.545698e-03 -1.576333e-02 1.878791e-01
<VARIANCE> 39
 4.653632e+01 3.671224e+01 3.531841e+01 3.033788e+01 1.849846e+01 2.467418e+01 3.601221e+01 2.368125e+01 2.032233e+01 2.130913e+01 1.763586e+01 1.897947e+01 4.884995e+01 4.547180e+00 3.545215e+00 2.625034e+00 1.969867e+00 1.378959e+00 1.993472e+00 1.901132e+00 1.696683e+00 1.837359e+00 1.350788e+00 1.547224e+00 1.331489e+00 2.640752e+00 8.449244e-01 5.248272e-01 4.874711e-01 3.522837e-01 2.794903e-01 4.534929e-01 4.598983e-01 3.852222e-01 3.986990e-01 2.618717e-01 2.619612e-01 1.886931e-01 2.583354e-01
<GCONST> 1.109592e+02
<STATE> 4
<MEAN> 39
 -2.087333e-01 5.224257e+00 -4.066865e-01 2.575439e+00 -3.169744e+00 -3.623826e+00 -3.395351e+00 4.204226e+00 2.789059e+00 -8.521864e+00 -4.163800e+00 8.570468e-01 5.427023e+01 5.211676e-01 4.415347e-01 7.683914e-02 9.998770e-03 -3.124811e-01 -5.295142e-01 -2.636329e-01 1.556260e-01 4.575367e-04 -1.770138e-01 -6.853913e-02 -1.253243e-02 2.241787e-01 -1.060949e-01 -1.013847e-01 -5.502174e-02 -1.358559e-02 2.339639e-02 6.362489e-02 6.456931e-02 1.831113e-02 3.215485e-03 -2.566903e-02 -1.517359e-02 -9.705448e-03 -5.443862e-02
<VARIANCE> 39
 6.282980e+01 8.352850e+01 6.943872e+01 4.522039e+01 8.049144e+01 6.992645e+01 5.782114e+01 6.776276e+01 9.965746e+01 5.758271e+01 4.687000e+01 3.729475e+01 1.176386e+02 3.844534e+00 5.460383e+00 6.700415e+00 4.086002e+00 7.929170e+00 6.859643e+00 4.736289e+00 4.063208e+00 6.137587e+00 4.704552e+00 3.815016e+00 3.112878e+00 2.965902e+00 4.857130e-01 9.670488e-01 1.146953e+00 7.660874e-01 1.265473e+00 1.138635e+00 8.685247e-01 7.108065e-01 1.097957e+00 9.235454e-01 7.595243e-01 5.632122e-01 4.307716e-01
<GCONST> 1.436451e+02
<STATE> 5
<MEAN> 39
 -2.361684e+00 8.057504e+00 5.311539e-01 2.884566e+00 -4.622200e+00 -9.858685e+00 -4.033067e+00 1.104911e+00 -5.615475e-01 -8.274652e+00 -5.299122e+00 -3.620801e+00 6.759968e+01 -3.197114e-01 -2.148647e-01 -1.805479e-01 -7.439540e-02 1.457866e-01 2.692709e-01 1.629035e-01 -3.602931e-02 -4.549220e-02 8.176415e-02 5.563546e-03 4.120543e-02 -2.280472e-01 -2.142454e-02 -1.895007e-02 -1.082622e-02 -1.590914e-02 1.779951e-02 2.558293e-02 -1.137849e-02 -1.733901e-02 4.454964e-03 2.280920e-02 1.665031e-02 1.911695e-02 -1.071327e-02
<VARIANCE> 39
 3.995006e+01 4.863982e+01 4.973758e+01 4.029760e+01 4.772768e+01 5.243348e+01 5.286097e+01 4.701191e+01 4.376676e+01 4.031778e+01 2.924524e+01 2.020942e+01 3.592637e+01 5.333763e-01 7.062528e-01 1.215219e+00 1.272987e+00 1.751791e+00 1.931420e+00 1.397274e+00 1.458009e+00 2.005075e+00 1.371276e+00 1.509377e+00 1.233779e+00 5.316111e-01 5.201829e-02 1.093562e-01 1.590815e-01 2.240487e-01 2.799789e-01 3.433220e-01 2.623357e-01 2.762588e-01 3.414799e-01 2.249076e-01 2.402953e-01 2.022047e-01 5.465062e-02
<GCONST> 1.003584e+02
<TRANSP> 6
 0.000000e+00 6.127429e-01 3.872571e-01 0.000000e+00 0.000000e+00 0.000000e+00
 0.000000e+00 9.521421e-01 2.648668e-02 2.137119e-02 0.000000e+00 0.000000e+00
 0.000000e+00 0.000000e+00 9.238995e-01 7.355903e-02 2.541531e-03 0.000000e+00
 0.000000e+00 0.000000e+00 0.000000e+00 9.341777e-01 3.715680e-02 2.866550e-02
 0.000000e+00 0.000000e+00 0.000000e+00 0.000000e+00 9.736543e-01 2.634564e-02
 0.000000e+00 0.000000e+00 0.000000e+00 0.000000e+00 0.000000e+00 0.000000e+00
<ENDHMM>
