~o
<STREAMINFO> 1 39
<VECSIZE> 39<NULLD><MFCC_D_A_0><DIAGC>
~h "sil"
<BEGINHMM>
<NUMSTATES> 6
<STATE> 2
<MEAN> 39
 -1.217062e+01 3.821985e+00 -6.235810e+00 -3.380110e+00 -3.319488e+00 -9.241970e-01 3.465545e-01 -8.535156e-01 -4.574223e+00 -4.756888e+00 -7.301961e-01 8.148461e-01 3.797553e+01 -1.143903e-01 6.800123e-02 -1.001550e-01 3.847942e-02 9.113010e-02 -4.843608e-02 -5.133057e-02 -2.046427e-02 -5.634585e-03 3.534804e-02 -6.444844e-04 1.611102e-02 -2.279094e-02 9.711049e-03 -2.293629e-02 3.801120e-02 1.327420e-02 -2.553559e-03 4.893027e-03 -2.374010e-02 1.257630e-02 2.978190e-02 1.635421e-02 -4.792571e-03 -2.838202e-03 1.753079e-02
<VARIANCE> 39
 3.197799e+01 4.302725e+01 9.152620e+01 6.009790e+01 4.607487e+01 4.610725e+01 5.592505e+01 5.052851e+01 7.380029e+01 5.506197e+01 4.432315e+01 3.604881e+01 1.277730e+02 1.294001e+00 2.015698e+00 3.043249e+00 3.238423e+00 3.068253e+00 3.872509e+00 3.995630e+00 4.312370e+00 4.672912e+00 4.569227e+00 3.977912e+00 3.538869e+00 2.235958e+00 2.001762e-01 2.843302e-01 4.527394e-01 5.629407e-01 5.814295e-01 7.750684e-01 8.087973e-01 8.718241e-01 9.257589e-01 9.349615e-01 8.183087e-01 7.241030e-01 2.721561e-01
<GCONST> 1.313910e+02
<STATE> 3
<MEAN> 39
 -1.078199e+01 -5.370357e+00 2.167659e+00 -5.481813e+00 7.598154e+00 -2.792643e+00 1.160976e+01 -5.071023e+00 4.110775e+00 -2.416830e+00 6.444841e+00 3.637802e-01 6.143827e+01 -2.249869e-02 6.832083e-02 -4.628763e-02 9.998637e-02 5.414205e-02 6.547366e-03 -4.230338e-02 2.650289e-02 3.095885e-02 -2.702735e-02 -3.668321e-02 -2.767525e-02 -1.063604e-01 -5.987384e-04 8.763492e-03 2.991536e-02 -2.936898e-03 5.453129e-03 -1.027120e-02 1.129781e-02 -1.067730e-02 -1.576436e-03 -1.858069e-02 -3.089513e-03 -1.072030e-02 2.637220e-02
<VARIANCE> 39
 2.922411e+01 5.128329e+01 4.870364e+01 4.943668e+01 5.948547e+01 3.684701e+01 7.207183e+01 3.039417e+01 5.917921e+01 3.048976e+01 3.135430e+01 1.934797e+01 6.235892e+01 4.392899e-01 7.789107e-01 8.558970e-01 1.198471e+00 1.089582e+00 1.155507e+00 1.256072e+00 1.554439e+00 1.544329e+00 1.516451e+00 1.319677e+00 1.154449e+00 5.736309e-01 7.594957e-02 1.145168e-01 1.410733e-01 2.095858e-01 2.045923e-01 2.291801e-01 2.492163e-01 3.039452e-01 2.830861e-01 3.031037e-01 2.512998e-01 2.290847e-01 9.780547e-02
<GCONST> 9.922651e+01
<STATE> 4
<MEAN> 39
 -1.596343e+01 2.273620e+00 -4.348053e+00 -3.849310e-01 -1.358813e+00 -1.109072e+00 -3.230694e-02 -9.802435e-01 -4.673057e-01 -8.846610e-01 -3.254600e-01 -1.315396e+00 5.737393e+01 -2.143763e-02 2.010387e-02 1.155325e-02 2.666605e-02 1.245084e-02 -1.497821e-02 1.440174e-02 2.743273e-02 1.839479e-02 8.916545e-03 -8.253322e-03 -2.002976e-02 -2.140457e-02 4.121477e-03 -1.951520e-03 5.343358e-03 1.323495e-03 1.736656e-03 2.437634e-03 3.124436e-04 -2.146156e-03 -1.009657e-03 -9.163137e-04 1.340823e-03 1.014094e-03 7.824811e-03
<VARIANCE> 39
 3.004609e+00 5.432842e+00 6.748881e+00 8.175315e+00 7.682130e+00 1.602404e+01 1.568356e+01 2.232722e+01 9.620347e+00 1.163132e+01 1.111652e+01 9.641571e+00 2.586150e+01 6.678144e-02 1.342286e-01 2.272592e-01 3.160703e-01 4.297191e-01 5.263534e-01 6.427206e-01 6.757267e-01 6.785457e-01 6.593869e-01 6.369772e-01 5.793681e-01 2.964531e-02 1.288849e-02 2.759811e-02 4.385862e-02 6.398235e-02 9.022073e-02 1.071383e-01 1.331628e-01 1.391719e-01 1.381750e-01 1.358757e-01 1.288706e-01 1.164579e-01 5.586680e-03
<GCONST> 5.100211e+01
<STATE> 5
<MEAN> 39
 -1.212343e+01 -2.121075e-01 7.380936e-01 -6.706254e-01 1.588694e+00 -3.435072e+00 2.187134e+00 -3.830591e+00 3.421811e-02 -3.948070e+00 5.650684e-01 -7.224064e-01 5.735655e+01 6.184373e-01 -1.150482e-01 4.143897e-01 1.298010e-01 3.082796e-02 -3.052031e-01 -1.714057e-01 -3.141728e-01 -2.558488e-01 -3.062555e-01 -8.774778e-02 -7.010327e-02 1.036802e+00 8.832253e-02 -1.209716e-02 1.376052e-02 2.902756e-02 2.018911e-02 -3.092375e-02 -3.302658e-02 -1.130038e-02 -2.797320e-02 -3.335695e-02 -8.875720e-04 9.222806e-03 9.214514e-02
<VARIANCE> 39
 8.202299e+01 7.704592e+01 6.684653e+01 7.183920e+01 7.911057e+01 6.383523e+01 8.746877e+01 6.395466e+01 5.888941e+01 4.279374e+01 3.951389e+01 3.164377e+01 1.929512e+02 3.949082e+00 5.334070e+00 3.766752e+00 4.057948e+00 4.766747e+00 4.183580e+00 3.837464e+00 4.274379e+00 4.076451e+00 3.134442e+00 3.372277e+00 2.761448e+00 4.918308e+00 6.195142e-01 9.576131e-01 6.933556e-01 6.671090e-01 8.162820e-01 7.965343e-01 7.207890e-01 7.977096e-01 7.319656e-01 5.856176e-01 6.192484e-01 5.226222e-01 8.774602e-01
<GCONST> 1.398415e+02
<TRANSP> 6
 0.000000e+00 3.294186e-01 6.705814e-01 0.000000e+00 0.000000e+00 0.000000e+00
 0.000000e+00 9.588280e-01 4.117203e-02 3.039239e-29 0.000000e+00 0.000000e+00
 0.000000e+00 0.000000e+00 9.051735e-01 6.097451e-02 3.385205e-02 0.000000e+00
 0.000000e+00 0.000000e+00 0.000000e+00 9.782519e-01 1.626155e-02 5.486594e-03
 0.000000e+00 0.000000e+00 0.000000e+00 0.000000e+00 8.944756e-01 1.055245e-01
 0.000000e+00 0.000000e+00 0.000000e+00 0.000000e+00 0.000000e+00 0.000000e+00
<ENDHMM>
