~o
<STREAMINFO> 1 39
<VECSIZE> 39<NULLD><MFCC_D_A_0><DIAGC>
~h "tambah"
<BEGINHMM>
<NUMSTATES> 6
<STATE> 2
<MEAN> 39
 9.344442e-01 5.320373e-01 -3.285594e+00 6.766115e-01 -7.452572e+00 -2.516393e+00 1.389065e-03 3.447308e+00 -8.580958e-01 -6.695539e+00 8.265662e-01 5.495823e+00 5.772394e+01 1.195173e+00 7.921795e-01 -5.329802e-01 6.019550e-01 6.216313e-01 -5.187360e-01 -8.975806e-02 1.031501e+00 8.279454e-01 -7.817332e-02 -5.790443e-01 -5.865777e-01 2.988657e-01 -2.466165e-01 2.234860e-01 1.645227e-01 2.478662e-01 3.790439e-01 1.772326e-01 -3.882933e-02 -3.577319e-02 1.248900e-01 1.331766e-01 -2.578392e-01 -4.324895e-01 -2.831542e-01
<VARIANCE> 39
 4.195793e+01 6.150449e+01 2.511687e+01 3.162916e+01 3.702206e+01 4.195235e+01 4.701907e+01 6.206296e+01 3.073162e+01 2.799539e+01 2.525121e+01 3.370552e+01 1.577365e+02 2.475363e+00 1.051093e+01 2.767985e+00 3.733205e+00 7.237836e+00 4.718029e+00 6.798284e+00 6.069310e+00 4.660551e+00 4.388853e+00 4.354147e+00 5.896500e+00 4.868974e+00 4.060457e-01 1.865847e+00 5.630469e-01 7.006906e-01 1.175198e+00 1.152938e+00 1.421943e+00 1.237527e+00 8.933025e-01 8.346872e-01 6.463400e-01 8.042256e-01 7.961063e-01
<GCONST> 1.392789e+02
<STATE> 3
<MEAN> 39
 1.666764e+00 1.407650e+01 -1.041318e+00 9.354527e+00 5.870114e+00 1.653278e-01 -1.949905e+00 4.416335e+00 7.848952e+00 -3.421497e+00 -1.121090e+01 -8.776031e+00 5.782375e+01 -1.411914e-01 6.826005e-01 4.564601e-01 1.374669e-01 2.240442e-01 2.867030e-01 -2.440543e-01 -3.494890e-01 8.953515e-02 -5.495938e-03 -5.660116e-01 -6.187974e-01 -3.813362e-01 1.989158e-01 -3.504663e-01 -6.591135e-02 -4.842893e-01 -7.848305e-01 -1.682928e-01 1.116809e-01 -7.843109e-02 -3.390025e-01 -2.775682e-01 5.459465e-01 9.070763e-01 3.225366e-01
<VARIANCE> 39
 1.167693e+01 8.802966e+00 1.382878e+01 6.688226e+00 1.960172e+01 1.317863e+01 9.458623e+00 9.534381e+01 2.941210e+01 1.211159e+01 2.871539e+01 1.522704e+01 8.787803e+01 3.562888e-01 5.745320e-01 6.465248e-01 2.182641e+00 5.319848e+00 2.101327e+00 1.256248e+00 1.147563e+00 2.858821e+00 1.516430e+00 4.342309e+00 6.224917e+00 4.466294e-01 6.037216e-02 1.696688e-01 1.690959e-01 2.075270e-01 3.528002e-01 3.981640e-01 2.618690e-01 2.714410e-01 3.868585e-01 3.191313e-01 3.785782e-01 4.823456e-01 6.809203e-02
<GCONST> 9.610658e+01
<STATE> 4
<MEAN> 39
 5.126175e+00 6.328836e+00 7.246143e-01 2.856944e+00 -7.609549e+00 5.829685e-01 -2.415107e+00 2.401282e+00 5.047754e+00 -1.113037e+01 -3.478160e+00 8.183118e+00 6.129369e+01 -4.398102e-02 -2.103484e+00 7.039053e-02 -3.609441e-01 -1.068449e+00 9.583518e-01 6.028123e-01 -1.291052e-01 -3.124642e-01 -6.957435e-01 1.720183e+00 2.480504e+00 8.363872e-01 -3.022427e-01 6.472867e-02 -9.793481e-02 4.605869e-01 7.062368e-01 9.872476e-02 4.090924e-01 2.510865e-01 -5.681657e-02 5.448797e-01 -4.039346e-02 -7.628641e-01 -2.790509e-01
<VARIANCE> 39
 1.520920e+01 5.283847e+01 1.654547e+01 2.010884e+01 3.004541e+01 6.419767e+01 1.918711e+01 9.331723e+01 3.328190e+01 2.572209e+01 2.585273e+01 4.930685e+01 8.821124e+01 1.708018e+00 2.080351e+00 2.878695e+00 2.908734e+00 7.331733e+00 6.096103e+00 3.948433e+00 2.504289e+00 4.012488e+00 3.984954e+00 1.827411e+00 6.970258e+00 1.762062e+00 2.203308e-01 6.247375e-01 7.041963e-01 2.884701e-01 6.568509e-01 1.546143e+00 5.956554e-01 4.671468e-01 1.038836e+00 5.088680e-01 3.349189e-01 8.325996e-01 2.588859e-01
<GCONST> 1.248716e+02
<STATE> 5
<MEAN> 39
 -3.641320e+00 -2.288484e-01 -1.872957e-01 6.998311e+00 -2.756006e+00 2.028898e+00 7.063603e+00 3.369310e+00 -2.722771e+00 -3.699213e+00 4.232553e+00 5.797573e+00 5.786399e+01 -8.197004e-01 8.010076e-03 2.669095e-02 1.292672e-01 4.296385e-01 -3.663042e-01 4.938225e-02 -3.062455e-01 -5.303751e-01 5.177968e-01 -6.210257e-02 -7.077925e-01 -4.802830e-01 1.171696e-01 1.112193e-01 6.741343e-02 -8.690561e-02 -1.019836e-01 -4.397401e-03 -3.276184e-01 -1.613404e-01 1.726171e-01 -2.175372e-01 -2.090892e-01 9.178799e-02 5.388430e-02
<VARIANCE> 39
 5.345298e+01 8.191326e+01 6.982639e+01 4.313120e+01 3.653632e+01 7.906353e+01 6.145242e+01 1.205925e+02 4.363546e+01 3.519974e+01 4.124053e+01 2.988485e+01 1.259841e+02 1.859612e+00 5.220149e+00 4.819358e+00 3.597858e+00 3.343202e+00 4.947361e+00 5.671608e+00 3.647297e+00 5.184293e+00 4.841547e+00 3.324177e+00 2.970718e+00 1.619103e+00 2.455666e-01 6.957720e-01 7.482497e-01 5.185156e-01 5.837282e-01 9.053299e-01 7.466223e-01 5.951790e-01 8.011200e-01 8.436465e-01 5.674956e-01 5.284857e-01 2.538848e-01
<GCONST> 1.340674e+02
<TRANSP> 6
 0.000000e+00 9.000950e-01 9.990494e-02 0.000000e+00 0.000000e+00 0.000000e+00
 0.000000e+00 8.937491e-01 1.062510e-01 0.000000e+00 0.000000e+00 0.000000e+00
 0.000000e+00 0.000000e+00 8.797440e-01 1.202560e-01 0.000000e+00 0.000000e+00
 0.000000e+00 0.000000e+00 0.000000e+00 8.556967e-01 1.443034e-01 0.000000e+00
 0.000000e+00 0.000000e+00 0.000000e+00 0.000000e+00 9.109775e-01 8.902244e-02
 0.000000e+00 0.000000e+00 0.000000e+00 0.000000e+00 0.000000e+00 0.000000e+00
<ENDHMM>
