~o
<STREAMINFO> 1 39
<VECSIZE> 39<NULLD><MFCC_D_A_0><DIAGC>
~h "tiga"
<BEGINHMM>
<NUMSTATES> 6
<STATE> 2
<MEAN> 39
 -2.305467e+00 6.466030e-01 1.321920e+00 8.287057e+00 2.079735e+00 -1.594879e+00 -5.579715e+00 -8.206876e-01 4.783863e-01 -7.748949e+00 3.361906e-01 1.188786e+00 5.579932e+01 4.184867e-01 1.284913e-01 8.741386e-02 2.350979e-01 1.957320e-01 -6.759022e-02 3.695820e-02 4.450124e-02 5.974936e-03 -2.610325e-01 -1.423562e-01 6.091999e-02 3.563705e-01 3.390479e-02 6.188289e-02 1.647122e-02 2.453930e-02 6.371730e-02 -5.660839e-02 -1.573634e-02 1.809348e-02 -3.703696e-02 -1.763618e-02 -5.330225e-02 1.522413e-02 -2.099356e-02
<VARIANCE> 39
 6.533286e+01 7.789413e+01 5.159119e+01 8.844711e+01 7.239990e+01 5.865044e+01 6.905778e+01 8.968665e+01 5.864074e+01 6.726190e+01 3.784639e+01 7.249780e+01 1.214809e+02 3.372525e+00 8.066953e+00 5.389224e+00 6.604775e+00 7.233489e+00 5.225267e+00 6.115066e+00 5.993054e+00 4.925936e+00 5.439493e+00 3.407044e+00 4.518108e+00 6.230181e+00 5.149378e-01 1.521231e+00 9.996576e-01 9.242307e-01 1.147539e+00 9.911955e-01 1.112767e+00 1.170936e+00 9.727723e-01 9.669338e-01 6.530147e-01 7.530461e-01 1.016626e+00
<GCONST> 1.479960e+02
<STATE> 3
<MEAN> 39
 -2.884901e+00 -1.052272e+01 1.297906e+01 -8.501671e+00 9.276867e+00 -2.047479e+01 1.089153e+01 -1.565299e+01 -1.875794e+00 -6.966412e+00 -4.580287e+00 -3.010866e+00 7.822182e+01 1.980439e-01 -2.299745e-02 -2.323465e-01 -2.092209e-01 -3.342767e-01 9.731993e-02 2.312745e-01 2.102662e-02 -2.817084e-01 -3.767954e-02 1.096246e-02 2.863546e-01 -4.488370e-03 -1.580349e-02 4.243089e-03 -3.734736e-02 1.695600e-02 -2.492881e-02 3.090669e-02 -2.240451e-03 5.299637e-02 4.809779e-03 4.031868e-02 3.136644e-02 2.255569e-02 -5.027061e-02
<VARIANCE> 39
 2.735172e+01 5.456957e+01 9.674394e+01 1.139748e+02 8.678373e+01 1.619322e+02 7.234743e+01 8.820132e+01 9.474851e+01 4.365902e+01 9.261565e+01 5.479679e+01 7.430779e+01 1.415247e+00 3.612450e+00 3.512220e+00 5.156537e+00 3.150628e+00 8.479368e+00 4.383944e+00 4.941761e+00 7.861487e+00 4.548929e+00 5.800673e+00 3.735114e+00 5.574349e+00 2.637612e-01 5.064219e-01 5.659111e-01 9.074807e-01 4.912698e-01 1.218640e+00 7.623029e-01 8.078883e-01 1.403234e+00 9.124852e-01 9.421144e-01 6.610835e-01 7.367398e-01
<GCONST> 1.428239e+02
<STATE> 4
<MEAN> 39
 -5.327146e+00 2.873995e+00 4.996726e+00 1.381745e+01 7.306306e+00 -5.617723e+00 -7.088853e+00 -4.249963e+00 -3.394273e+00 -4.390526e+00 -4.316001e-01 -2.308886e+00 6.852222e+01 4.707713e-01 6.088131e-02 -2.534633e-01 -3.490113e-01 -1.407320e-01 -2.303800e-01 -1.682907e-01 -1.923802e-01 -3.073865e-01 -1.163086e-01 3.108849e-01 4.027953e-01 3.409220e-01 -3.772376e-02 -3.476655e-02 -1.380612e-01 -2.164932e-01 -1.855212e-01 2.832682e-02 1.304385e-01 5.545529e-02 4.943357e-02 5.200933e-02 4.900965e-02 8.187712e-02 -3.308977e-02
<VARIANCE> 39
 2.484156e+01 5.003299e+01 4.847206e+01 8.456689e+01 4.402267e+01 4.949831e+01 6.667424e+01 6.466505e+01 3.361381e+01 4.501118e+01 2.617201e+01 2.134111e+01 4.559733e+01 1.890276e+00 2.922313e+00 2.599753e+00 3.878046e+00 3.093253e+00 3.634562e+00 5.266428e+00 2.683266e+00 2.750826e+00 2.059134e+00 2.453184e+00 2.300601e+00 2.233951e+00 2.894202e-01 4.602261e-01 4.376601e-01 5.204226e-01 5.354266e-01 5.418804e-01 9.490820e-01 4.699881e-01 4.940340e-01 3.554228e-01 3.873151e-01 3.462989e-01 3.071147e-01
<GCONST> 1.235310e+02
<STATE> 5
<MEAN> 39
 -9.314847e-01 2.373389e+00 -4.870395e+00 -1.406938e+00 -3.410277e+00 -8.421183e+00 -2.552524e+00 -2.515841e+00 -4.818213e+00 -6.389057e+00 3.551199e+00 4.904072e+00 7.121815e+01 -3.268714e-01 1.252601e-01 -1.269991e-01 -1.926077e-01 -2.066665e-01 2.700399e-01 3.485250e-01 3.443086e-01 2.033321e-01 1.186483e-01 -2.023435e-01 -3.585728e-02 -4.796271e-01 -6.680290e-02 1.823613e-02 6.643673e-02 8.598612e-02 9.103398e-02 5.069926e-02 -3.041430e-02 -6.708795e-02 9.894791e-03 -3.230893e-03 -4.209544e-02 -8.448692e-02 -4.522880e-02
<VARIANCE> 39
 4.039010e+01 5.053048e+01 6.514190e+01 4.788643e+01 3.513620e+01 5.445109e+01 4.753502e+01 4.363139e+01 3.161247e+01 6.313583e+01 5.440918e+01 3.207716e+01 7.321006e+01 6.716223e-01 7.733474e-01 1.072224e+00 1.231552e+00 1.278974e+00 1.621756e+00 1.775384e+00 1.420846e+00 1.530161e+00 1.721846e+00 1.338805e+00 1.122823e+00 1.019567e+00 8.818974e-02 1.140833e-01 1.676464e-01 1.926302e-01 1.828883e-01 2.544498e-01 2.746802e-01 2.198234e-01 2.759015e-01 3.105150e-01 2.799687e-01 2.270777e-01 1.273411e-01
<GCONST> 1.033877e+02
<TRANSP> 6
 0.000000e+00 8.394838e-01 1.605162e-01 0.000000e+00 0.000000e+00 0.000000e+00
 0.000000e+00 9.162955e-01 6.767171e-03 7.693739e-02 0.000000e+00 0.000000e+00
 0.000000e+00 0.000000e+00 9.709254e-01 1.716692e-02 1.190767e-02 0.000000e+00
 0.000000e+00 0.000000e+00 0.000000e+00 9.141871e-01 4.490601e-02 4.090685e-02
 0.000000e+00 0.000000e+00 0.000000e+00 0.000000e+00 9.451990e-01 5.480099e-02
 0.000000e+00 0.000000e+00 0.000000e+00 0.000000e+00 0.000000e+00 0.000000e+00
<ENDHMM>
