~o
<STREAMINFO> 1 39
<VECSIZE> 39<NULLD><MFCC_D_A_0><DIAGC>
~h "tujuh"
<BEGINHMM>
<NUMSTATES> 6
<STATE> 2
<MEAN> 39
 1.412836e+00 -1.990807e+00 1.866897e+00 1.368680e+01 2.511613e+00 9.431340e-01 -5.219680e+00 3.688204e+00 -1.360246e+00 -1.112169e+01 2.140332e+00 2.607162e+00 5.143693e+01 3.537373e-01 -3.907231e-01 4.874163e-01 4.452830e-01 1.381352e-01 2.774545e-01 -4.486345e-01 -7.317391e-02 2.702947e-01 -2.675516e-01 1.124095e-01 7.574067e-02 4.761760e-01 5.741523e-02 1.026998e-01 -5.884524e-02 -6.863543e-02 8.412471e-02 6.733231e-02 -1.042624e-01 -1.066600e-01 -1.676165e-02 -1.731280e-02 -1.085514e-02 2.717932e-02 -7.475403e-03
<VARIANCE> 39
 2.501959e+01 1.055467e+02 4.886012e+01 7.413792e+01 6.763599e+01 3.710725e+01 6.137638e+01 5.223853e+01 3.679498e+01 5.877213e+01 3.387342e+01 3.346718e+01 3.968722e+01 2.860267e+00 1.623892e+01 5.082038e+00 4.753647e+00 9.078225e+00 4.435265e+00 8.715076e+00 6.532062e+00 4.317749e+00 8.153813e+00 5.144948e+00 3.649419e+00 5.368840e+00 4.721106e-01 3.604079e+00 1.085232e+00 8.910317e-01 1.890632e+00 9.107181e-01 1.564767e+00 1.256514e+00 9.151108e-01 1.570474e+00 1.032865e+00 7.454294e-01 1.045321e+00
<GCONST> 1.468425e+02
<STATE> 3
<MEAN> 39
 -7.626320e+00 3.564385e+00 9.430978e+00 1.946282e+01 1.121848e+01 1.022696e+01 -6.371445e+00 -1.351687e+01 -1.712503e+00 -5.151850e+00 7.968878e-01 -3.379591e+00 6.740132e+01 1.124877e-01 1.491260e-03 3.668983e-01 1.838099e-02 2.304856e-01 6.753730e-01 -4.785189e-01 -5.483544e-01 -4.746073e-01 -3.448664e-01 1.851430e-01 -2.146406e-02 1.828268e-01 7.662711e-02 6.001397e-03 -2.030000e-01 -2.464777e-01 -1.259022e-01 -1.440087e-02 1.519386e-01 1.827392e-02 -1.408055e-01 -1.481215e-01 -2.444104e-02 9.555981e-02 4.666035e-02
<VARIANCE> 39
 2.457095e+01 1.140062e+02 3.873093e+01 2.225634e+01 2.068416e+01 6.650191e+01 8.473154e+01 3.905017e+01 7.607840e+01 3.112083e+01 1.556985e+01 1.905981e+01 1.567907e+01 3.162522e+00 1.385260e+01 4.593095e+00 2.576624e+00 1.854373e+00 5.602763e+00 3.993659e+00 4.249509e+00 8.924958e+00 3.154114e+00 1.704782e+00 1.586041e+00 1.509546e+00 4.340448e-01 2.388144e+00 7.209597e-01 4.517069e-01 3.199291e-01 1.004940e+00 1.083738e+00 8.284724e-01 1.385703e+00 4.672805e-01 3.766839e-01 2.648194e-01 2.545903e-01
<GCONST> 1.276511e+02
<STATE> 4
<MEAN> 39
 1.199408e+00 2.395480e+00 7.361963e+00 1.140781e+01 2.953385e+00 1.043908e+01 -6.527872e+00 -5.467874e+00 -2.311145e+00 -1.591584e+01 -6.014025e-01 3.008377e+00 6.242309e+01 1.531003e-01 9.596879e-01 -4.259801e-01 -1.106180e+00 -9.058083e-01 -2.193732e-01 1.011086e+00 8.716913e-01 3.964045e-01 -4.552351e-01 -8.610581e-01 3.583396e-01 -3.367411e-01 -2.460220e-01 -1.220614e-02 -4.998809e-02 1.609141e-01 -7.510867e-02 -3.437128e-01 2.478534e-01 3.007252e-01 2.174350e-01 2.900930e-01 -1.241895e-01 -1.448047e-01 -2.057383e-01
<VARIANCE> 39
 3.991385e+01 7.509177e+01 1.344929e+01 2.395348e+01 3.878382e+01 2.257279e+01 1.037291e+02 7.391979e+01 5.930972e+01 2.693912e+01 2.624874e+01 3.377941e+01 3.096271e+01 1.397643e+00 1.523572e+00 2.216757e+00 2.574468e+00 3.014208e+00 3.270715e+00 5.215790e+00 4.708688e+00 1.892902e+00 2.333474e+00 2.117383e+00 2.549666e+00 1.144961e+00 1.790553e-01 2.334493e-01 4.163326e-01 5.682667e-01 7.286906e-01 5.413350e-01 8.973330e-01 7.764272e-01 3.465735e-01 5.104352e-01 3.796218e-01 4.603216e-01 1.691691e-01
<GCONST> 1.189064e+02
<STATE> 5
<MEAN> 39
 6.045421e-01 8.605268e+00 -2.189723e+00 4.440751e+00 -3.890295e-01 2.103873e-01 -3.106811e-01 6.973855e+00 2.401019e+00 -1.046599e+01 -5.459348e+00 2.356867e+00 4.908382e+01 -4.796201e-01 3.195333e-01 -6.509709e-01 -3.783169e-01 -1.951822e-01 -6.421890e-01 5.243362e-01 1.356949e-01 -1.141393e-01 8.925297e-01 -6.959850e-02 -2.494712e-01 -5.732002e-01 4.324048e-02 -2.821574e-01 1.713836e-01 -1.265708e-02 -3.936226e-02 2.617336e-01 -1.146776e-01 -2.219788e-01 -9.860211e-02 -5.831969e-02 2.552563e-01 1.505394e-01 1.975453e-01
<VARIANCE> 39
 6.509312e+01 3.674524e+01 5.817876e+01 8.509660e+01 6.777462e+01 3.971487e+01 4.260139e+01 5.537434e+01 5.166962e+01 4.692263e+01 2.604556e+01 4.521407e+01 4.463191e+01 1.877141e+00 4.852146e+00 5.261654e+00 2.859950e+00 5.174849e+00 5.254062e+00 5.658463e+00 5.085802e+00 3.443809e+00 4.794013e+00 4.296678e+00 4.452247e+00 2.869499e+00 3.059385e-01 3.595287e-01 8.639926e-01 4.182238e-01 6.770303e-01 8.793846e-01 9.530432e-01 9.545441e-01 7.081608e-01 7.229172e-01 7.994205e-01 7.169420e-01 3.124063e-01
<GCONST> 1.344554e+02
<TRANSP> 6
 0.000000e+00 7.500024e-01 2.499975e-01 0.000000e+00 0.000000e+00 0.000000e+00
 0.000000e+00 9.457733e-01 4.342372e-25 5.422673e-02 0.000000e+00 0.000000e+00
 0.000000e+00 0.000000e+00 9.388180e-01 6.118205e-02 0.000000e+00 0.000000e+00
 0.000000e+00 0.000000e+00 0.000000e+00 8.727811e-01 1.272189e-01 0.000000e+00
 0.000000e+00 0.000000e+00 0.000000e+00 0.000000e+00 8.765098e-01 1.234902e-01
 0.000000e+00 0.000000e+00 0.000000e+00 0.000000e+00 0.000000e+00 0.000000e+00
<ENDHMM>
