~o
<STREAMINFO> 1 39
<VECSIZE> 39<NULLD><PLP_D_A_0><DIAGC>
~h "bagi"
<BEGINHMM>
<NUMSTATES> 8
<STATE> 2
<MEAN> 39
 -3.874037e-01 -4.119377e-01 -7.270930e-01 -4.364247e-01 -6.934096e-01 -1.036626e+00 -6.630206e-01 -6.109085e-02 -3.219593e-01 -7.470570e-01 -1.957465e-01 3.053833e-02 4.693898e+00 1.995702e-01 -3.706215e-02 -5.343066e-02 -2.489729e-02 -1.047496e-01 -1.344738e-01 -7.719535e-02 3.076187e-02 -1.679754e-02 -8.524048e-02 7.263857e-02 7.040380e-02 1.721227e-01 -2.073962e-02 -5.712954e-02 1.474790e-02 -2.078332e-02 -1.784679e-02 1.389052e-02 2.897441e-03 -1.229854e-02 7.305266e-03 1.673708e-02 4.585774e-02 2.978427e-02 2.492278e-02
<VARIANCE> 39
 6.631674e-01 3.735930e-01 2.838952e-01 4.512215e-01 4.360217e-01 5.040674e-01 2.530347e-01 2.498016e-01 2.373177e-01 3.834115e-01 3.651283e-01 2.736078e-01 9.707497e-01 3.650395e-02 8.846749e-02 4.633698e-02 4.984643e-02 5.636479e-02 8.255437e-02 3.053714e-02 2.355690e-02 2.236389e-02 3.338514e-02 5.732872e-02 5.457779e-02 3.419431e-02 9.360911e-03 1.326414e-02 8.392368e-03 8.839475e-03 1.550175e-02 1.406377e-02 4.505575e-03 4.054212e-03 4.276304e-03 5.610798e-03 6.849269e-03 1.055096e-02 9.773783e-03
<GCONST> -4.418109e+01
<STATE> 3
<MEAN> 39
 -8.138975e-02 -1.091403e+00 -9.091693e-01 -1.115100e+00 -5.584741e-01 -1.771164e+00 -5.228920e-01 -4.329106e-01 -6.600007e-01 -1.549471e-01 6.651626e-01 5.417889e-01 6.170388e+00 -6.664529e-02 5.591434e-02 6.937018e-02 9.949350e-02 8.695897e-02 5.136234e-02 1.691434e-03 -8.672146e-02 -4.866905e-02 1.238056e-03 1.639627e-03 -1.003428e-02 -6.922960e-02 -3.461295e-02 4.147329e-02 4.197713e-02 5.249579e-02 3.721472e-02 2.410111e-02 -3.623846e-03 -7.783118e-03 2.708700e-03 -2.067529e-02 -4.396961e-02 -5.132164e-02 -5.038206e-02
<VARIANCE> 39
 5.842181e-02 8.474085e-01 3.091143e-01 8.735366e-01 4.991984e-01 3.221493e-01 1.059325e+00 2.900452e-01 2.519525e-01 5.811206e-01 3.535722e-01 1.164886e-01 4.985304e-01 6.776731e-03 2.692033e-02 1.906366e-02 1.765298e-02 1.117197e-02 3.482316e-02 2.381434e-02 1.358520e-02 2.659179e-02 1.883336e-02 2.382879e-02 1.622061e-02 1.516685e-02 1.409202e-03 8.772520e-03 2.692943e-03 3.806176e-03 4.460451e-03 8.458863e-03 4.777959e-03 3.689154e-03 6.938353e-03 4.879397e-03 3.600137e-03 4.529670e-03 4.248945e-03
<GCONST> -6.429121e+01
<STATE> 4
<MEAN> 39
 -5.407153e-01 -7.338148e-01 4.300090e-02 -3.367946e-01 9.472998e-02 -1.361409e+00 -4.036953e-01 -7.648109e-01 -5.874275e-01 -7.271200e-01 1.087620e-01 -5.350410e-02 5.205942e+00 -1.141660e-01 -1.917698e-02 1.388076e-01 2.393472e-01 1.860274e-01 -7.328097e-02 -1.248091e-01 3.242934e-02 6.088018e-02 -2.684367e-02 -7.771645e-02 -1.921485e-01 -5.683640e-02 3.618299e-02 -5.766242e-02 -2.638033e-03 -1.021959e-02 -1.561017e-02 -6.735338e-02 -4.392960e-02 1.254517e-02 2.223802e-03 7.598710e-03 -2.638079e-03 1.304814e-02 6.742559e-02
<VARIANCE> 39
 1.556387e-01 5.655932e-01 5.005551e-01 9.386259e-01 5.152076e-01 9.995437e-01 3.848330e-01 6.055399e-01 2.141902e-01 4.899204e-01 2.442270e-01 2.082609e-01 1.032636e+00 1.607383e-02 6.119417e-02 3.318154e-02 1.729935e-02 2.400256e-02 6.943484e-02 2.500376e-02 3.267284e-02 3.858644e-02 4.257488e-02 2.778657e-02 2.474840e-02 4.167681e-02 3.393125e-03 8.991927e-03 6.838266e-03 5.579932e-03 6.152575e-03 1.664407e-02 6.040020e-03 7.184676e-03 8.431827e-03 6.469311e-03 4.736411e-03 6.366395e-03 5.609123e-03
<GCONST> -4.880671e+01
<STATE> 5
<MEAN> 39
 -6.087611e-01 -5.270447e-01 1.098424e-01 5.884688e-01 9.984297e-02 -1.858483e+00 -1.496360e+00 -6.183134e-01 -4.608909e-01 -7.772502e-01 -2.963441e-01 -5.850354e-01 5.637153e+00 3.106104e-04 -7.380427e-02 4.872932e-02 8.296099e-02 3.162245e-02 -4.747695e-02 -1.100617e-01 -2.006148e-02 -4.303196e-02 -9.494096e-03 -1.338330e-02 -3.804537e-02 1.693415e-02 -5.870818e-03 2.428609e-02 -3.294516e-02 -5.895040e-02 -3.328607e-02 4.183275e-02 4.081621e-02 -1.166137e-02 -5.138898e-03 6.842620e-03 1.410659e-02 4.147269e-02 -2.305925e-02
<VARIANCE> 39
 1.058733e-01 4.079386e-01 2.706531e-01 3.211901e-01 1.512752e-01 3.826503e-01 2.180721e-01 8.280735e-02 1.586791e-01 1.582980e-01 2.729836e-01 8.160846e-02 2.622561e-01 1.476069e-02 1.610907e-02 2.256552e-02 2.025464e-02 1.684077e-02 4.460593e-02 3.526839e-02 1.336048e-02 1.480519e-02 8.616401e-03 8.832513e-03 1.354527e-02 1.833816e-02 2.647367e-03 3.040092e-03 3.103559e-03 4.461952e-03 2.655590e-03 2.673197e-03 2.015644e-03 2.246182e-03 3.142198e-03 1.878092e-03 2.151978e-03 2.963571e-03 9.304158e-04
<GCONST> -8.054465e+01
<STATE> 6
<MEAN> 39
 -6.399570e-01 -1.502842e+00 7.265303e-01 -2.178686e-01 5.818554e-01 -2.287374e+00 -9.474916e-01 -9.329712e-01 -6.170535e-01 -7.257386e-01 -2.437266e-02 -2.516745e-01 5.882751e+00 -2.280709e-02 4.173281e-02 -5.865594e-02 -1.522935e-01 -4.559634e-02 1.308475e-01 6.347524e-02 -4.671494e-02 1.648188e-02 1.909102e-02 1.249909e-02 7.206813e-02 -2.825753e-02 -1.968913e-02 2.894125e-02 -3.350306e-02 -4.929657e-02 -2.305024e-02 2.997759e-02 6.732667e-02 1.760268e-02 1.147007e-02 5.481052e-03 -9.730573e-03 1.540655e-02 -2.868237e-02
<VARIANCE> 39
 2.209185e-01 3.118476e-01 7.266781e-01 1.086479e+00 2.570933e-01 2.050856e+00 8.009663e-01 2.915775e-01 2.671849e-01 3.637370e-01 4.397272e-01 1.423457e-01 9.173862e-01 2.985413e-02 3.593664e-02 5.178539e-02 4.549889e-02 2.979223e-02 8.633503e-02 4.216832e-02 2.879026e-02 3.138034e-02 2.524483e-02 2.935933e-02 1.750478e-02 3.248753e-02 4.197362e-03 8.655086e-03 1.059535e-02 8.463619e-03 7.029591e-03 2.377083e-02 9.663471e-03 6.507804e-03 7.714411e-03 5.885639e-03 6.687986e-03 4.047019e-03 8.185507e-03
<GCONST> -4.545907e+01
<STATE> 7
<MEAN> 39
 -1.210022e+00 -6.553861e-01 -3.497007e-01 -4.822957e-01 -2.506088e-01 -1.164144e+00 -7.505566e-01 -7.789595e-01 -4.928749e-01 -4.848039e-01 2.522225e-03 3.301166e-02 5.145031e+00 2.436804e-03 2.992543e-02 -4.219094e-02 -1.061947e-01 -7.020175e-02 5.617527e-03 9.151945e-02 3.715030e-02 3.019921e-02 1.906882e-02 -3.184407e-03 3.885918e-02 -1.456566e-02 3.292594e-02 -7.020333e-03 1.557760e-02 3.585662e-02 5.625842e-03 -2.875966e-02 -2.686981e-02 5.847182e-03 -6.286215e-03 -9.230303e-03 -2.178741e-03 -2.271833e-02 2.141919e-02
<VARIANCE> 39
 5.119064e-01 3.836294e-01 4.600313e-01 1.022221e+00 5.512845e-01 4.872806e-01 3.582435e-01 2.052822e-01 1.583611e-01 1.819440e-01 1.955117e-01 9.233673e-02 6.324192e-01 5.370954e-02 3.017980e-02 3.226709e-02 3.982462e-02 2.339425e-02 4.358149e-02 3.015657e-02 1.395706e-02 2.151263e-02 1.790702e-02 2.705903e-02 1.402236e-02 2.376993e-02 8.454897e-03 5.181835e-03 4.791531e-03 5.181562e-03 3.739841e-03 7.552377e-03 4.456759e-03 3.472637e-03 3.735562e-03 2.661362e-03 3.866235e-03 1.777010e-03 4.191943e-03
<GCONST> -6.094156e+01
<TRANSP> 8
 0.000000e+00 7.250276e-01 2.749724e-01 0.000000e+00 0.000000e+00 0.000000e+00 0.000000e+00 0.000000e+00
 0.000000e+00 7.966959e-01 2.033041e-01 0.000000e+00 0.000000e+00 0.000000e+00 0.000000e+00 0.000000e+00
 0.000000e+00 0.000000e+00 7.881247e-01 2.118753e-01 0.000000e+00 0.000000e+00 0.000000e+00 0.000000e+00
 0.000000e+00 0.000000e+00 0.000000e+00 7.273657e-01 2.726343e-01 0.000000e+00 0.000000e+00 0.000000e+00
 0.000000e+00 0.000000e+00 0.000000e+00 0.000000e+00 7.239844e-01 2.760156e-01 0.000000e+00 0.000000e+00
 0.000000e+00 0.000000e+00 0.000000e+00 0.000000e+00 0.000000e+00 7.304465e-01 2.695536e-01 0.000000e+00
 0.000000e+00 0.000000e+00 0.000000e+00 0.000000e+00 0.000000e+00 0.000000e+00 7.468864e-01 2.531136e-01
 0.000000e+00 0.000000e+00 0.000000e+00 0.000000e+00 0.000000e+00 0.000000e+00 0.000000e+00 0.000000e+00
<ENDHMM>
