~o
<STREAMINFO> 1 39
<VECSIZE> 39<NULLD><MFCC_D_A_0><DIAGC>
~h "belas"
<BEGINHMM>
<NUMSTATES> 6
<STATE> 2
<MEAN> 39
 2.627262e+00 1.204169e+00 -5.533070e+00 1.581200e+00 -2.593859e+00 -6.258871e+00 -3.113182e+00 -3.506952e+00 -2.442416e+00 -4.814861e+00 1.111374e+00 7.026520e+00 7.342021e+01 4.272611e-02 -2.983364e-01 -2.564901e-02 -3.066530e-01 -2.531583e-01 1.166239e-02 4.372638e-02 -7.950515e-02 8.932258e-02 2.592518e-01 3.732155e-01 2.931170e-01 2.537423e-01 -8.579487e-02 3.379265e-02 1.079671e-01 -4.437804e-03 5.001051e-02 1.001774e-01 4.541310e-02 9.303926e-03 -2.499486e-02 -7.314157e-03 1.000038e-02 -6.288912e-02 -4.866177e-02
<VARIANCE> 39
 1.430555e+01 5.382459e+01 7.527104e+01 7.018041e+01 6.396176e+01 6.449931e+01 3.283831e+01 5.590888e+01 6.250977e+01 5.367479e+01 4.242110e+01 4.526358e+01 5.146116e+01 5.003837e-01 1.309450e+00 1.303019e+00 1.500507e+00 1.876162e+00 2.025840e+00 1.772521e+00 1.549735e+00 2.766638e+00 2.120366e+00 1.621692e+00 1.541902e+00 6.499446e-01 8.741722e-02 1.766843e-01 1.748825e-01 2.275396e-01 2.444212e-01 3.193003e-01 3.126788e-01 2.567247e-01 4.160467e-01 3.652850e-01 2.658213e-01 2.624691e-01 7.410471e-02
<GCONST> 1.075873e+02
<STATE> 3
<MEAN> 39
 -9.754628e+00 -9.866242e+00 1.065874e+01 -2.006344e+01 9.178115e+00 -1.195043e+01 1.808190e+01 -1.388460e+01 5.286857e+00 -6.217272e+00 3.741153e+00 -2.264722e+00 8.003805e+01 -2.489079e-01 1.029295e-01 1.083466e-01 -5.781515e-02 1.558734e-01 2.624444e-01 5.802725e-02 2.192224e-01 2.826327e-01 9.803324e-02 2.588934e-01 -8.296837e-02 -2.584618e-01 2.799412e-02 1.248235e-02 1.218646e-02 3.902264e-02 9.563376e-03 -1.678026e-03 -3.204284e-02 -8.674231e-03 -5.108618e-02 -8.829275e-03 -3.452016e-02 8.627069e-03 -2.143562e-02
<VARIANCE> 39
 1.444209e+02 4.923438e+01 8.494222e+01 4.334832e+01 1.396352e+02 8.485291e+01 4.751773e+01 6.342661e+01 7.342914e+01 4.413326e+01 5.941727e+01 4.183519e+01 6.108217e+01 4.721014e+00 2.568291e+00 3.544155e+00 2.736081e+00 4.490248e+00 2.671141e+00 3.987645e+00 3.590007e+00 4.074404e+00 3.287842e+00 3.733477e+00 3.033658e+00 2.150360e+00 5.341155e-01 3.395517e-01 4.095847e-01 4.049235e-01 5.035881e-01 4.034989e-01 6.595219e-01 5.983999e-01 6.258433e-01 5.752596e-01 6.339772e-01 5.368458e-01 3.011045e-01
<GCONST> 1.325364e+02
<STATE> 4
<MEAN> 39
 -6.480183e+00 -4.827309e+00 4.776217e+00 -4.276319e-01 -4.097758e+00 1.438081e+00 -1.821607e+00 -2.547523e+00 -1.680474e+00 -5.143188e+00 2.511749e+00 4.575807e+00 6.183783e+01 -1.033311e+00 -3.187408e-01 4.200358e-01 -4.644716e-01 -1.562907e-01 1.268391e-01 1.075767e-01 -2.658045e-01 -1.472310e-01 1.631790e-01 -3.180825e-02 -3.097684e-01 -1.965825e-01 8.932658e-03 -2.095588e-02 -9.686765e-02 -3.282874e-02 -3.582615e-02 -9.091037e-02 -4.718505e-02 -1.214153e-02 3.652175e-02 -3.103866e-02 -4.179186e-02 2.959933e-02 3.251173e-02
<VARIANCE> 39
 1.288244e+02 1.138197e+02 8.450839e+01 7.739205e+01 6.544473e+01 7.428883e+01 5.601221e+01 7.020010e+01 6.974491e+01 6.476924e+01 5.925574e+01 5.066116e+01 1.492136e+02 5.504151e+00 5.746173e+00 5.886264e+00 4.308976e+00 4.717704e+00 5.214828e+00 3.368159e+00 3.444390e+00 4.390287e+00 4.021922e+00 3.372165e+00 3.112109e+00 2.312713e+00 5.759982e-01 8.298090e-01 7.880166e-01 7.582594e-01 8.586538e-01 9.068375e-01 6.041484e-01 6.669854e-01 7.771009e-01 7.039839e-01 5.538778e-01 5.107422e-01 3.393320e-01
<GCONST> 1.412930e+02
<STATE> 5
<MEAN> 39
 -1.903253e+01 -4.750975e+00 2.802788e+00 -8.701046e+00 -4.436059e+00 -4.237121e-01 -2.903254e-01 -6.633390e+00 -7.280052e-01 -8.839554e-01 2.443814e+00 1.081040e+00 6.841142e+01 1.334843e-01 1.558027e-01 -3.103399e-01 3.596050e-01 1.230822e-01 1.551559e-01 4.698891e-02 1.853797e-01 2.824223e-02 4.532124e-02 -8.338580e-02 -5.168151e-02 -5.808279e-01 1.378627e-01 6.832501e-02 -6.890843e-02 8.809625e-02 3.611907e-02 5.023751e-03 5.133812e-03 4.284978e-02 -9.137932e-03 -8.463959e-03 3.913442e-03 7.487028e-03 -2.155654e-02
<VARIANCE> 39
 2.759229e+01 3.791553e+01 6.145264e+01 4.787141e+01 3.254668e+01 3.296236e+01 3.746336e+01 1.805499e+01 2.553226e+01 2.527678e+01 1.487119e+01 2.339833e+01 7.955544e+01 8.574711e-01 8.795008e-01 1.173108e+00 1.039742e+00 9.860675e-01 9.809658e-01 1.082693e+00 1.036431e+00 1.167564e+00 9.933099e-01 1.041707e+00 9.048412e-01 7.417237e-01 1.241677e-01 1.247501e-01 1.702643e-01 1.971914e-01 1.877977e-01 2.007125e-01 2.114858e-01 2.161149e-01 2.183411e-01 2.094301e-01 2.045226e-01 1.763996e-01 8.456179e-02
<GCONST> 9.379606e+01
<TRANSP> 6
 0.000000e+00 7.967094e-01 2.032906e-01 0.000000e+00 0.000000e+00 0.000000e+00
 0.000000e+00 9.266757e-01 2.374902e-03 7.094939e-02 0.000000e+00 0.000000e+00
 0.000000e+00 0.000000e+00 9.701806e-01 2.981944e-02 0.000000e+00 0.000000e+00
 0.000000e+00 0.000000e+00 0.000000e+00 9.241163e-01 3.962154e-02 3.626216e-02
 0.000000e+00 0.000000e+00 0.000000e+00 0.000000e+00 9.492851e-01 5.071483e-02
 0.000000e+00 0.000000e+00 0.000000e+00 0.000000e+00 0.000000e+00 0.000000e+00
<ENDHMM>
