~o
<STREAMINFO> 1 39
<VECSIZE> 39<NULLD><MFCC_D_A_0><DIAGC>
~h "dua"
<BEGINHMM>
<NUMSTATES> 6
<STATE> 2
<MEAN> 39
 -1.917421e+00 6.157301e+00 -5.809852e-01 9.061308e+00 7.834366e+00 3.410331e+00 -5.449796e+00 3.840402e+00 4.933646e+00 -5.463662e+00 -4.027590e+00 1.770817e+00 5.353362e+01 1.169591e+00 -6.319214e-02 3.316763e-01 -4.664556e-01 -2.807822e-01 2.402605e-01 -1.114635e+00 1.387857e-01 6.509791e-01 -1.491102e+00 -9.079608e-01 -3.774600e-02 1.026369e+00 -1.150803e-01 -5.548910e-02 2.149688e-01 -1.954703e-01 -4.662675e-01 -1.718984e-01 -2.079725e-03 2.436623e-01 1.704260e-01 -1.286895e-01 2.969974e-04 -3.644244e-02 -1.230426e-02
<VARIANCE> 39
 5.307452e+01 7.140799e+01 3.942398e+01 3.411572e+01 6.278119e+01 5.117583e+01 8.523457e+01 4.512525e+01 8.174559e+01 8.035551e+01 4.790003e+01 3.781889e+01 1.125951e+02 2.584043e+00 6.143440e+00 6.653960e+00 4.200383e+00 7.266930e+00 4.579991e+00 8.396051e+00 4.841625e+00 7.768410e+00 7.479408e+00 4.716906e+00 4.255408e+00 2.362901e+00 3.969015e-01 1.236893e+00 1.330454e+00 6.142063e-01 9.809491e-01 9.977453e-01 1.877086e+00 9.376109e-01 1.459395e+00 1.539749e+00 1.109182e+00 6.771606e-01 4.370385e-01
<GCONST> 1.450198e+02
<STATE> 3
<MEAN> 39
 3.896353e+00 6.034658e+00 5.053055e+00 2.499921e+00 -4.982791e+00 -7.241539e-01 -1.159020e+01 6.808344e+00 1.189052e+01 -1.264403e+01 -7.719554e+00 3.021993e+00 6.219346e+01 2.432141e-01 -3.278116e-01 -9.357559e-02 -2.844383e-01 -1.115080e+00 -9.432540e-01 1.731016e-02 2.143602e-01 1.889102e-01 2.974921e-01 1.507644e-01 3.682664e-01 3.009000e-01 -2.124387e-02 1.656160e-03 -2.892125e-01 1.620323e-01 3.265679e-01 -7.365206e-02 1.346699e-01 -8.392082e-02 -2.769909e-01 2.431520e-01 1.363995e-01 -6.486358e-03 -7.980215e-02
<VARIANCE> 39
 1.800938e+01 4.153849e+01 4.097389e+01 1.978788e+01 7.581374e+01 3.707721e+01 3.658749e+01 4.095029e+01 6.454711e+01 8.999540e+01 2.714821e+01 6.982310e+01 6.260199e+01 3.223669e-01 1.850176e+00 1.704750e+00 1.628952e+00 2.254230e+00 2.137481e+00 2.671840e+00 2.360550e+00 2.302676e+00 2.428431e+00 1.861099e+00 2.375072e+00 5.749099e-01 5.701499e-02 2.969642e-01 2.315435e-01 2.644408e-01 3.810546e-01 3.318045e-01 3.855736e-01 4.700482e-01 4.205844e-01 5.799494e-01 3.981015e-01 5.332735e-01 9.631307e-02
<GCONST> 1.112214e+02
<STATE> 4
<MEAN> 39
 2.296484e+00 -3.776355e+00 -1.299940e+01 -2.285588e+00 -1.765734e+00 -1.238518e+01 -7.555621e+00 9.003430e+00 2.696392e+00 1.909700e-01 2.082703e+00 5.195596e+00 7.405604e+01 -2.764651e-01 -5.972279e-03 -3.958285e-01 -1.655855e-01 -7.884698e-02 2.727348e-01 6.077670e-01 6.894583e-02 -1.279679e-01 3.055040e-02 2.014891e-01 3.074214e-01 -3.065783e-01 -7.343663e-02 1.047892e-01 1.228989e-01 6.116545e-02 4.512672e-02 1.514466e-01 3.760530e-02 -4.479323e-02 4.522247e-02 2.504381e-03 -5.085227e-02 -9.919000e-02 -8.607923e-02
<VARIANCE> 39
 1.344313e+01 2.943189e+01 4.608259e+01 1.463308e+01 1.466685e+01 5.292695e+01 3.742836e+01 2.381579e+01 1.873625e+01 2.765550e+01 2.056352e+01 2.063288e+01 2.246435e+01 3.879370e-01 1.240905e+00 1.077585e+00 6.548729e-01 6.078020e-01 1.489589e+00 1.287222e+00 1.330131e+00 1.274734e+00 1.247385e+00 1.533345e+00 1.153694e+00 6.454458e-01 3.076008e-02 1.081649e-01 1.083126e-01 1.085330e-01 1.129622e-01 2.390563e-01 2.743005e-01 2.369645e-01 2.230545e-01 2.240284e-01 2.548573e-01 1.766701e-01 4.209230e-02
<GCONST> 8.722752e+01
<STATE> 5
<MEAN> 39
 3.703880e-01 8.818617e+00 -1.350195e+00 4.794058e+00 -2.749767e+00 -3.292283e+00 -3.508649e-02 7.602217e+00 3.310504e+00 -8.416043e+00 -5.411999e+00 2.991137e+00 5.200109e+01 -6.270175e-01 3.457791e-01 -2.444087e-01 1.925875e-01 7.506062e-01 -4.345561e-02 5.209858e-01 -1.274289e-01 -8.326802e-01 7.447674e-01 2.054958e-01 -6.652228e-01 -6.473960e-01 4.733335e-02 -9.293248e-02 1.293804e-01 -1.244228e-01 -1.128610e-01 1.485649e-01 -2.226100e-01 -1.045011e-01 1.660568e-01 -1.327277e-01 -2.018696e-02 7.393223e-02 1.020613e-01
<VARIANCE> 39
 5.588855e+01 4.722543e+01 4.656194e+01 4.836494e+01 4.690528e+01 4.995306e+01 4.568740e+01 7.213464e+01 6.124003e+01 4.721148e+01 3.994372e+01 4.523756e+01 8.501633e+01 2.637781e+00 3.937473e+00 3.967089e+00 4.104289e+00 5.287511e+00 4.619546e+00 4.790833e+00 4.182224e+00 5.734292e+00 4.254374e+00 3.441011e+00 4.203208e+00 2.728308e+00 3.793153e-01 5.724151e-01 6.457528e-01 7.049791e-01 8.250896e-01 7.423695e-01 7.437806e-01 6.534410e-01 9.645514e-01 6.155415e-01 6.343578e-01 6.701453e-01 3.029193e-01
<GCONST> 1.351428e+02
<TRANSP> 6
 0.000000e+00 7.641489e-01 2.358511e-01 0.000000e+00 0.000000e+00 0.000000e+00
 0.000000e+00 8.616182e-01 1.383818e-01 0.000000e+00 0.000000e+00 0.000000e+00
 0.000000e+00 0.000000e+00 8.951399e-01 4.369151e-02 6.116864e-02 0.000000e+00
 0.000000e+00 0.000000e+00 0.000000e+00 9.466574e-01 2.131183e-02 3.203083e-02
 0.000000e+00 0.000000e+00 0.000000e+00 0.000000e+00 9.003730e-01 9.962700e-02
 0.000000e+00 0.000000e+00 0.000000e+00 0.000000e+00 0.000000e+00 0.000000e+00
<ENDHMM>
