~o
<STREAMINFO> 1 39
<VECSIZE> 39<NULLD><MFCC_D_A_0><DIAGC>
~h "empat"
<BEGINHMM>
<NUMSTATES> 6
<STATE> 2
<MEAN> 39
 -1.416434e+00 -5.574739e+00 2.646224e+00 -1.000169e+01 2.623014e+00 -1.179946e+01 1.683340e+01 -8.324104e+00 3.104804e+00 -1.033342e+01 -1.933583e+00 -4.587859e+00 7.200304e+01 6.828744e-02 1.571774e-01 6.373814e-02 1.344211e-01 2.358337e-01 1.329224e-01 -1.845231e-01 1.823599e-01 -6.422756e-02 -5.458862e-02 -1.122453e-01 -9.957834e-02 -1.391413e-01 -1.814705e-02 -4.152390e-02 -4.179797e-02 -5.477427e-02 -2.884458e-02 -2.184813e-02 1.917860e-02 -1.727566e-02 5.378132e-02 3.085204e-02 8.926864e-03 1.285838e-02 3.600435e-02
<VARIANCE> 39
 3.083055e+01 7.291867e+01 5.864322e+01 7.327768e+01 8.930407e+01 8.316779e+01 8.475111e+01 8.226180e+01 6.671679e+01 3.581465e+01 7.076688e+01 4.483035e+01 1.159124e+02 2.201661e+00 3.421209e+00 2.660627e+00 2.457840e+00 4.721637e+00 3.205063e+00 2.784607e+00 4.467705e+00 3.776677e+00 2.919719e+00 4.184460e+00 3.095994e+00 5.552400e+00 2.712211e-01 5.041914e-01 4.374304e-01 4.258227e-01 7.516149e-01 5.094872e-01 4.408966e-01 7.123452e-01 6.050271e-01 4.595506e-01 5.779152e-01 4.779175e-01 6.073249e-01
<GCONST> 1.330747e+02
<STATE> 3
<MEAN> 39
 -6.593853e+00 8.535833e+00 5.696454e-01 8.274929e+00 6.117751e+00 1.217636e+00 8.480428e-01 2.941348e+00 2.170040e+00 -3.415777e+00 -6.281391e+00 -5.889496e+00 6.347822e+01 -5.144675e-01 -1.347457e-01 -5.589990e-02 -1.970630e-01 -1.431243e-01 1.479082e-01 1.453080e-01 -8.888551e-02 1.520296e-02 1.718650e-01 1.247986e-01 5.976399e-02 -3.702367e-01 -3.450115e-02 -1.126852e-01 -7.019395e-02 -1.206379e-01 -1.152029e-01 -6.466593e-02 -3.295842e-02 -6.844824e-02 -4.550662e-02 3.761382e-02 1.288869e-01 1.086932e-01 3.565970e-02
<VARIANCE> 39
 2.244877e+01 3.025166e+01 1.985069e+01 2.752366e+01 2.822722e+01 2.963690e+01 2.151399e+01 3.936976e+01 1.802971e+01 1.267992e+01 1.948738e+01 1.957557e+01 2.215280e+01 9.257565e-01 7.782176e-01 7.811626e-01 9.133235e-01 1.051272e+00 9.844611e-01 1.035191e+00 9.394473e-01 1.157916e+00 9.281598e-01 1.091367e+00 1.148850e+00 5.239377e-01 1.946743e-01 1.151247e-01 1.210501e-01 1.367435e-01 1.829899e-01 2.026809e-01 1.816443e-01 1.595208e-01 2.129622e-01 1.774460e-01 1.778667e-01 1.998439e-01 1.636915e-01
<GCONST> 8.828161e+01
<STATE> 4
<MEAN> 39
 -2.160136e+00 4.138053e+00 -1.287714e+00 1.978089e+00 -3.035480e+00 -2.323975e+00 -1.025406e+00 1.345039e-01 1.153340e+00 -5.933308e+00 -2.664385e+00 1.544486e+00 5.891379e+01 5.598977e-01 -1.709584e-01 -2.606376e-01 -3.799742e-01 -4.576487e-01 -3.377084e-01 -1.433215e-01 -7.014330e-02 -7.718043e-04 -1.417848e-01 1.294371e-01 3.565140e-01 6.219084e-01 -1.784333e-02 -2.208006e-02 -1.529012e-02 9.669769e-03 1.963454e-02 1.633258e-02 -4.237921e-03 3.350819e-02 2.039809e-02 -2.431720e-02 -2.188027e-02 1.665501e-03 -1.731179e-02
<VARIANCE> 39
 6.530923e+01 6.370749e+01 3.907863e+01 5.541423e+01 8.045525e+01 6.231154e+01 3.553609e+01 6.846413e+01 6.429832e+01 5.600084e+01 4.231020e+01 6.013969e+01 1.878134e+02 5.874176e+00 5.222489e+00 4.030818e+00 4.617301e+00 6.515240e+00 4.867271e+00 3.179925e+00 4.226334e+00 5.411781e+00 3.677945e+00 4.138288e+00 4.555353e+00 6.603959e+00 8.455320e-01 8.500376e-01 6.794750e-01 8.252966e-01 1.041688e+00 8.839919e-01 6.331897e-01 8.093951e-01 9.302700e-01 6.663585e-01 7.691160e-01 7.372958e-01 8.819824e-01
<GCONST> 1.426605e+02
<STATE> 5
<MEAN> 39
 -2.551427e+00 5.826418e-01 -9.592705e+00 -5.733500e+00 -6.992406e+00 -5.301116e+00 -2.688810e+00 -6.865929e-01 2.103363e+00 -3.949391e+00 -3.278529e-01 5.403514e+00 6.955146e+01 -5.257528e-01 1.812869e-01 1.292559e-01 1.496146e-01 2.999941e-01 2.520668e-01 8.224221e-02 -1.375825e-01 -2.821215e-01 7.026234e-02 8.772109e-02 -1.086330e-01 -5.634634e-01 -3.719074e-02 4.854415e-02 6.630081e-02 4.892566e-02 4.139861e-02 2.162595e-03 8.268109e-03 4.697465e-03 -1.253435e-02 1.352239e-02 -8.469831e-03 -5.467528e-02 -3.240941e-02
<VARIANCE> 39
 4.932910e+01 4.059894e+01 5.580173e+01 3.472703e+01 4.250111e+01 3.252253e+01 1.670758e+01 4.078773e+01 4.749558e+01 3.428205e+01 1.874112e+01 5.593457e+01 6.951664e+01 7.801106e-01 8.305743e-01 1.318573e+00 1.170151e+00 1.176831e+00 1.369745e+00 1.344943e+00 1.482073e+00 1.697925e+00 1.132897e+00 1.140531e+00 1.438979e+00 8.206549e-01 1.047222e-01 1.425032e-01 2.158333e-01 1.857830e-01 1.975807e-01 2.423772e-01 2.555770e-01 2.928629e-01 3.089348e-01 2.265050e-01 2.476782e-01 2.603649e-01 1.058796e-01
<GCONST> 1.006164e+02
<TRANSP> 6
 0.000000e+00 7.026048e-01 2.973952e-01 0.000000e+00 0.000000e+00 0.000000e+00
 0.000000e+00 9.131110e-01 1.962511e-02 6.726383e-02 0.000000e+00 0.000000e+00
 0.000000e+00 0.000000e+00 9.247341e-01 7.526594e-02 0.000000e+00 0.000000e+00
 0.000000e+00 0.000000e+00 0.000000e+00 9.225674e-01 3.602275e-02 4.140986e-02
 0.000000e+00 0.000000e+00 0.000000e+00 0.000000e+00 9.503906e-01 4.960945e-02
 0.000000e+00 0.000000e+00 0.000000e+00 0.000000e+00 0.000000e+00 0.000000e+00
<ENDHMM>
