~o
<STREAMINFO> 1 39
<VECSIZE> 39<NULLD><PLP_D_A_0><DIAGC>
~h "enam"
<BEGINHMM>
<NUMSTATES> 8
<STATE> 2
<MEAN> 39
 -3.031804e-01 -3.064171e-01 -3.749257e-01 -6.184243e-02 2.280513e-01 -1.281582e+00 -6.649246e-01 -8.004783e-01 -4.218926e-01 -6.045178e-01 -5.742522e-01 1.834121e-02 5.082848e+00 9.633331e-02 -7.708956e-03 -3.378634e-02 -2.920485e-02 -2.506991e-02 7.315762e-03 -2.173754e-04 -2.378597e-03 -8.009906e-03 -2.804772e-02 2.849817e-02 3.342471e-02 9.210869e-02 -1.212068e-02 -5.541083e-02 -2.768794e-02 -5.567418e-02 -6.309423e-02 3.046645e-02 5.647435e-02 1.875261e-02 1.242708e-02 1.240331e-02 5.574243e-02 3.618504e-02 1.978370e-02
<VARIANCE> 39
 1.992477e-01 4.916467e-01 3.349679e-01 7.286984e-01 3.367936e-01 8.959506e-01 8.009078e-01 6.297174e-01 2.833991e-01 1.791783e-01 1.728859e-01 1.934681e-01 9.296835e-01 1.925073e-02 3.969802e-02 2.718543e-02 4.472161e-02 4.347856e-02 3.355902e-02 4.996837e-02 1.622505e-02 2.101072e-02 1.313492e-02 4.457730e-02 3.466298e-02 2.065486e-02 2.508066e-03 4.325766e-03 4.331808e-03 5.277981e-03 4.908993e-03 5.254229e-03 6.873044e-03 3.019498e-03 4.538378e-03 2.424261e-03 4.727843e-03 5.377185e-03 2.822986e-03
<GCONST> -5.780684e+01
<STATE> 3
<MEAN> 39
 2.549773e-02 -1.053258e+00 -9.241950e-01 -9.575738e-01 -7.640150e-01 -7.043045e-01 3.014653e-02 -5.749383e-01 -2.120244e-01 -5.441941e-01 3.447612e-01 6.480057e-01 5.805693e+00 3.273153e-02 -1.935343e-01 -1.150007e-01 -2.447139e-01 -2.768458e-01 1.195755e-01 2.738107e-01 9.311061e-02 8.803226e-02 4.713888e-02 1.550221e-01 1.353228e-01 1.545602e-01 -1.942874e-02 7.664330e-02 4.216987e-02 7.873547e-02 6.965609e-02 -5.678596e-02 -4.880371e-02 9.617290e-03 -3.769084e-03 -1.745641e-02 -1.094825e-01 -7.793581e-02 -7.029276e-02
<VARIANCE> 39
 1.115647e-01 6.189053e-01 2.718761e-01 5.577063e-01 4.372514e-01 7.077354e-01 8.141235e-01 7.231168e-01 3.465451e-01 3.840228e-01 2.251874e-01 1.485142e-01 9.179679e-01 5.221060e-03 2.432729e-02 3.856466e-02 3.474110e-02 2.794798e-02 3.573433e-02 2.859021e-02 2.825546e-02 2.169980e-02 1.393227e-02 3.380412e-02 2.893729e-02 9.472940e-03 1.704372e-03 4.680639e-03 4.986372e-03 5.010673e-03 6.481361e-03 7.393332e-03 6.339163e-03 3.953801e-03 4.369172e-03 4.475098e-03 4.746420e-03 6.371172e-03 1.920265e-03
<GCONST> -5.977516e+01
<STATE> 4
<MEAN> 39
 1.246404e-02 -1.240330e+00 -1.163641e+00 -1.334180e+00 -1.025094e+00 -7.808022e-01 5.128222e-01 -3.158473e-01 -1.388964e-01 -5.375403e-01 2.623924e-01 6.245071e-01 6.155674e+00 5.534506e-03 9.512126e-02 4.441527e-02 3.099458e-02 -6.254386e-03 -6.768509e-02 -1.292847e-02 7.448686e-02 4.722703e-03 -7.963208e-02 -1.167776e-01 -9.340841e-02 -6.152083e-02 -1.295331e-02 7.672109e-02 5.222902e-02 8.590692e-02 9.041192e-02 -3.824748e-02 -7.414638e-02 -2.090742e-02 -2.274936e-02 -2.741226e-02 -7.298616e-02 -7.116999e-02 -6.093629e-02
<VARIANCE> 39
 6.467978e-02 6.130416e-01 3.955214e-01 5.642819e-01 4.361879e-01 5.536193e-01 9.065223e-01 1.059696e+00 3.361211e-01 2.112086e-01 1.500638e-01 1.057987e-01 6.880634e-01 1.816324e-03 1.582947e-02 1.174851e-02 1.563875e-02 1.372306e-02 1.610299e-02 1.176042e-02 1.395277e-02 1.226238e-02 1.385568e-02 1.992262e-02 1.442661e-02 5.637594e-03 5.353579e-04 2.883669e-03 4.399923e-03 5.122715e-03 6.944770e-03 4.800182e-03 4.425985e-03 4.845819e-03 3.179785e-03 2.602148e-03 6.135445e-03 4.797932e-03 1.184451e-03
<GCONST> -7.389215e+01
<STATE> 5
<MEAN> 39
 3.309116e-02 -5.373074e-01 -6.089174e-01 -7.933890e-01 -6.358253e-01 -1.182014e+00 1.830578e-01 -2.909219e-01 -1.508334e-01 -8.966267e-01 -5.518388e-01 -7.293354e-02 5.439206e+00 -4.959307e-02 2.200079e-01 1.223326e-01 2.469349e-01 3.052403e-01 -1.077745e-01 -1.232017e-01 -6.093117e-04 -7.125909e-02 -8.864621e-02 -3.007984e-01 -2.956381e-01 -1.892258e-01 -1.737165e-02 -7.695523e-03 -4.775001e-03 2.817759e-03 3.918315e-02 3.798736e-02 -2.021657e-02 -3.198260e-02 -1.919147e-02 1.607616e-02 3.343849e-02 2.033298e-02 -4.978560e-04
<VARIANCE> 39
 6.986857e-02 3.838770e-01 3.559866e-01 7.797369e-01 4.914601e-01 7.998943e-01 8.829263e-01 6.325250e-01 4.767674e-01 2.016517e-01 4.429323e-01 3.668346e-01 9.126078e-01 2.977854e-03 1.008733e-02 3.204751e-02 1.790653e-02 2.347340e-02 3.197967e-02 1.925083e-02 2.818367e-02 2.251003e-02 2.141845e-02 2.698466e-02 2.701530e-02 3.650228e-03 6.638826e-04 2.794932e-03 3.647223e-03 5.943711e-03 7.949113e-03 4.147431e-03 3.610222e-03 3.534496e-03 4.077404e-03 2.964061e-03 9.570606e-03 8.133775e-03 1.120768e-03
<GCONST> -6.515752e+01
<STATE> 6
<MEAN> 39
 -3.885308e-01 4.652957e-02 -4.908980e-01 -5.964153e-02 -4.222834e-03 -7.339249e-01 -3.225385e-01 -2.362109e-01 -3.504066e-01 -8.729402e-01 -7.959369e-01 -4.059396e-01 4.942541e+00 -9.557139e-02 4.967784e-02 4.252109e-02 2.126390e-02 5.047152e-02 2.980407e-02 -3.311704e-02 -4.262834e-02 -3.842097e-02 1.840387e-02 7.268939e-03 -1.056129e-02 -9.461346e-02 -2.019833e-03 -5.993066e-02 -3.584692e-02 -6.175538e-02 -7.582352e-02 -6.770725e-04 1.547537e-02 -6.232129e-03 8.865046e-03 2.434528e-02 6.919672e-02 7.185202e-02 2.427138e-02
<VARIANCE> 39
 1.581450e-01 3.423041e-01 3.032058e-01 3.857870e-01 2.010680e-01 4.978667e-01 4.287334e-01 5.955178e-01 2.642018e-01 2.010830e-01 2.774371e-01 1.764624e-01 6.477571e-01 9.425205e-03 1.400432e-02 1.405939e-02 2.151227e-02 2.657332e-02 1.538381e-02 1.698368e-02 1.423747e-02 1.627094e-02 1.173674e-02 2.509388e-02 1.857457e-02 5.678694e-03 1.298184e-03 2.306774e-03 3.445245e-03 3.447755e-03 4.991224e-03 4.718824e-03 4.093962e-03 3.708427e-03 3.708490e-03 3.034049e-03 5.111367e-03 5.198437e-03 1.298718e-03
<GCONST> -7.239756e+01
<STATE> 7
<MEAN> 39
 -4.746488e-01 -6.803344e-01 -5.218214e-01 -9.935858e-01 -3.942193e-01 -1.254715e+00 -1.185882e-01 -7.276109e-01 -3.735718e-01 -6.829320e-01 -2.051924e-01 2.183123e-01 5.306389e+00 -2.331532e-02 -1.514483e-01 -5.844795e-02 -9.309548e-02 -1.325463e-01 3.196302e-03 -9.465898e-03 -2.226253e-02 4.601825e-02 9.128591e-02 1.467226e-01 1.375975e-01 5.750257e-02 9.765027e-03 3.419397e-04 8.589420e-03 1.526973e-03 -6.325038e-03 -2.717091e-03 1.316798e-02 1.048200e-02 7.572578e-03 3.013574e-03 -9.948201e-03 -1.916330e-02 2.008955e-02
<VARIANCE> 39
 5.197551e-01 6.520317e-01 4.101136e-01 7.236522e-01 7.072972e-01 6.733478e-01 8.160723e-01 4.202305e-01 3.400483e-01 3.740832e-01 3.174847e-01 4.031460e-01 1.208778e+00 2.247339e-02 3.165714e-02 2.611683e-02 2.496023e-02 4.261597e-02 3.120590e-02 3.309419e-02 2.827037e-02 3.153390e-02 2.567303e-02 2.913520e-02 4.033712e-02 2.358967e-02 4.176790e-03 6.830596e-03 4.695505e-03 4.820071e-03 8.319387e-03 4.841539e-03 5.238843e-03 4.145195e-03 5.212447e-03 4.709813e-03 6.367690e-03 8.000412e-03 3.722506e-03
<GCONST> -5.026362e+01
<TRANSP> 8
 0.000000e+00 7.999696e-01 2.000304e-01 0.000000e+00 0.000000e+00 0.000000e+00 0.000000e+00 0.000000e+00
 0.000000e+00 8.405496e-01 1.594503e-01 0.000000e+00 0.000000e+00 0.000000e+00 0.000000e+00 0.000000e+00
 0.000000e+00 0.000000e+00 5.580968e-01 4.252143e-01 1.668891e-02 0.000000e+00 0.000000e+00 0.000000e+00
 0.000000e+00 0.000000e+00 0.000000e+00 6.399736e-01 3.600265e-01 0.000000e+00 0.000000e+00 0.000000e+00
 0.000000e+00 0.000000e+00 0.000000e+00 0.000000e+00 5.785856e-01 4.214145e-01 0.000000e+00 0.000000e+00
 0.000000e+00 0.000000e+00 0.000000e+00 0.000000e+00 0.000000e+00 7.452379e-01 2.547620e-01 0.000000e+00
 0.000000e+00 0.000000e+00 0.000000e+00 0.000000e+00 0.000000e+00 0.000000e+00 7.752376e-01 2.247624e-01
 0.000000e+00 0.000000e+00 0.000000e+00 0.000000e+00 0.000000e+00 0.000000e+00 0.000000e+00 0.000000e+00
<ENDHMM>
