~o
<STREAMINFO> 1 39
<VECSIZE> 39<NULLD><PLP_D_A_0><DIAGC>
~h "kali"
<BEGINHMM>
<NUMSTATES> 8
<STATE> 2
<MEAN> 39
 -6.446584e-01 -1.127335e+00 -9.695440e-01 -1.284698e+00 -9.286790e-01 -7.825780e-01 -2.181265e-01 -5.399002e-01 -2.554227e-01 -3.839427e-01 2.460118e-01 3.468243e-01 5.352999e+00 2.093168e-01 3.076275e-03 -8.307324e-02 3.208474e-02 -4.390711e-02 -3.799422e-02 -2.880663e-02 -6.680990e-03 4.881004e-02 8.166161e-03 -9.386057e-03 7.711311e-03 1.328775e-01 -1.958079e-02 1.333932e-02 3.470344e-03 1.228844e-02 3.941600e-03 -3.456196e-03 -1.073378e-03 -6.007742e-04 3.550760e-03 -1.365235e-02 -1.854201e-03 3.281993e-03 -2.015164e-02
<VARIANCE> 39
 6.830672e-01 3.539979e-01 4.140657e-01 7.399494e-01 5.241742e-01 4.520257e-01 8.368987e-01 2.188978e-01 2.926114e-01 4.687293e-01 1.298406e-01 1.209007e-01 8.886018e-01 3.949253e-02 1.979049e-02 3.664680e-02 5.495758e-02 2.981425e-02 3.461586e-02 4.410284e-02 3.043633e-02 4.769766e-02 2.543435e-02 2.002719e-02 1.380489e-02 2.802123e-02 1.002568e-02 4.379981e-03 5.624897e-03 6.873257e-03 7.082440e-03 6.422168e-03 9.031000e-03 5.075966e-03 9.173975e-03 5.491877e-03 3.726634e-03 2.548235e-03 6.672376e-03
<GCONST> -5.230826e+01
<STATE> 3
<MEAN> 39
 -3.719494e-02 -1.348728e+00 -1.128173e+00 -1.936469e+00 -1.069382e+00 -1.353289e+00 3.632832e-01 -6.850066e-01 5.318149e-02 -3.959641e-01 2.722615e-01 3.182459e-01 6.607694e+00 1.807013e-02 4.350486e-02 7.960444e-02 9.998851e-02 3.326489e-02 -8.855217e-02 -9.025786e-02 -5.724227e-02 -1.306983e-01 -5.994435e-02 3.029111e-03 5.508661e-02 -4.983805e-02 -2.761646e-02 7.236249e-03 4.363001e-02 3.705901e-02 3.642717e-02 -2.921660e-04 -1.516788e-02 -2.832295e-02 -6.072099e-02 -9.073498e-03 -3.727028e-03 -1.493580e-02 -2.418469e-02
<VARIANCE> 39
 2.001948e-02 7.192159e-01 2.169232e-01 1.898499e-01 3.299958e-01 2.102942e-01 9.097040e-01 2.305773e-01 2.818658e-01 1.665176e-01 2.923352e-01 2.130866e-01 1.537153e-01 2.351291e-03 4.240205e-03 1.377837e-02 1.160655e-02 1.409834e-02 1.517690e-02 1.431910e-02 2.470781e-02 3.700823e-02 2.089854e-02 1.493498e-02 1.508652e-02 3.940593e-03 2.093163e-03 1.087520e-03 2.530400e-03 2.239264e-03 2.788559e-03 3.445113e-03 3.519091e-03 4.150521e-03 5.645765e-03 3.602845e-03 3.028342e-03 4.232987e-03 8.357329e-04
<GCONST> -8.235851e+01
<STATE> 4
<MEAN> 39
 -1.517885e-02 -8.785930e-01 -6.769339e-01 -4.259112e-01 -5.116921e-01 -1.443729e+00 -6.015401e-01 -1.014306e+00 -1.033599e+00 -8.154888e-01 2.227610e-01 3.374491e-01 5.627837e+00 -9.047078e-02 -1.234773e-02 1.699710e-01 2.774041e-01 1.943420e-01 -1.090457e-01 -1.526315e-01 -8.758345e-02 -6.764855e-02 1.474254e-02 2.035441e-02 -1.425714e-01 -3.349851e-02 -3.637199e-02 -3.210671e-02 3.627680e-02 -1.679242e-02 -4.600325e-03 -1.861879e-02 -2.007101e-02 4.212127e-02 9.204440e-02 3.828419e-02 -5.683094e-03 -2.348222e-02 2.042545e-02
<VARIANCE> 39
 7.760757e-02 5.067908e-01 4.654014e-01 6.684211e-01 2.464891e-01 4.554104e-01 5.627427e-01 4.022950e-01 2.263743e-01 2.899977e-01 2.161282e-01 1.130439e-01 6.531272e-01 5.873162e-03 1.183323e-02 1.532035e-02 1.361520e-02 1.326135e-02 3.434518e-02 2.231713e-02 2.048742e-02 4.669207e-02 1.365886e-02 2.427074e-02 1.182185e-02 5.146920e-03 2.171659e-03 2.360337e-03 3.830995e-03 4.875700e-03 4.066805e-03 9.466904e-03 5.024882e-03 4.682431e-03 6.069319e-03 3.012577e-03 3.746303e-03 3.475681e-03 1.052732e-03
<GCONST> -7.038337e+01
<STATE> 5
<MEAN> 39
 -5.126557e-01 -1.308894e+00 1.934008e-01 1.097883e-01 1.667779e-01 -2.604162e+00 -9.542040e-01 -1.036219e+00 -7.093183e-01 -3.915336e-01 -1.865439e-02 -2.883672e-01 6.121028e+00 -8.245658e-02 2.007174e-02 7.248485e-02 8.274375e-02 6.724318e-02 -1.832624e-02 -5.477770e-02 2.095686e-02 7.133354e-02 1.921660e-02 -6.808884e-02 -5.902195e-02 -5.809739e-02 -2.378654e-03 3.664345e-02 -5.152854e-02 -8.224314e-02 -4.004059e-02 9.687098e-02 5.594838e-02 -1.395097e-02 -4.303558e-03 -2.409531e-02 3.212757e-04 4.809713e-02 -3.174805e-02
<VARIANCE> 39
 5.057941e-02 5.311510e-01 8.665402e-01 4.583311e-01 1.110291e-01 9.575554e-01 5.613273e-01 4.080641e-01 1.266029e-01 1.847240e-01 4.999058e-01 1.198004e-01 2.483830e-01 1.090121e-02 1.647744e-02 3.437708e-02 2.732306e-02 1.698350e-02 7.920497e-02 2.123370e-02 1.962357e-02 1.997072e-02 1.347560e-02 2.354839e-02 1.584072e-02 1.214841e-02 2.404155e-03 2.251849e-03 3.389256e-03 3.118509e-03 3.602416e-03 8.191458e-03 3.155947e-03 4.537451e-03 4.621139e-03 2.384504e-03 6.174477e-03 2.172600e-03 1.149899e-03
<GCONST> -6.962802e+01
<STATE> 6
<MEAN> 39
 -1.112469e+00 -6.321658e-01 -5.326523e-01 -1.282999e-01 -3.828009e-01 -1.213608e+00 -1.017562e+00 -9.225123e-01 -5.871967e-01 -5.042216e-01 -2.725223e-02 1.261377e-02 4.896190e+00 -8.173637e-02 2.213986e-02 1.251568e-02 -1.052714e-01 -4.097376e-02 1.211091e-01 4.331610e-02 -5.942944e-03 6.648692e-02 2.104891e-02 7.553193e-03 3.785048e-02 -5.652491e-02 9.050371e-03 -3.165686e-03 5.165906e-03 -1.590007e-02 -3.523502e-03 -1.364217e-02 6.518621e-03 1.263345e-02 -2.652165e-04 -6.915999e-04 4.227407e-03 -4.277766e-03 2.555600e-02
<VARIANCE> 39
 3.885323e-01 2.107583e-01 3.277886e-01 5.113701e-01 2.780162e-01 4.411924e-01 2.251341e-01 1.687654e-01 1.544246e-01 1.452947e-01 1.743957e-01 1.092145e-01 3.577104e-01 2.247635e-02 1.674922e-02 3.006651e-02 2.646555e-02 1.411805e-02 2.749484e-02 2.190494e-02 1.423100e-02 1.858905e-02 1.154506e-02 2.139471e-02 1.298747e-02 1.355629e-02 2.736090e-03 2.561840e-03 2.949772e-03 4.632514e-03 2.343765e-03 2.868771e-03 3.220486e-03 2.435287e-03 2.257638e-03 1.904438e-03 2.519216e-03 1.968177e-03 1.574516e-03
<GCONST> -7.641020e+01
<STATE> 7
<MEAN> 39
 -6.114320e-01 -7.554880e-01 1.611760e-02 -1.746423e-01 -2.942838e-01 -9.942787e-01 -8.269702e-01 -7.500777e-01 -3.414309e-01 -6.990690e-01 -2.134365e-02 8.638066e-02 4.657950e+00 1.186763e-02 3.980026e-02 -2.615288e-02 -8.591077e-02 -2.495370e-02 -1.828029e-02 6.103796e-02 8.577023e-02 4.795660e-03 -9.537111e-03 -4.119953e-02 -5.579030e-04 8.687649e-03 2.857885e-02 -1.261825e-03 -1.665890e-02 1.627133e-02 -7.890535e-03 -2.343750e-02 6.951836e-03 5.804453e-03 -1.220061e-02 -3.010838e-03 -5.478444e-03 7.512148e-04 6.833075e-04
<VARIANCE> 39
 7.967018e-01 8.502024e-01 6.349400e-01 1.017507e+00 6.267220e-01 7.720355e-01 6.610681e-01 4.539788e-01 3.807735e-01 2.962026e-01 3.959069e-01 2.462374e-01 1.027994e+00 6.674824e-02 8.577303e-02 5.350175e-02 5.487578e-02 6.094365e-02 6.216184e-02 4.465296e-02 2.917018e-02 4.078334e-02 2.856130e-02 4.053023e-02 3.035839e-02 3.635528e-02 1.124580e-02 1.807606e-02 1.210452e-02 1.131344e-02 1.166690e-02 1.408744e-02 1.047692e-02 6.855368e-03 1.002548e-02 5.594083e-03 8.244212e-03 6.331701e-03 8.444147e-03
<GCONST> -3.561935e+01
<TRANSP> 8
 0.000000e+00 8.701388e-01 1.298612e-01 0.000000e+00 0.000000e+00 0.000000e+00 0.000000e+00 0.000000e+00
 0.000000e+00 7.142161e-01 1.510340e-01 1.347500e-01 0.000000e+00 0.000000e+00 0.000000e+00 0.000000e+00
 0.000000e+00 0.000000e+00 8.223703e-01 1.776297e-01 0.000000e+00 0.000000e+00 0.000000e+00 0.000000e+00
 0.000000e+00 0.000000e+00 0.000000e+00 6.526019e-01 2.225242e-01 1.248740e-01 0.000000e+00 0.000000e+00
 0.000000e+00 0.000000e+00 0.000000e+00 0.000000e+00 7.778655e-01 2.221345e-01 0.000000e+00 0.000000e+00
 0.000000e+00 0.000000e+00 0.000000e+00 0.000000e+00 0.000000e+00 7.241037e-01 2.758964e-01 0.000000e+00
 0.000000e+00 0.000000e+00 0.000000e+00 0.000000e+00 0.000000e+00 0.000000e+00 8.015332e-01 1.984667e-01
 0.000000e+00 0.000000e+00 0.000000e+00 0.000000e+00 0.000000e+00 0.000000e+00 0.000000e+00 0.000000e+00
<ENDHMM>
