~o
<STREAMINFO> 1 39
<VECSIZE> 39<NULLD><PLP_D_A_0><DIAGC>
~h "kurang"
<BEGINHMM>
<NUMSTATES> 8
<STATE> 2
<MEAN> 39
 -3.638771e-01 -7.251731e-01 4.510401e-01 -1.359359e+00 -1.618870e+00 -2.024897e+00 -2.781113e-01 -1.790777e-01 -3.076754e-01 -4.138711e-01 -1.537277e-01 1.649398e-01 5.466591e+00 1.421495e-01 -3.051374e-02 -5.532432e-02 5.641975e-02 1.637460e-02 -6.115307e-02 -6.373674e-02 -8.442685e-03 -7.584983e-02 -7.638417e-02 -7.331912e-02 3.461280e-03 1.051200e-01 -2.305167e-02 -2.967736e-02 -7.738525e-02 -1.792986e-02 7.709982e-02 6.167204e-02 6.475283e-03 -3.203692e-02 1.314654e-02 1.359648e-02 2.355699e-02 1.998164e-02 -4.397071e-03
<VARIANCE> 39
 2.462856e-01 2.691668e-01 1.481484e+00 7.324405e-01 5.570911e-01 1.750278e+00 8.871154e-01 2.634892e-01 2.630030e-01 5.126876e-01 2.230194e-01 1.789715e-01 4.893917e-01 2.395872e-02 2.289046e-02 6.313996e-02 3.397688e-02 3.953106e-02 7.491454e-02 2.985473e-02 3.305672e-02 2.492488e-02 3.235942e-02 1.880266e-02 1.779681e-02 1.131922e-02 4.496093e-03 4.138417e-03 5.644973e-03 6.757600e-03 5.319483e-03 9.354998e-03 2.896606e-03 5.555486e-03 6.187193e-03 7.023005e-03 4.786743e-03 3.993433e-03 2.752192e-03
<GCONST> -5.319099e+01
<STATE> 3
<MEAN> 39
 -4.871255e-02 -9.883803e-01 -6.130779e-01 -1.435453e+00 -8.817403e-01 -1.373808e+00 -4.609146e-01 -7.597214e-01 -3.331249e-01 -7.607163e-01 -1.474328e-01 4.214762e-01 5.625096e+00 3.567261e-02 -9.927528e-02 -2.607681e-01 -6.954587e-02 2.807252e-01 1.962000e-01 -2.057724e-02 -1.353629e-01 7.458024e-02 1.159499e-01 1.214319e-01 1.452868e-01 3.391561e-02 -1.228578e-02 -4.982927e-03 4.331716e-02 5.245084e-03 -5.725759e-02 -2.838336e-02 6.847242e-02 5.684281e-02 3.384420e-02 4.956296e-02 1.361740e-02 -6.804406e-03 -7.822296e-03
<VARIANCE> 39
 6.458391e-02 2.351098e-01 4.956435e-01 1.020428e+00 4.665137e-01 9.097257e-01 1.969340e+00 3.045857e-01 3.865068e-01 3.288030e-01 3.057458e-01 2.031578e-01 7.198452e-01 4.008678e-03 1.301414e-02 1.540061e-02 1.909853e-02 2.668689e-02 2.548790e-02 2.222572e-02 2.360236e-02 3.321030e-02 1.595349e-02 3.299988e-02 1.632183e-02 2.602374e-03 1.348895e-03 3.653641e-03 3.357182e-03 2.633888e-03 8.826342e-03 7.979430e-03 8.229637e-03 6.491906e-03 3.931287e-03 3.694664e-03 7.992201e-03 6.083180e-03 1.168627e-03
<GCONST> -6.466756e+01
<STATE> 4
<MEAN> 39
 5.671586e-02 -1.438499e+00 -1.288754e+00 -1.373549e+00 -5.209119e-01 -1.226602e+00 -3.101799e-01 -4.459745e-01 6.543175e-04 -7.215009e-02 2.477508e-01 6.708528e-01 5.937423e+00 1.371060e-02 -1.101952e-01 8.985455e-03 1.114936e-02 -1.029718e-01 4.684816e-02 2.851372e-01 1.390289e-01 9.069894e-02 4.579075e-02 -1.522760e-02 -4.031195e-03 6.843225e-02 -2.245182e-02 6.373917e-02 7.243162e-02 3.300941e-02 -3.807617e-02 -1.197481e-02 2.197153e-02 2.006366e-02 -4.330646e-02 -6.195695e-02 -5.316334e-02 -5.513065e-02 -3.149219e-02
<VARIANCE> 39
 6.177722e-02 3.594787e-01 4.161145e-01 8.339116e-01 2.636521e-01 6.431893e-01 1.553530e+00 4.014508e-01 3.602918e-01 4.445408e-01 2.996331e-01 2.210058e-01 6.005864e-01 4.074911e-03 2.119503e-02 1.280969e-02 9.597045e-03 1.484614e-02 2.430550e-02 1.691398e-02 1.446590e-02 2.034804e-02 2.640129e-02 2.421676e-02 2.318634e-02 5.111842e-03 6.150624e-04 3.242297e-03 2.177933e-03 1.699679e-03 6.560530e-03 4.352029e-03 9.248023e-03 6.523916e-03 6.762811e-03 3.159983e-03 5.110850e-03 4.055359e-03 1.027665e-03
<GCONST> -6.961433e+01
<STATE> 5
<MEAN> 39
 4.157349e-02 -1.244723e+00 -5.797269e-01 -1.356562e+00 -9.220341e-01 -1.063321e+00 6.962383e-01 -5.575864e-01 5.416694e-02 -4.348102e-01 -2.667902e-01 5.711282e-01 5.682061e+00 -3.919414e-02 2.356745e-01 8.113583e-02 1.279292e-01 9.740818e-02 -9.320444e-02 3.359960e-02 6.022690e-02 -8.443042e-02 -2.950772e-02 -1.275314e-01 -1.884209e-01 -1.262642e-01 -1.213198e-02 3.681273e-02 7.573767e-04 2.344111e-02 6.813986e-02 -3.384646e-02 -7.415591e-02 -1.717634e-03 -1.934019e-02 -1.125295e-02 -1.856841e-02 -4.022873e-02 -3.008535e-02
<VARIANCE> 39
 3.746600e-02 4.271825e-01 4.789731e-01 9.024068e-01 3.033068e-01 1.261647e+00 1.873430e+00 6.982840e-01 7.731537e-01 2.629464e-01 3.074833e-01 3.046542e-01 1.184487e+00 2.188376e-03 1.409996e-02 1.767846e-02 1.079066e-02 2.987341e-02 3.578565e-02 4.207804e-02 2.578083e-02 2.385656e-02 3.100125e-02 1.798431e-02 3.438308e-02 3.781565e-03 7.065400e-04 5.807387e-03 3.014365e-03 2.547859e-03 3.950784e-03 5.180764e-03 4.528646e-03 4.170281e-03 6.198102e-03 3.631540e-03 3.878128e-03 6.796241e-03 1.192638e-03
<GCONST> -6.440497e+01
<STATE> 6
<MEAN> 39
 -3.235996e-01 -2.788024e-01 -6.499457e-01 -2.210872e-01 -2.049275e-01 -1.004304e+00 -4.414654e-01 3.089251e-02 -2.330798e-01 -7.308896e-01 -5.874509e-01 -1.957165e-01 5.014291e+00 -6.270002e-02 9.925724e-02 9.382804e-02 9.061181e-02 9.620258e-02 -1.889336e-02 -6.668519e-02 -3.265566e-02 -3.889728e-02 -2.896874e-02 -7.356022e-02 -7.275768e-02 -7.777636e-02 -6.366861e-03 -4.690149e-02 -9.314822e-04 -3.680065e-02 -3.379918e-02 2.807330e-02 -7.018914e-03 -3.099301e-02 1.030256e-02 1.215645e-02 4.036885e-02 4.649345e-02 1.928530e-02
<VARIANCE> 39
 8.348621e-02 2.148363e-01 3.145747e-01 4.258954e-01 2.659819e-01 5.557021e-01 4.381547e-01 3.885930e-01 2.788288e-01 1.387203e-01 1.894367e-01 1.588338e-01 6.078849e-01 4.637595e-03 9.498690e-03 1.701969e-02 1.445308e-02 2.349363e-02 2.377531e-02 1.480931e-02 1.972604e-02 1.919031e-02 1.554434e-02 1.815087e-02 2.007552e-02 4.855127e-03 1.366985e-03 3.105709e-03 3.185554e-03 2.999629e-03 3.648961e-03 6.407677e-03 4.030347e-03 4.085644e-03 3.648311e-03 3.457323e-03 3.800477e-03 4.125915e-03 7.691369e-04
<GCONST> -7.574107e+01
<STATE> 7
<MEAN> 39
 -5.782080e-01 -6.841607e-01 -4.460838e-02 -8.067971e-01 -4.161559e-01 -1.079786e+00 -1.472998e-01 -6.556699e-01 -2.749409e-01 -6.246822e-01 -4.158266e-01 3.061121e-02 4.962656e+00 -4.546650e-02 -1.367785e-01 3.952590e-02 -4.254862e-02 -7.954828e-02 3.947389e-02 -6.090626e-02 -6.951530e-02 -1.022761e-02 6.509391e-04 1.186278e-01 7.655293e-02 5.368552e-02 2.495420e-02 -1.098256e-03 -1.392357e-02 4.866344e-03 -1.664470e-02 -2.456415e-02 7.351192e-03 6.163768e-03 8.004928e-03 4.753856e-03 6.663260e-04 3.336514e-03 1.610603e-02
<VARIANCE> 39
 5.270689e-01 6.228661e-01 5.494127e-01 1.128839e+00 6.363728e-01 1.353232e+00 1.229934e+00 4.754383e-01 3.962041e-01 2.694297e-01 3.940759e-01 2.455424e-01 1.196539e+00 5.785508e-02 6.948075e-02 5.440091e-02 3.773668e-02 7.166711e-02 6.383564e-02 4.590239e-02 3.695285e-02 3.520115e-02 3.821813e-02 4.544340e-02 3.459673e-02 2.519467e-02 1.036413e-02 2.022805e-02 9.174780e-03 6.844447e-03 1.600916e-02 1.327296e-02 7.941780e-03 8.044839e-03 6.496119e-03 7.426907e-03 1.169362e-02 9.090818e-03 6.871878e-03
<GCONST> -3.554217e+01
<TRANSP> 8
 0.000000e+00 8.741885e-01 1.258115e-01 0.000000e+00 0.000000e+00 0.000000e+00 0.000000e+00 0.000000e+00
 0.000000e+00 7.790164e-01 2.209836e-01 0.000000e+00 0.000000e+00 0.000000e+00 0.000000e+00 0.000000e+00
 0.000000e+00 0.000000e+00 6.457388e-01 3.542612e-01 0.000000e+00 0.000000e+00 0.000000e+00 0.000000e+00
 0.000000e+00 0.000000e+00 0.000000e+00 6.304645e-01 3.695355e-01 0.000000e+00 0.000000e+00 0.000000e+00
 0.000000e+00 0.000000e+00 0.000000e+00 0.000000e+00 6.862977e-01 3.137023e-01 0.000000e+00 0.000000e+00
 0.000000e+00 0.000000e+00 0.000000e+00 0.000000e+00 0.000000e+00 7.557255e-01 2.442745e-01 0.000000e+00
 0.000000e+00 0.000000e+00 0.000000e+00 0.000000e+00 0.000000e+00 0.000000e+00 7.864950e-01 2.135050e-01
 0.000000e+00 0.000000e+00 0.000000e+00 0.000000e+00 0.000000e+00 0.000000e+00 0.000000e+00 0.000000e+00
<ENDHMM>
