~o
<STREAMINFO> 1 39
<VECSIZE> 39<NULLD><PLP_D_A_0><DIAGC>
~h "lima"
<BEGINHMM>
<NUMSTATES> 8
<STATE> 2
<MEAN> 39
 -4.986441e-01 -9.268636e-01 7.780512e-02 2.385030e-01 1.025751e-02 -1.573402e+00 -9.427237e-01 -8.615063e-01 -6.953266e-01 -6.705040e-01 4.451727e-02 8.001704e-03 5.258882e+00 4.860516e-02 4.011150e-02 6.794018e-02 1.110346e-01 7.883036e-02 -1.205490e-01 -1.182331e-01 1.846879e-02 2.845969e-02 -1.311873e-04 -2.518792e-02 -7.876180e-02 4.602781e-02 -8.455298e-03 2.375794e-02 -4.014499e-02 -4.004379e-02 -1.759348e-03 2.612839e-02 3.860847e-02 3.108612e-02 2.122712e-02 8.627696e-03 -2.723489e-02 -8.685993e-03 -3.463130e-02
<VARIANCE> 39
 2.699724e-01 4.966580e-01 9.515330e-01 8.342499e-01 4.564512e-01 1.677087e+00 9.687573e-01 5.100489e-01 3.912603e-01 2.986535e-01 4.452867e-01 1.696239e-01 1.144601e+00 2.357997e-02 4.277865e-02 6.730590e-02 4.307487e-02 3.477683e-02 6.113578e-02 6.972972e-02 4.981211e-02 2.943305e-02 2.245982e-02 3.541429e-02 1.444015e-02 2.980641e-02 4.164800e-03 7.347234e-03 1.272646e-02 7.687164e-03 7.345323e-03 1.153950e-02 1.148187e-02 1.027942e-02 7.215133e-03 4.549035e-03 8.516361e-03 3.072761e-03 3.643548e-03
<GCONST> -4.363897e+01
<STATE> 3
<MEAN> 39
 -4.941432e-01 -3.559608e-02 -1.415334e-01 4.811829e-01 6.210713e-02 -1.371411e+00 -1.469446e+00 -7.523966e-01 -4.530008e-01 -3.840812e-01 -9.569690e-02 -3.276322e-01 5.314816e+00 3.802023e-02 1.221764e-01 -9.538092e-02 -1.256703e-01 -1.590803e-02 1.039161e-01 9.507407e-02 2.703271e-02 8.090509e-02 1.542687e-03 -1.508215e-01 -6.733146e-02 -4.560858e-02 4.896885e-03 -2.390399e-02 -2.624243e-02 -4.841894e-02 -4.847085e-02 1.438509e-02 5.758999e-02 2.535548e-02 -3.263257e-03 -1.653714e-02 5.095256e-03 2.285399e-02 1.390290e-02
<VARIANCE> 39
 6.770286e-02 5.736541e-01 2.085371e-01 5.946393e-01 5.465893e-01 2.224689e-01 3.209167e-01 2.010756e-01 2.158276e-01 1.650885e-01 3.134292e-01 1.093205e-01 1.844857e-01 2.351204e-03 1.785912e-02 1.158189e-02 2.281006e-02 1.912003e-02 2.012782e-02 1.881448e-02 1.183246e-02 1.250687e-02 1.478116e-02 2.847656e-02 1.278717e-02 7.018859e-03 1.366812e-03 5.847110e-03 2.848845e-03 4.009082e-03 3.647752e-03 6.747372e-03 4.919639e-03 3.732716e-03 2.218991e-03 2.081549e-03 6.515539e-03 3.526603e-03 2.319142e-03
<GCONST> -7.663469e+01
<STATE> 4
<MEAN> 39
 -6.641722e-02 -1.541226e-01 -4.692670e-01 -2.077688e-01 2.071953e-01 -1.598094e+00 -4.998464e-01 -2.694269e-01 -3.179218e-01 -7.372637e-01 -8.838107e-01 -6.610395e-01 5.065039e+00 1.037851e-01 -6.097208e-02 -1.896365e-01 -2.285549e-01 -1.977790e-01 -3.658922e-03 2.590050e-01 1.822014e-01 8.789169e-03 -4.801910e-02 7.440977e-03 1.166138e-01 8.116856e-02 -2.442844e-03 -9.501123e-02 1.928644e-02 -2.679639e-02 -9.223599e-02 4.042954e-03 1.124562e-02 -2.550049e-02 4.040204e-03 3.425820e-03 1.201141e-01 1.115086e-01 6.244319e-02
<VARIANCE> 39
 8.822723e-02 3.796295e-01 3.342967e-01 9.479557e-01 3.053381e-01 8.185005e-01 8.653383e-01 3.939524e-01 3.095768e-01 1.664926e-01 2.662820e-01 1.542245e-01 9.960208e-01 4.304958e-03 3.322649e-02 1.492000e-02 2.866531e-02 4.277599e-02 2.896607e-02 2.548992e-02 3.152334e-02 2.179998e-02 2.068982e-02 6.581520e-02 5.048340e-02 1.364102e-02 1.289111e-03 2.128247e-03 5.511736e-03 4.504330e-03 5.252210e-03 5.893862e-03 4.534460e-03 4.919844e-03 5.009636e-03 5.323870e-03 5.906528e-03 5.141724e-03 1.121422e-03
<GCONST> -6.185859e+01
<STATE> 5
<MEAN> 39
 1.347510e-01 -6.897327e-01 -9.386899e-01 -1.085862e+00 -9.764313e-01 -1.378512e+00 1.707652e-01 9.589862e-03 -2.091212e-01 -7.382804e-01 -6.497298e-02 3.442933e-01 5.689355e+00 3.524295e-02 -2.108516e-01 -7.018291e-02 -2.294271e-01 -2.787820e-01 1.143374e-01 2.078389e-01 1.780638e-02 5.626714e-02 -6.671107e-03 2.182635e-01 2.980685e-01 1.482747e-01 -3.861545e-02 4.647605e-02 6.025206e-02 8.800332e-02 9.936316e-02 2.229675e-02 -8.198451e-02 -5.760369e-02 -3.632923e-03 6.033394e-03 -4.639103e-02 -6.026310e-02 -5.382550e-02
<VARIANCE> 39
 9.231216e-02 5.748601e-01 3.335815e-01 7.314067e-01 4.275247e-01 5.457108e-01 8.367110e-01 7.268023e-01 4.214355e-01 2.194123e-01 2.821215e-01 2.342747e-01 8.108700e-01 3.396130e-03 1.909747e-02 3.001287e-02 2.781666e-02 3.523505e-02 3.404619e-02 2.254171e-02 3.694474e-02 3.076661e-02 2.737835e-02 2.714473e-02 2.884181e-02 7.150670e-03 9.022607e-04 3.521409e-03 3.171811e-03 3.981363e-03 5.467447e-03 3.982893e-03 3.511507e-03 3.940871e-03 5.115610e-03 3.687945e-03 5.204380e-03 4.972204e-03 1.653546e-03
<GCONST> -6.335704e+01
<STATE> 6
<MEAN> 39
 -2.653259e-01 -9.865640e-01 -1.116201e+00 -1.285856e+00 -9.250236e-01 -9.720178e-01 2.720992e-01 -2.388887e-01 -2.444434e-01 -5.981452e-01 1.487283e-01 5.855199e-01 5.745867e+00 -7.908602e-02 4.261787e-02 3.351530e-02 4.048871e-02 3.530902e-02 6.181606e-02 -1.846299e-02 -3.262607e-02 -8.907926e-03 2.331298e-05 -2.606209e-02 -1.125588e-02 -1.028894e-01 -2.139872e-02 3.919193e-02 2.416296e-02 3.577120e-02 4.480354e-02 -4.226709e-03 -2.660600e-02 -5.986067e-03 -9.457357e-03 -2.117248e-03 -2.858325e-02 -4.391056e-02 -4.008684e-02
<VARIANCE> 39
 3.259632e-01 6.838454e-01 4.620792e-01 6.861298e-01 3.500717e-01 4.276579e-01 8.175889e-01 8.293557e-01 2.786008e-01 1.794074e-01 1.841738e-01 1.790473e-01 7.163287e-01 7.182863e-03 1.615006e-02 1.333985e-02 1.207468e-02 1.301762e-02 1.036853e-02 9.912015e-03 9.585039e-03 1.426497e-02 9.312371e-03 1.498326e-02 1.262881e-02 1.362835e-02 1.571732e-03 3.820451e-03 2.799789e-03 4.326477e-03 6.163390e-03 3.166914e-03 3.548394e-03 2.695449e-03 3.645945e-03 2.852640e-03 3.933751e-03 4.852235e-03 3.569297e-03
<GCONST> -7.148505e+01
<STATE> 7
<MEAN> 39
 -3.171115e-01 -4.776803e-01 -5.004738e-01 -8.656743e-01 -4.638318e-01 -1.012289e+00 -3.682015e-02 -5.357041e-01 -4.065410e-01 -8.510601e-01 -2.324211e-01 2.639742e-01 5.018771e+00 -5.732859e-02 -2.776042e-02 -4.971152e-03 9.860711e-03 5.117267e-02 6.201190e-03 -6.590232e-02 -5.124627e-02 -1.993456e-02 2.822511e-02 2.638363e-02 -1.117611e-02 -3.033331e-02 1.090022e-02 -2.785084e-02 -1.715674e-02 -2.028284e-02 -2.412856e-02 -1.444089e-02 5.303292e-03 5.982431e-03 8.867965e-03 1.414630e-02 1.585117e-02 8.187318e-03 2.936163e-02
<VARIANCE> 39
 3.589742e-01 7.180039e-01 3.424036e-01 6.749769e-01 5.470083e-01 6.839554e-01 6.942313e-01 5.946070e-01 3.463329e-01 3.370710e-01 2.639683e-01 2.842636e-01 1.263557e+00 2.967727e-02 4.588166e-02 3.357631e-02 3.467935e-02 6.135897e-02 3.838274e-02 3.009980e-02 2.755655e-02 3.914013e-02 3.970310e-02 3.260629e-02 4.000928e-02 5.345005e-02 5.485319e-03 8.001805e-03 7.136438e-03 5.507763e-03 1.235612e-02 7.591972e-03 5.949349e-03 4.840021e-03 6.371868e-03 7.137223e-03 5.839486e-03 7.579987e-03 6.711584e-03
<GCONST> -4.498846e+01
<TRANSP> 8
 0.000000e+00 8.006925e-01 1.993075e-01 0.000000e+00 0.000000e+00 0.000000e+00 0.000000e+00 0.000000e+00
 0.000000e+00 8.022730e-01 1.113755e-01 8.635152e-02 0.000000e+00 0.000000e+00 0.000000e+00 0.000000e+00
 0.000000e+00 0.000000e+00 7.294519e-01 2.373088e-01 3.323942e-02 0.000000e+00 0.000000e+00 0.000000e+00
 0.000000e+00 0.000000e+00 0.000000e+00 6.341363e-01 3.559220e-01 9.941743e-03 0.000000e+00 0.000000e+00
 0.000000e+00 0.000000e+00 0.000000e+00 0.000000e+00 5.459234e-01 4.540766e-01 0.000000e+00 0.000000e+00
 0.000000e+00 0.000000e+00 0.000000e+00 0.000000e+00 0.000000e+00 7.701672e-01 2.298328e-01 0.000000e+00
 0.000000e+00 0.000000e+00 0.000000e+00 0.000000e+00 0.000000e+00 0.000000e+00 7.794312e-01 2.205688e-01
 0.000000e+00 0.000000e+00 0.000000e+00 0.000000e+00 0.000000e+00 0.000000e+00 0.000000e+00 0.000000e+00
<ENDHMM>
