~o
<STREAMINFO> 1 39
<VECSIZE> 39<NULLD><PLP_D_A_0><DIAGC>
~h "puluh"
<BEGINHMM>
<NUMSTATES> 8
<STATE> 2
<MEAN> 39
 -1.756038e-01 -4.208238e-01 -7.094882e-01 -3.727289e-01 -8.992811e-01 -5.768672e-01 -9.330896e-01 -3.209710e-01 1.525984e-01 -8.383338e-01 -6.780106e-01 -9.927557e-02 4.209906e+00 6.674200e-02 4.049557e-03 1.144594e-01 3.280240e-04 -4.269652e-02 6.097214e-02 -6.505311e-02 -5.075174e-02 1.061073e-02 -5.319137e-02 -8.559175e-03 -3.934546e-02 7.300047e-02 2.097503e-02 -2.654914e-03 3.684336e-02 1.260185e-02 -5.297390e-02 -2.824789e-02 1.026430e-02 2.752184e-02 9.518175e-03 -2.612616e-02 2.270840e-03 1.356560e-02 2.293918e-02
<VARIANCE> 39
 5.709575e-01 5.675588e-01 3.544318e-01 2.750718e-01 3.182020e-01 3.950381e-01 3.549699e-01 2.282836e-01 3.459425e-01 3.389448e-01 3.872841e-01 1.304003e-01 4.712811e-01 3.949334e-02 6.069108e-02 5.790399e-02 3.389871e-02 9.426405e-02 4.214479e-02 2.148909e-02 1.681509e-02 3.690601e-02 2.915266e-02 4.245685e-02 2.133512e-02 3.360649e-02 8.753816e-03 1.334598e-02 9.910032e-03 6.053954e-03 1.798132e-02 8.037842e-03 6.032942e-03 4.344195e-03 1.051907e-02 5.790857e-03 1.030285e-02 5.088319e-03 8.121864e-03
<GCONST> -4.774388e+01
<STATE> 3
<MEAN> 39
 -1.077923e-01 -1.435944e-01 -5.428919e-01 -4.224206e-01 -8.295013e-01 -1.384646e+00 -8.915150e-01 -3.110939e-01 -4.624358e-01 -9.588657e-01 -6.251782e-01 -2.831242e-01 5.426834e+00 -7.409861e-03 -2.170161e-02 4.900404e-02 1.053966e-02 -3.987435e-02 -1.179758e-02 2.245964e-02 6.016620e-03 7.351390e-03 -3.189371e-02 9.977554e-03 2.703577e-02 2.524490e-02 -2.983078e-02 1.024215e-03 -8.832298e-03 -7.861142e-03 -5.062227e-03 1.482830e-02 2.661577e-02 1.618754e-02 2.348841e-02 2.398644e-02 5.464161e-03 5.388631e-03 -2.362351e-02
<VARIANCE> 39
 9.868495e-02 5.472900e-01 5.609905e-01 4.921765e-01 8.615875e-01 4.276032e-01 7.793231e-01 3.606068e-01 3.340245e-01 4.505635e-01 1.826959e-01 2.388266e-01 2.580186e-01 6.749708e-03 9.392098e-03 4.135064e-02 2.000959e-02 6.724249e-02 5.263119e-02 2.265292e-02 3.056380e-02 2.764327e-02 1.495019e-02 1.625501e-02 2.158428e-02 5.887243e-03 9.829409e-04 3.006049e-03 1.220301e-02 4.087755e-03 1.442505e-02 1.271573e-02 4.131055e-03 6.652891e-03 4.188934e-03 2.745881e-03 3.180124e-03 2.848251e-03 1.401148e-03
<GCONST> -6.303970e+01
<STATE> 4
<MEAN> 39
 -1.475602e-01 -8.842454e-02 -3.093697e-01 -4.209994e-01 -1.208593e+00 -8.612095e-01 -4.243071e-01 1.521112e-01 1.407569e-01 -1.081802e+00 -6.397023e-01 3.536432e-03 4.642714e+00 -1.236152e-01 1.976254e-02 -1.838260e-01 -4.373297e-02 1.266602e-01 8.773617e-02 2.104279e-01 9.879792e-02 -3.345641e-02 1.607050e-01 6.978214e-02 -4.339273e-02 -1.438562e-01 -1.733150e-02 -2.937507e-02 -6.311890e-02 -2.096708e-02 3.534011e-02 1.862802e-02 -1.491750e-02 -4.003096e-02 -4.006910e-02 2.642576e-02 4.543943e-03 -1.413892e-02 -1.676760e-02
<VARIANCE> 39
 1.705908e-01 3.140743e-01 4.913274e-01 2.306652e-01 3.976393e-01 5.504544e-01 5.427728e-01 3.774765e-01 5.090050e-01 3.836180e-01 1.607233e-01 2.041119e-01 8.259112e-01 8.056110e-03 2.900211e-02 5.368571e-02 2.816807e-02 3.893070e-02 5.341212e-02 2.730109e-02 3.737735e-02 4.783506e-02 2.201284e-02 1.614118e-02 2.210666e-02 3.967779e-03 1.044399e-03 3.921554e-03 1.598187e-02 4.696053e-03 1.358522e-02 6.842840e-03 7.986344e-03 6.064010e-03 9.071208e-03 5.620458e-03 3.608447e-03 6.367929e-03 1.371885e-03
<GCONST> -5.829440e+01
<STATE> 5
<MEAN> 39
 -4.331857e-01 -1.057444e+00 5.040533e-01 -1.943768e+00 -5.293942e-01 -1.752839e+00 1.172923e+00 -9.273238e-01 -9.589481e-02 -6.459704e-01 -2.262009e-01 -1.722359e-01 5.804178e+00 -1.069723e-01 1.669957e-03 3.446406e-02 6.707794e-02 5.447881e-02 7.293736e-02 5.340341e-03 3.270687e-02 9.036319e-02 -1.384629e-02 6.431539e-02 -8.832828e-03 -6.022844e-02 -4.874882e-03 3.829699e-03 4.888147e-03 1.248757e-02 1.460105e-02 -3.860466e-03 -9.966094e-03 1.098424e-02 1.997305e-03 5.082615e-03 2.022007e-03 -2.322332e-03 -1.484330e-02
<VARIANCE> 39
 4.366333e-01 1.292678e-01 2.780777e-01 4.523747e-01 1.361180e+00 6.651992e-01 2.349799e-01 2.232398e-01 4.993637e-01 2.159382e-01 2.918395e-01 1.444613e-01 3.549849e-01 1.617661e-02 1.852728e-02 3.576495e-02 2.037258e-02 7.509290e-02 5.030437e-02 1.946084e-02 3.157752e-02 2.076180e-02 1.896383e-02 2.164580e-02 1.585218e-02 2.125701e-02 3.093227e-03 4.173293e-03 8.637782e-03 3.942455e-03 1.502566e-02 1.266207e-02 3.451928e-03 8.356728e-03 3.945494e-03 3.057463e-03 4.851940e-03 3.127340e-03 3.992789e-03
<GCONST> -5.923576e+01
<STATE> 6
<MEAN> 39
 -1.201400e+00 -4.852713e-01 -8.997846e-01 -8.670434e-01 -8.142361e-01 -8.677796e-01 -3.522764e-01 -3.775396e-01 -2.699067e-01 -5.107212e-01 -2.718280e-01 9.836040e-03 4.611057e+00 -1.033361e-01 -4.563330e-02 -3.760258e-02 6.024261e-03 3.790632e-02 4.414731e-02 2.182325e-03 -3.120679e-02 -1.928529e-03 5.599577e-02 4.569655e-02 3.114564e-02 -8.903052e-02 1.382345e-02 7.285174e-03 1.832937e-02 8.608421e-03 -9.377759e-03 -1.707092e-02 -1.309432e-02 8.377091e-04 3.258124e-03 -8.569260e-03 -7.088168e-04 2.403140e-03 1.382067e-02
<VARIANCE> 39
 3.209717e-01 1.317832e-01 2.384055e-01 1.771131e-01 1.832752e-01 1.800955e-01 2.995701e-01 2.222966e-01 1.582603e-01 1.753234e-01 1.545285e-01 6.614015e-02 4.581570e-01 6.693965e-03 1.171463e-02 1.887340e-02 1.752835e-02 1.442018e-02 1.633548e-02 1.353747e-02 1.193496e-02 1.307407e-02 1.236444e-02 8.554534e-03 5.741281e-03 7.853522e-03 1.023992e-03 1.709925e-03 4.023137e-03 3.219005e-03 3.033102e-03 3.545839e-03 3.189867e-03 2.137804e-03 2.453766e-03 2.455525e-03 1.493893e-03 1.344200e-03 1.423372e-03
<GCONST> -8.730723e+01
<STATE> 7
<MEAN> 39
 -6.806417e-01 -6.253775e-01 -6.811943e-01 -1.042312e+00 -8.065331e-01 -9.544977e-01 -4.105942e-02 -2.803724e-01 -2.419484e-01 -5.107254e-01 -9.327373e-03 1.039118e-01 4.573001e+00 3.251208e-02 -4.571639e-02 -6.614119e-03 -2.355174e-02 -3.384070e-02 -3.557677e-02 -3.227855e-02 -2.375845e-02 -1.427357e-03 -6.981334e-04 1.679820e-02 4.205863e-02 5.726444e-02 1.260881e-02 2.224378e-03 1.103564e-02 -7.817732e-04 -2.839952e-03 -7.905590e-03 -1.339722e-02 -6.193649e-03 5.238298e-03 -1.276680e-02 -9.740025e-03 1.657083e-03 1.336832e-02
<VARIANCE> 39
 5.144626e-01 5.759714e-01 6.301386e-01 6.889047e-01 6.862676e-01 6.375707e-01 6.192728e-01 4.962289e-01 3.236695e-01 3.198071e-01 2.676035e-01 2.209385e-01 1.664625e+00 4.803930e-02 5.546101e-02 3.626823e-02 5.256178e-02 5.284085e-02 3.566933e-02 4.464001e-02 2.882459e-02 2.620833e-02 4.121238e-02 3.391966e-02 2.478400e-02 4.955984e-02 8.391985e-03 1.213641e-02 6.857862e-03 1.124827e-02 1.068351e-02 8.906235e-03 8.275926e-03 5.830389e-03 5.353132e-03 8.156554e-03 6.785550e-03 5.563591e-03 1.079325e-02
<GCONST> -4.161662e+01
<TRANSP> 8
 0.000000e+00 4.497993e-01 5.502007e-01 0.000000e+00 0.000000e+00 0.000000e+00 0.000000e+00 0.000000e+00
 0.000000e+00 8.012683e-01 1.987317e-01 0.000000e+00 0.000000e+00 0.000000e+00 0.000000e+00 0.000000e+00
 0.000000e+00 0.000000e+00 7.583994e-01 1.875145e-01 5.408612e-02 0.000000e+00 0.000000e+00 0.000000e+00
 0.000000e+00 0.000000e+00 0.000000e+00 6.838191e-01 0.000000e+00 3.161809e-01 0.000000e+00 0.000000e+00
 0.000000e+00 0.000000e+00 0.000000e+00 0.000000e+00 9.137059e-01 8.629411e-02 0.000000e+00 0.000000e+00
 0.000000e+00 0.000000e+00 0.000000e+00 0.000000e+00 0.000000e+00 7.868553e-01 2.131447e-01 0.000000e+00
 0.000000e+00 0.000000e+00 0.000000e+00 0.000000e+00 0.000000e+00 0.000000e+00 7.148570e-01 2.851430e-01
 0.000000e+00 0.000000e+00 0.000000e+00 0.000000e+00 0.000000e+00 0.000000e+00 0.000000e+00 0.000000e+00
<ENDHMM>
