~o
<STREAMINFO> 1 39
<VECSIZE> 39<NULLD><MFCC_D_A_0><DIAGC>
~h "sebelas"
<BEGINHMM>
<NUMSTATES> 6
<STATE> 2
<MEAN> 39
 -1.068906e+01 -4.841322e+00 4.911511e+00 -8.061982e-01 -1.049069e+00 1.169452e+00 -2.505302e+00 -3.512050e-01 -2.472583e+00 -4.125576e+00 1.050581e+00 3.068761e+00 5.791114e+01 9.294509e-01 1.231344e+00 -1.924665e-01 4.551973e-01 4.038807e-01 -1.692475e-01 1.191908e-02 4.709111e-01 1.257943e-01 -4.693435e-01 -5.308713e-01 -4.595004e-02 -5.008886e-02 8.453447e-02 1.156318e-01 -1.546078e-02 1.556905e-01 2.418607e-02 6.456463e-02 3.753179e-02 1.065275e-01 4.394582e-02 -6.372841e-02 -8.101518e-02 -4.720529e-02 -7.381242e-02
<VARIANCE> 39
 1.042522e+02 1.410639e+02 6.979832e+01 8.502818e+01 5.654613e+01 4.554023e+01 4.678300e+01 5.928658e+01 7.057255e+01 6.160051e+01 3.089606e+01 3.148710e+01 1.474906e+02 5.366950e+00 8.144589e+00 6.177605e+00 6.388871e+00 4.695939e+00 5.494593e+00 3.716628e+00 4.398934e+00 5.839309e+00 4.336230e+00 3.501807e+00 3.914922e+00 2.056475e+00 8.809221e-01 8.464207e-01 1.220477e+00 9.149510e-01 7.285735e-01 1.231660e+00 7.254016e-01 7.334182e-01 1.172394e+00 9.085239e-01 5.969983e-01 7.364622e-01 3.135803e-01
<GCONST> 1.432223e+02
<STATE> 3
<MEAN> 39
 2.378238e+00 5.378963e+00 1.874437e+00 7.418833e+00 -1.003378e+00 9.795030e-01 -2.374521e+00 2.691630e+00 1.072257e+00 -1.125981e+01 -6.097913e+00 5.523038e+00 5.949973e+01 3.150457e-01 -7.489216e-01 -2.494930e-01 5.200998e-02 -5.401744e-01 -3.808739e-02 -2.779925e-01 -2.942739e-01 3.064162e-02 -1.238053e-01 4.522417e-01 5.605715e-01 4.053872e-01 -1.207277e-02 -8.493254e-02 -5.769457e-02 -4.386336e-02 1.356149e-02 -6.122654e-02 -3.879901e-02 -6.590216e-02 -8.637565e-02 6.052960e-02 1.765490e-01 6.302528e-02 3.671506e-02
<VARIANCE> 39
 4.144135e+01 5.423498e+01 4.950774e+01 2.854113e+01 7.750517e+01 5.242076e+01 2.690366e+01 7.186717e+01 4.119298e+01 4.586553e+01 3.130905e+01 4.872822e+01 7.636745e+01 1.150323e+00 2.022134e+00 3.368758e+00 1.635695e+00 3.305669e+00 5.297936e+00 2.567863e+00 2.150671e+00 2.588668e+00 2.668788e+00 2.937981e+00 2.025807e+00 1.003078e+00 1.755481e-01 3.510488e-01 4.428389e-01 2.817189e-01 5.778719e-01 7.097598e-01 4.415892e-01 3.769657e-01 3.963266e-01 4.336279e-01 5.001933e-01 3.719949e-01 1.523226e-01
<GCONST> 1.197001e+02
<STATE> 4
<MEAN> 39
 2.820195e+00 -6.519672e+00 -1.182807e+01 -1.394084e+00 -4.094497e-01 -7.868680e+00 -4.948081e+00 3.374895e+00 -1.714702e+00 5.757673e-01 5.976909e+00 1.101609e+01 7.507456e+01 -6.710620e-02 -1.242107e-01 2.517248e-02 -5.747668e-01 4.860501e-02 3.324842e-01 6.075881e-02 7.606075e-02 5.031223e-01 4.535840e-01 3.475165e-01 3.190606e-01 1.518398e-01 -1.554001e-01 5.680573e-02 1.827880e-01 -3.923177e-02 6.850062e-02 1.711302e-01 7.025216e-02 1.444249e-02 3.030774e-02 -2.636949e-03 -5.096277e-02 -1.047360e-01 -6.051854e-02
<VARIANCE> 39
 2.499707e+00 2.092514e+01 3.632047e+01 3.527894e+01 1.719913e+01 3.435351e+01 8.252870e+00 2.469493e+01 6.731602e+01 4.229290e+01 1.904453e+01 1.077418e+01 2.627585e+01 2.305702e-01 9.137254e-01 1.016785e+00 1.005813e+00 9.917009e-01 1.230973e+00 8.445417e-01 1.237867e+00 2.312335e+00 1.449081e+00 1.393666e+00 6.964245e-01 3.183541e-01 7.712549e-02 1.006341e-01 1.164633e-01 2.160302e-01 1.461413e-01 1.729183e-01 1.629671e-01 2.006289e-01 4.155356e-01 2.505417e-01 1.881205e-01 1.510385e-01 3.507192e-02
<GCONST> 8.496568e+01
<STATE> 5
<MEAN> 39
 -1.174973e+01 -9.494518e+00 5.325315e+00 -6.184582e+00 -6.253083e+00 6.271519e+00 -2.408484e+00 -3.022744e+00 8.035804e-02 -2.083885e+00 4.635750e+00 6.336017e+00 6.118968e+01 -7.079222e-01 1.210327e-01 -5.211592e-02 -1.354651e-01 2.015297e-02 -4.344564e-02 1.810804e-01 -1.014337e-01 -2.895021e-01 1.800763e-01 -1.808920e-01 -4.830085e-01 -5.824491e-01 9.997375e-02 3.946165e-02 -7.215177e-02 4.325759e-02 -5.536208e-03 -6.464104e-02 -2.395999e-02 8.153093e-03 5.940120e-03 -3.107714e-02 -4.961080e-02 2.044376e-02 1.834452e-02
<VARIANCE> 39
 7.721442e+01 7.556828e+01 5.687798e+01 9.592259e+01 5.451017e+01 4.547819e+01 4.344272e+01 3.808377e+01 5.134278e+01 4.835183e+01 3.164176e+01 2.837741e+01 1.489950e+02 2.658729e+00 5.351983e+00 4.861081e+00 4.239635e+00 4.010504e+00 3.673072e+00 2.607740e+00 3.631935e+00 3.818304e+00 3.019717e+00 2.792896e+00 2.272781e+00 1.725121e+00 2.525935e-01 8.102924e-01 6.284348e-01 6.272337e-01 7.246302e-01 6.302217e-01 5.223784e-01 7.996794e-01 6.760437e-01 5.135981e-01 5.636466e-01 4.743490e-01 2.857701e-01
<GCONST> 1.314552e+02
<TRANSP> 6
 0.000000e+00 1.000000e+00 0.000000e+00 0.000000e+00 0.000000e+00 0.000000e+00
 0.000000e+00 9.322485e-01 6.775149e-02 0.000000e+00 0.000000e+00 0.000000e+00
 0.000000e+00 0.000000e+00 9.384534e-01 6.154658e-02 0.000000e+00 0.000000e+00
 0.000000e+00 0.000000e+00 0.000000e+00 8.960348e-01 1.039652e-01 0.000000e+00
 0.000000e+00 0.000000e+00 0.000000e+00 0.000000e+00 9.546719e-01 4.532812e-02
 0.000000e+00 0.000000e+00 0.000000e+00 0.000000e+00 0.000000e+00 0.000000e+00
<ENDHMM>
