~o
<STREAMINFO> 1 39
<VECSIZE> 39<NULLD><MFCC_D_A_0><DIAGC>
~h "sembilan"
<BEGINHMM>
<NUMSTATES> 6
<STATE> 2
<MEAN> 39
 -1.716911e+01 -7.910026e+00 8.741003e+00 -1.393504e+00 -9.305394e-01 6.794062e-01 2.967590e+00 -6.025416e+00 -2.915896e+00 -2.827727e-01 4.477794e+00 6.191937e-01 6.622755e+01 1.300306e+00 1.038323e+00 -2.676515e-01 7.425269e-01 5.318903e-01 -3.769176e-01 -3.124223e-01 -6.590353e-02 -3.312038e-01 -2.949971e-01 -3.252957e-01 -4.693556e-02 7.107940e-02 3.306086e-01 3.265276e-01 -1.170661e-01 1.750445e-01 2.415215e-01 -5.682627e-02 -1.162586e-01 1.054723e-01 8.341159e-03 -1.199849e-01 -1.731021e-01 -4.544616e-02 -4.787146e-02
<VARIANCE> 39
 7.569028e+01 9.432065e+01 6.753783e+01 1.057273e+02 9.532810e+01 5.494920e+01 8.034659e+01 5.087116e+01 5.557274e+01 4.062328e+01 2.555082e+01 2.016469e+01 1.224607e+02 7.682161e+00 1.062266e+01 6.151177e+00 4.520877e+00 5.932805e+00 5.111474e+00 4.065618e+00 4.319552e+00 4.126447e+00 3.012743e+00 2.511266e+00 2.153686e+00 3.001334e+00 7.165426e-01 1.014057e+00 1.075574e+00 6.087558e-01 7.444499e-01 8.951564e-01 7.255343e-01 6.651672e-01 6.230676e-01 5.890816e-01 4.163423e-01 4.180875e-01 4.256399e-01
<GCONST> 1.389082e+02
<STATE> 3
<MEAN> 39
 2.700731e+00 5.178996e+00 1.017739e+00 1.161151e+01 5.073320e+00 -4.674450e-01 -3.046819e+00 6.578064e-01 -2.026512e-01 -6.785267e+00 -1.635635e+00 2.884068e+00 5.588812e+01 1.517781e-01 4.886864e-02 5.759819e-02 1.003341e-01 -3.991811e-03 3.193865e-02 -1.033498e-01 1.053333e-03 5.595338e-02 -1.526049e-01 -6.582967e-02 5.487482e-03 8.276986e-02 -1.112250e-01 -1.542159e-01 8.394631e-03 -7.881293e-02 -1.209938e-01 3.196226e-02 3.474664e-02 -6.435208e-02 -2.259101e-02 3.388890e-02 7.524255e-02 1.376421e-02 1.177072e-02
<VARIANCE> 39
 3.087510e+01 7.084383e+01 4.895457e+01 4.973844e+01 8.765139e+01 6.208279e+01 3.936248e+01 6.992007e+01 4.984930e+01 3.246406e+01 4.363455e+01 5.920243e+01 8.996800e+01 1.501075e+00 4.946794e+00 3.988474e+00 3.818556e+00 5.722987e+00 5.078023e+00 3.365406e+00 3.324545e+00 3.912487e+00 2.627113e+00 3.922402e+00 3.728098e+00 1.366387e+00 2.325803e-01 6.780108e-01 7.153409e-01 6.131890e-01 8.332428e-01 9.864988e-01 6.583384e-01 5.982672e-01 7.352439e-01 5.156313e-01 6.388916e-01 5.864992e-01 2.069994e-01
<GCONST> 1.319445e+02
<STATE> 4
<MEAN> 39
 1.078911e+00 -6.823077e+00 5.796102e+00 -8.737179e+00 7.325381e+00 -1.888741e+01 1.312897e+01 -1.776348e+01 -3.569591e+00 -8.949864e+00 -3.986579e+00 -2.686239e+00 7.751140e+01 2.588413e-02 -2.580188e-01 -1.333275e-01 -1.425795e-01 -2.560205e-01 1.488885e-01 2.154135e-01 7.848032e-02 2.040302e-01 8.448081e-02 9.019248e-02 2.435808e-02 1.053745e-01 -3.767657e-02 3.810943e-03 1.183049e-02 -2.437960e-02 6.146927e-03 4.457864e-02 8.973886e-04 3.743790e-02 4.959465e-02 2.244926e-02 1.995396e-02 3.874053e-03 -6.224022e-03
<VARIANCE> 39
 2.194032e+01 7.860734e+01 3.884868e+01 7.086787e+01 7.897989e+01 1.417267e+02 1.004588e+02 5.739039e+01 5.352353e+01 4.584819e+01 5.299921e+01 4.861685e+01 6.099019e+01 1.208912e+00 4.273594e+00 2.522099e+00 4.191355e+00 3.606345e+00 3.876989e+00 3.160292e+00 3.899863e+00 3.664117e+00 3.480894e+00 3.841286e+00 3.228775e+00 2.570798e+00 2.235528e-01 5.548474e-01 4.320267e-01 6.912346e-01 5.108314e-01 7.009580e-01 5.333374e-01 7.104354e-01 6.782148e-01 6.239663e-01 6.594062e-01 5.299957e-01 3.349361e-01
<GCONST> 1.316630e+02
<STATE> 5
<MEAN> 39
 -9.367607e-01 5.000968e+00 -1.599876e+00 4.490142e+00 1.203052e+00 -4.834457e+00 -4.928640e+00 -4.176380e+00 -2.562484e+00 -4.998405e+00 1.037899e+00 2.496565e+00 7.079492e+01 -6.771991e-02 -3.987676e-02 -1.851326e-01 -8.841123e-02 -5.643975e-02 -1.352800e-02 6.922388e-02 6.190568e-02 4.038047e-02 4.001961e-02 1.160960e-02 6.788262e-02 -8.539020e-02 -1.397888e-02 -2.405157e-02 9.699825e-04 -1.849056e-02 -8.637981e-03 -1.768616e-03 1.105309e-02 -9.699757e-03 -1.397119e-02 5.527209e-03 1.807074e-02 9.001561e-03 6.863234e-03
<VARIANCE> 39
 2.398719e+01 5.299086e+01 6.044407e+01 7.432957e+01 6.988798e+01 5.089110e+01 3.884853e+01 4.957676e+01 4.088651e+01 4.017451e+01 4.922209e+01 4.881868e+01 4.799046e+01 4.665350e-01 1.312700e+00 1.160863e+00 1.676628e+00 1.639910e+00 1.569730e+00 1.895638e+00 1.602973e+00 1.996838e+00 1.625459e+00 1.660796e+00 1.723824e+00 6.276069e-01 5.303145e-02 1.824321e-01 1.475875e-01 2.057636e-01 2.277175e-01 2.785586e-01 3.271833e-01 2.852743e-01 3.281628e-01 2.786420e-01 2.812131e-01 2.540022e-01 6.953114e-02
<GCONST> 1.050712e+02
<TRANSP> 6
 0.000000e+00 7.186779e-01 2.813221e-01 0.000000e+00 0.000000e+00 0.000000e+00
 0.000000e+00 8.847833e-01 9.697346e-02 1.824321e-02 0.000000e+00 0.000000e+00
 0.000000e+00 0.000000e+00 9.323798e-01 2.158402e-02 4.603619e-02 0.000000e+00
 0.000000e+00 0.000000e+00 0.000000e+00 9.639363e-01 2.309020e-03 3.375473e-02
 0.000000e+00 0.000000e+00 0.000000e+00 0.000000e+00 9.735218e-01 2.647814e-02
 0.000000e+00 0.000000e+00 0.000000e+00 0.000000e+00 0.000000e+00 0.000000e+00
<ENDHMM>
