~o
<STREAMINFO> 1 39
<VECSIZE> 39<NULLD><MFCC_D_A_0><DIAGC>
~h "sepuluh"
<BEGINHMM>
<NUMSTATES> 6
<STATE> 2
<MEAN> 39
 -1.344825e+01 -4.961135e+00 3.778074e+00 -2.230330e+00 -4.363265e-01 2.753721e+00 -2.318299e+00 -1.792672e+00 -9.727241e-01 -1.226451e+00 3.834476e-01 3.128647e+00 6.291795e+01 6.313159e-01 6.697907e-01 -5.260003e-01 4.117772e-01 7.483970e-02 -5.217315e-01 -4.074865e-01 2.978817e-01 1.872925e-01 -2.686843e-02 -2.052276e-02 -1.103169e-01 -1.544112e-01 1.667754e-01 2.133664e-01 -7.229192e-02 1.620481e-01 -9.660783e-03 -2.167523e-01 -9.462848e-02 1.603748e-01 1.326553e-02 -1.790852e-02 -4.897646e-02 -8.645179e-02 -5.503206e-02
<VARIANCE> 39
 5.371949e+01 7.684857e+01 5.144712e+01 4.513748e+01 4.215214e+01 3.733760e+01 4.015640e+01 2.657432e+01 3.197095e+01 2.781426e+01 1.936554e+01 2.126311e+01 8.556242e+01 5.279793e+00 6.181670e+00 3.769599e+00 4.161318e+00 3.574349e+00 4.688736e+00 3.681947e+00 2.537050e+00 2.585497e+00 2.177477e+00 2.396507e+00 1.916534e+00 2.655421e+00 8.162515e-01 7.065141e-01 6.735724e-01 5.841537e-01 5.567452e-01 8.493044e-01 6.823875e-01 4.490150e-01 4.606553e-01 4.870082e-01 4.059485e-01 3.153921e-01 2.819031e-01
<GCONST> 1.266368e+02
<STATE> 3
<MEAN> 39
 2.686344e+00 5.800368e+00 -1.335347e+00 4.672735e+00 -2.281225e+00 -2.188246e+00 -6.578981e+00 6.855837e+00 7.483676e+00 -1.073271e+01 -6.924610e+00 1.584491e+00 5.032561e+01 4.251423e-01 2.026909e-01 4.236622e-02 -8.298844e-02 -2.754700e-01 -1.486198e-01 -5.015079e-02 3.509435e-01 3.782671e-01 -2.639968e-01 -2.530656e-01 -1.781036e-02 2.379261e-01 -5.564354e-02 -1.812970e-01 -2.651303e-02 -6.973356e-02 -6.586649e-03 8.372838e-02 3.151362e-02 -4.940783e-02 -2.335905e-02 1.795417e-02 2.801608e-03 3.181143e-02 4.362695e-02
<VARIANCE> 39
 5.516045e+01 3.227881e+01 6.403958e+01 1.939646e+01 8.459810e+01 4.069892e+01 4.102422e+01 4.152755e+01 6.765231e+01 6.850255e+01 4.269168e+01 3.896844e+01 4.683720e+01 2.376359e+00 3.643045e+00 8.085018e+00 2.359613e+00 1.010114e+01 4.633142e+00 4.642763e+00 3.896718e+00 7.394035e+00 5.948859e+00 4.150470e+00 4.186489e+00 2.010609e+00 4.055476e-01 8.199638e-01 1.345409e+00 5.388312e-01 1.839864e+00 8.398641e-01 9.408576e-01 6.699031e-01 1.348512e+00 1.226730e+00 8.363752e-01 7.430490e-01 3.561142e-01
<GCONST> 1.383075e+02
<STATE> 4
<MEAN> 39
 3.285369e-01 3.569408e+00 -2.705657e+00 6.504133e+00 -2.211784e-01 -1.188070e+01 -9.045362e+00 7.542256e+00 3.250191e+00 -4.730282e+00 -5.344528e+00 -2.107026e+00 6.983469e+01 -2.576486e-01 -7.246259e-02 -1.243302e-01 -7.248788e-02 3.439052e-02 2.225769e-01 3.014023e-01 1.901051e-02 -7.344203e-02 -4.873723e-02 -7.383583e-02 6.674527e-02 -1.896049e-01 -7.141822e-02 3.663454e-04 6.127769e-03 -3.396016e-02 3.236541e-02 1.174986e-01 3.866838e-02 -7.297613e-02 -1.668097e-02 3.828016e-02 3.299012e-02 3.124001e-02 -5.110237e-02
<VARIANCE> 39
 1.170895e+01 3.516599e+01 4.904260e+01 2.476253e+01 4.379807e+01 3.723682e+01 4.398299e+01 3.316320e+01 2.497172e+01 3.260490e+01 1.792163e+01 2.384821e+01 2.501487e+01 4.013331e-01 7.705338e-01 1.448589e+00 1.440985e+00 1.972941e+00 2.072299e+00 1.320180e+00 1.825073e+00 1.545034e+00 1.299513e+00 1.334522e+00 1.374825e+00 4.199267e-01 4.685545e-02 1.285952e-01 2.074051e-01 2.370345e-01 3.201733e-01 4.538419e-01 2.469097e-01 3.910598e-01 2.802694e-01 1.832565e-01 2.044040e-01 2.249862e-01 4.062566e-02
<GCONST> 9.610477e+01
<STATE> 5
<MEAN> 39
 -4.570730e+00 7.414455e+00 -2.967416e+00 -1.021608e-01 -4.995955e+00 -2.016902e+00 1.364727e+00 7.792837e+00 3.597472e+00 -5.412237e+00 -3.016491e+00 2.187590e+00 4.933688e+01 -6.502860e-01 -1.254835e-01 -3.989955e-01 -8.109568e-01 -1.305836e-01 5.540527e-03 1.119120e-01 -6.606230e-01 -8.894065e-01 5.430807e-01 6.537861e-01 1.275361e-01 -3.795867e-01 1.451127e-01 -5.625258e-02 7.781341e-02 6.357629e-02 -2.390747e-02 -5.514806e-02 -1.522022e-01 4.098257e-02 3.653974e-02 -1.241411e-01 3.443744e-02 3.660101e-02 1.422138e-01
<VARIANCE> 39
 3.574174e+01 3.727449e+01 6.893612e+01 5.767532e+01 4.566823e+01 3.769469e+01 3.329145e+01 7.102814e+01 1.005943e+02 4.309391e+01 3.102183e+01 2.642729e+01 9.503008e+01 1.696746e+00 3.343474e+00 5.382723e+00 3.371670e+00 4.022107e+00 3.227489e+00 3.971917e+00 3.376642e+00 4.927028e+00 3.590222e+00 3.638776e+00 2.646326e+00 2.566049e+00 2.269653e-01 6.050302e-01 1.001454e+00 8.626413e-01 5.211198e-01 6.597804e-01 8.278630e-01 7.514223e-01 1.273642e+00 6.359090e-01 8.376051e-01 4.983686e-01 3.283512e-01
<GCONST> 1.320188e+02
<TRANSP> 6
 0.000000e+00 1.000000e+00 0.000000e+00 0.000000e+00 0.000000e+00 0.000000e+00
 0.000000e+00 9.334704e-01 6.652968e-02 0.000000e+00 0.000000e+00 0.000000e+00
 0.000000e+00 0.000000e+00 9.389984e-01 6.100160e-02 0.000000e+00 0.000000e+00
 0.000000e+00 0.000000e+00 0.000000e+00 9.371595e-01 6.284051e-02 0.000000e+00
 0.000000e+00 0.000000e+00 0.000000e+00 0.000000e+00 8.793411e-01 1.206589e-01
 0.000000e+00 0.000000e+00 0.000000e+00 0.000000e+00 0.000000e+00 0.000000e+00
<ENDHMM>
