~o
<STREAMINFO> 1 39
<VECSIZE> 39<NULLD><PLP_D_A_0><DIAGC>
~h "tambah"
<BEGINHMM>
<NUMSTATES> 8
<STATE> 2
<MEAN> 39
 -2.984658e-01 -9.651124e-01 -6.086897e-01 -1.053844e+00 -1.392398e+00 -6.558877e-01 1.335150e-01 -6.752851e-01 -1.675026e-01 -4.574756e-01 2.036699e-01 5.016539e-01 5.563345e+00 1.821394e-01 1.699103e-01 -2.224047e-02 5.431332e-02 7.234636e-02 -4.526243e-02 -3.837844e-02 6.520290e-02 6.545690e-02 -7.328260e-02 -1.523908e-01 -8.196218e-02 2.756625e-02 -4.511478e-02 5.141127e-02 2.669181e-02 4.870412e-02 8.140612e-02 -1.318299e-02 -3.181789e-02 -1.056081e-02 -5.499387e-03 -1.742546e-03 -7.546191e-02 -7.599359e-02 -6.478760e-02
<VARIANCE> 39
 3.988927e-01 5.151696e-01 2.348526e-01 6.979437e-01 2.567274e-01 2.405879e-01 6.644225e-01 5.396325e-01 3.615681e-01 2.165596e-01 1.929413e-01 2.104574e-01 1.145992e+00 3.518508e-02 5.340492e-02 2.893418e-02 3.829366e-02 5.752227e-02 2.694032e-02 3.564344e-02 2.999023e-02 3.065116e-02 1.954429e-02 5.161557e-02 5.551561e-02 6.375419e-02 6.361309e-03 9.807490e-03 5.119049e-03 6.496494e-03 6.550350e-03 5.527135e-03 6.944096e-03 6.907504e-03 5.857897e-03 4.648987e-03 6.192501e-03 7.042253e-03 1.095925e-02
<GCONST> -4.878891e+01
<STATE> 3
<MEAN> 39
 -9.342580e-02 -5.526565e-02 -4.724900e-01 -5.879043e-01 -2.856043e-01 -1.106028e+00 -3.641879e-01 -6.856809e-01 4.410595e-03 -8.895536e-01 -1.118666e+00 -5.588515e-01 5.434084e+00 -4.644539e-02 1.586484e-01 6.677637e-02 1.379512e-01 2.353629e-01 -2.688962e-02 -1.240826e-01 -3.319452e-02 -2.863289e-02 -5.442550e-02 -2.005767e-01 -1.993825e-01 -1.312831e-01 3.940084e-03 -6.918067e-02 -1.505931e-02 -7.329057e-02 -1.120474e-01 2.702478e-02 4.020135e-02 -7.504301e-03 -5.414319e-03 2.853721e-02 1.199229e-01 1.099078e-01 5.576942e-02
<VARIANCE> 39
 8.807588e-02 3.234158e-01 2.539825e-01 5.643775e-01 1.897253e-01 2.389105e-01 5.984789e-01 4.765072e-01 2.444877e-01 2.160787e-01 2.153074e-01 1.078483e-01 5.088205e-01 1.660734e-03 1.283991e-02 1.025640e-02 1.601663e-02 3.076226e-02 1.174809e-02 1.320229e-02 1.380623e-02 2.128032e-02 1.524944e-02 4.450836e-02 4.139184e-02 8.926732e-03 1.003069e-03 2.351301e-03 2.648598e-03 2.860794e-03 6.705219e-03 2.489023e-03 2.497323e-03 2.548757e-03 3.874796e-03 3.531813e-03 5.906811e-03 8.147285e-03 1.704370e-03
<GCONST> -7.583385e+01
<STATE> 4
<MEAN> 39
 -1.780612e-01 3.517326e-01 -4.112452e-01 -3.575474e-01 -1.534977e-01 -9.647946e-01 -5.969210e-01 -6.234026e-01 -8.721818e-02 -8.180781e-01 -1.107247e+00 -6.549684e-01 5.011827e+00 5.882895e-02 -1.275579e-01 -2.920679e-02 -1.947524e-01 -3.254155e-01 2.347819e-02 7.536241e-02 -2.831291e-02 5.686376e-03 6.161103e-02 2.549348e-01 2.876302e-01 1.264292e-01 2.130123e-02 -1.395753e-01 -1.996033e-02 -7.326487e-02 -1.415515e-01 4.015522e-02 6.948314e-02 -7.451938e-03 2.295149e-02 2.334832e-02 1.205326e-01 1.526242e-01 9.856962e-02
<VARIANCE> 39
 7.437711e-02 2.356493e-01 2.349006e-01 3.837594e-01 2.448001e-01 1.970478e-01 4.068837e-01 4.508043e-01 2.490058e-01 2.865172e-01 2.217497e-01 1.419229e-01 5.873471e-01 2.367801e-03 2.228631e-02 1.441641e-02 1.346326e-02 3.083344e-02 1.509786e-02 1.244129e-02 9.410457e-03 1.969307e-02 3.469953e-02 2.474691e-02 3.412532e-02 1.147645e-02 8.957183e-04 1.956932e-03 4.258564e-03 4.721233e-03 7.721639e-03 3.181565e-03 2.678952e-03 2.778986e-03 5.585901e-03 7.005272e-03 8.415357e-03 8.948394e-03 1.825465e-03
<GCONST> -7.252569e+01
<STATE> 5
<MEAN> 39
 1.066534e-01 -6.949885e-01 -6.171879e-01 -1.254300e+00 -1.486317e+00 -8.060391e-01 -1.249102e-01 -7.485816e-01 1.416927e-01 -6.423411e-01 -1.373116e-01 5.850313e-01 5.859657e+00 1.211866e-02 -3.088448e-01 -2.926220e-02 -1.207875e-01 -2.105189e-01 1.549617e-01 1.445995e-01 -5.920685e-02 8.053599e-02 6.809860e-02 2.368603e-01 2.923436e-01 1.918999e-01 -4.956304e-02 3.917488e-02 2.044160e-02 8.981648e-02 1.426445e-01 1.006082e-02 4.917020e-03 6.244538e-03 -2.809274e-02 -6.676311e-03 -6.460043e-02 -1.030322e-01 -6.285014e-02
<VARIANCE> 39
 7.294764e-02 6.578541e-01 2.467246e-01 7.849693e-01 1.831724e-01 4.301197e-01 6.874495e-01 5.815018e-01 3.481665e-01 4.650972e-01 1.473659e-01 2.071807e-01 8.310595e-01 7.323169e-03 2.036503e-02 2.633952e-02 3.662539e-02 5.458720e-02 2.340984e-02 1.887473e-02 1.511419e-02 3.298533e-02 4.435947e-02 3.271548e-02 4.001496e-02 1.768864e-02 1.704175e-03 7.774843e-03 5.678038e-03 3.030762e-03 4.575820e-03 5.344327e-03 5.658917e-03 2.739161e-03 6.279786e-03 8.970333e-03 3.988499e-03 6.716031e-03 3.365178e-03
<GCONST> -5.963411e+01
<STATE> 6
<MEAN> 39
 -3.988278e-01 -1.020116e+00 -8.622051e-01 -1.351635e+00 -1.053353e+00 -4.784080e-01 1.777543e-01 -7.682383e-01 2.906885e-01 -4.184611e-01 -9.257705e-03 3.684611e-01 5.835507e+00 -1.116274e-01 1.316141e-02 3.723963e-02 8.368009e-02 1.129962e-01 4.059489e-02 1.146361e-02 -1.000771e-02 -8.839305e-02 3.142418e-02 3.231422e-02 -5.521571e-02 -1.220560e-01 -1.821104e-02 3.470958e-02 1.039208e-02 2.399977e-02 2.757869e-02 -3.563126e-02 -2.303293e-02 3.524166e-03 -2.333036e-02 -1.266422e-03 -2.387881e-02 -4.124898e-02 -3.089756e-02
<VARIANCE> 39
 3.328520e-01 3.510277e-01 5.530947e-01 9.208951e-01 1.956296e-01 3.843148e-01 4.463623e-01 5.252499e-01 3.535063e-01 2.573150e-01 1.469482e-01 2.415200e-01 6.611732e-01 6.685904e-03 2.188524e-02 2.071665e-02 1.666504e-02 2.081466e-02 2.215927e-02 2.946477e-02 1.352412e-02 2.000026e-02 2.292922e-02 1.461752e-02 1.727423e-02 9.828844e-03 2.417323e-03 6.137532e-03 4.253368e-03 4.061471e-03 5.058716e-03 5.505529e-03 3.640865e-03 3.213955e-03 3.442093e-03 3.709553e-03 4.293517e-03 6.474130e-03 3.028722e-03
<GCONST> -6.572432e+01
<STATE> 7
<MEAN> 39
 -7.382107e-01 -9.194356e-01 -1.860866e-01 -7.432303e-01 -4.304722e-01 -6.836554e-01 2.366187e-03 -9.697045e-01 -4.480720e-01 -4.357825e-01 5.412274e-02 1.188209e-01 5.241669e+00 -6.250348e-02 1.871443e-02 3.611716e-02 5.052106e-02 6.012297e-02 -6.197508e-02 -5.469513e-02 -1.037841e-02 -5.158024e-02 -5.486974e-03 -4.111579e-02 -6.084191e-02 -4.369074e-02 3.024964e-02 3.733082e-03 -6.679206e-03 -2.219316e-02 -2.315148e-02 -2.275205e-03 -2.023880e-02 -1.279695e-03 2.529112e-02 -1.554513e-02 -1.290965e-02 8.592630e-03 2.246651e-02
<VARIANCE> 39
 6.432135e-01 6.316025e-01 6.395879e-01 1.006694e+00 5.811053e-01 4.410185e-01 5.698447e-01 6.779246e-01 3.642194e-01 2.854921e-01 3.588815e-01 2.396570e-01 9.863560e-01 8.458551e-02 7.646963e-02 5.193369e-02 5.754041e-02 5.503910e-02 4.115514e-02 5.195473e-02 3.968008e-02 4.541100e-02 3.871641e-02 3.457409e-02 3.120291e-02 4.642416e-02 1.364661e-02 1.433701e-02 9.670632e-03 9.794856e-03 1.015080e-02 8.339461e-03 1.012798e-02 7.690309e-03 8.181848e-03 7.767801e-03 7.138837e-03 6.130561e-03 9.232165e-03
<GCONST> -3.710694e+01
<TRANSP> 8
 0.000000e+00 8.636261e-01 1.363739e-01 0.000000e+00 0.000000e+00 0.000000e+00 0.000000e+00 0.000000e+00
 0.000000e+00 7.786969e-01 2.213031e-01 0.000000e+00 0.000000e+00 0.000000e+00 0.000000e+00 0.000000e+00
 0.000000e+00 0.000000e+00 6.643682e-01 3.233491e-01 1.228259e-02 0.000000e+00 0.000000e+00 0.000000e+00
 0.000000e+00 0.000000e+00 0.000000e+00 5.245636e-01 4.719098e-01 3.526609e-03 0.000000e+00 0.000000e+00
 0.000000e+00 0.000000e+00 0.000000e+00 0.000000e+00 6.119918e-01 3.880082e-01 0.000000e+00 0.000000e+00
 0.000000e+00 0.000000e+00 0.000000e+00 0.000000e+00 0.000000e+00 7.655808e-01 2.344191e-01 0.000000e+00
 0.000000e+00 0.000000e+00 0.000000e+00 0.000000e+00 0.000000e+00 0.000000e+00 7.854024e-01 2.145976e-01
 0.000000e+00 0.000000e+00 0.000000e+00 0.000000e+00 0.000000e+00 0.000000e+00 0.000000e+00 0.000000e+00
<ENDHMM>
