~o
<STREAMINFO> 1 39
<VECSIZE> 39<NULLD><PLP_D_A_0><DIAGC>
~h "tiga"
<BEGINHMM>
<NUMSTATES> 8
<STATE> 2
<MEAN> 39
 -8.804599e-01 -1.208169e+00 -1.935898e-02 2.452273e-01 -2.848511e-01 -1.167524e+00 -1.182185e+00 -8.534825e-01 -3.868768e-01 -5.108247e-01 1.443074e-01 -5.087839e-02 5.003352e+00 1.787975e-01 5.014008e-03 2.119481e-01 3.279964e-01 1.632222e-01 -2.136672e-01 -2.098956e-01 -2.064734e-02 -8.705013e-02 -6.463835e-02 -7.823480e-02 -9.674478e-02 1.722787e-01 -2.444864e-02 7.786300e-02 -3.477641e-02 -9.966980e-03 8.862358e-03 1.517378e-02 7.043348e-02 4.837627e-02 -4.259370e-03 1.590635e-02 -2.743907e-02 -2.537159e-03 -8.805299e-02
<VARIANCE> 39
 2.531466e-01 4.325708e-01 6.153283e-01 8.553410e-01 6.351021e-01 8.106389e-01 6.234838e-01 2.519369e-01 3.075185e-01 3.324722e-01 3.103562e-01 1.461208e-01 1.181647e+00 1.670248e-02 7.181599e-02 3.917781e-02 4.997916e-02 4.572074e-02 5.907154e-02 4.881239e-02 3.555788e-02 3.311652e-02 2.505187e-02 3.521804e-02 1.425956e-02 4.789147e-02 5.734637e-03 1.257440e-02 1.058738e-02 1.498766e-02 9.306706e-03 1.211995e-02 1.429238e-02 6.532095e-03 7.033661e-03 6.614461e-03 5.709974e-03 2.663461e-03 1.054968e-02
<GCONST> -4.413611e+01
<STATE> 3
<MEAN> 39
 -7.446193e-01 -8.933864e-01 7.024885e-01 5.763915e-01 3.574501e-01 -2.039412e+00 -9.507666e-01 -6.552691e-01 -5.263785e-01 -5.213261e-01 -4.110241e-01 -2.731307e-01 5.357068e+00 -3.887353e-02 1.640904e-01 -7.868996e-02 -2.568150e-02 2.689350e-03 1.176758e-01 1.422471e-01 4.353884e-02 3.688608e-02 1.740857e-02 -2.335399e-02 -7.508146e-03 -1.658694e-01 -2.247526e-02 -4.495884e-02 -6.285400e-02 -9.508215e-02 -4.357369e-02 7.419028e-02 3.218732e-02 -3.196913e-02 2.024747e-02 9.434080e-03 3.912032e-02 3.268497e-02 1.230098e-02
<VARIANCE> 39
 9.503619e-02 6.726996e-01 1.015950e+00 9.335744e-01 2.862110e-01 1.332454e+00 5.152890e-01 3.573174e-01 2.303716e-01 2.092925e-01 4.655953e-01 1.393963e-01 8.871534e-01 9.652878e-03 2.415767e-02 3.364296e-02 2.935031e-02 1.756031e-02 5.931282e-02 2.690057e-02 1.857926e-02 2.094029e-02 2.001268e-02 2.990897e-02 1.394833e-02 2.211212e-02 3.094819e-03 1.145239e-02 5.029568e-03 8.680887e-03 6.249757e-03 1.030236e-02 8.338285e-03 3.360229e-03 5.699238e-03 4.447390e-03 5.050436e-03 3.847722e-03 1.046613e-02
<GCONST> -5.520292e+01
<STATE> 4
<MEAN> 39
 -9.631660e-01 -7.881704e-01 -9.903816e-02 1.347622e-01 1.324336e-01 -1.005749e+00 -7.000663e-01 -8.732826e-01 -3.619429e-01 -4.690914e-01 -9.422307e-02 -2.091295e-01 5.023109e+00 8.155186e-02 -2.196315e-01 -9.147524e-02 -2.291578e-01 -9.962691e-02 -1.826140e-03 -8.703736e-02 -1.352750e-01 -5.082092e-02 2.340049e-02 1.411940e-01 1.337236e-01 2.644605e-01 7.816615e-02 -3.187870e-02 1.960221e-02 -1.596158e-02 -4.401416e-02 -7.420214e-02 -5.662536e-02 3.941204e-04 -2.767273e-02 -8.516018e-03 3.691176e-02 4.521661e-02 7.387817e-02
<VARIANCE> 39
 2.262846e-01 7.159289e-01 5.818580e-01 8.903180e-01 4.431478e-01 3.318490e-01 4.961125e-01 4.942197e-01 3.100524e-01 2.712978e-01 1.801746e-01 1.102147e-01 1.103117e+00 2.844556e-02 4.227809e-02 4.181132e-02 3.261257e-02 2.966322e-02 7.322417e-02 6.982946e-02 2.438123e-02 3.913391e-02 3.541503e-02 2.861794e-02 1.768913e-02 3.912749e-02 2.958677e-03 1.509452e-02 1.002318e-02 7.515132e-03 6.542664e-03 1.343761e-02 1.363047e-02 8.049740e-03 7.898971e-03 8.636760e-03 6.985126e-03 3.327802e-03 1.205445e-02
<GCONST> -4.630659e+01
<STATE> 5
<MEAN> 39
 -1.714711e-01 -1.295129e+00 -2.427167e-01 -5.304716e-01 -3.584526e-01 -1.527357e+00 -1.138980e+00 -1.167427e+00 -6.720908e-01 -3.330340e-01 5.350735e-01 4.298321e-01 5.975724e+00 2.016386e-01 -2.043278e-02 -1.538894e-01 -2.460430e-01 -2.305177e-01 -3.035256e-02 1.464017e-01 1.001841e-01 -1.297623e-02 2.106074e-02 1.033058e-01 1.992823e-01 1.094389e-01 -4.643728e-02 7.381467e-02 -1.044386e-02 2.812178e-02 1.945201e-02 5.628689e-02 9.839067e-02 6.850289e-02 4.738709e-02 -1.986934e-02 -8.089491e-02 -5.443820e-02 -1.012066e-01
<VARIANCE> 39
 1.157536e-01 5.618914e-01 4.741741e-01 9.702892e-01 3.396984e-01 1.105233e+00 8.785760e-01 4.982928e-01 2.374333e-01 6.315632e-01 3.571343e-01 1.690024e-01 9.506677e-01 1.405098e-02 2.345714e-02 3.237408e-02 2.007618e-02 2.166788e-02 5.233379e-02 5.113206e-02 2.627893e-02 3.833994e-02 4.861595e-02 3.884197e-02 2.270448e-02 1.625469e-02 2.545011e-03 6.559932e-03 5.623782e-03 4.966299e-03 6.058646e-03 1.203985e-02 8.837217e-03 5.756035e-03 6.182199e-03 7.296978e-03 5.242574e-03 5.357896e-03 3.276641e-03
<GCONST> -5.168729e+01
<STATE> 6
<MEAN> 39
 -1.360234e-01 -1.128453e+00 -1.013346e+00 -1.183682e+00 -9.512772e-01 -1.323325e+00 -2.194567e-01 -5.733887e-01 -3.670687e-01 -2.549108e-01 5.247511e-01 6.803154e-01 5.925211e+00 -5.350229e-02 9.276331e-02 -1.849616e-02 -4.339710e-03 -3.660559e-02 1.069488e-01 1.079069e-01 5.998667e-02 3.778346e-02 -6.865258e-02 -7.727753e-02 -7.190035e-03 -1.415247e-01 -4.374911e-02 3.379015e-02 3.823426e-02 5.760344e-02 5.395887e-02 9.184934e-03 -3.336463e-02 -2.011116e-02 -1.269509e-02 -8.564455e-03 -1.871109e-02 -3.938486e-02 -4.836197e-02
<VARIANCE> 39
 1.626655e-01 6.031603e-01 6.669766e-01 8.662543e-01 2.363984e-01 5.904648e-01 8.132976e-01 6.422436e-01 3.298211e-01 4.563740e-01 2.936302e-01 1.460848e-01 6.562554e-01 9.152862e-03 2.325579e-02 1.514254e-02 1.536312e-02 1.375699e-02 1.791813e-02 2.543755e-02 2.207110e-02 2.031477e-02 1.789886e-02 1.651343e-02 1.490172e-02 1.792188e-02 2.014906e-03 2.901017e-03 3.104877e-03 3.497396e-03 3.794270e-03 4.433677e-03 4.341454e-03 3.760577e-03 4.064058e-03 4.527302e-03 3.477564e-03 4.108897e-03 3.780632e-03
<GCONST> -6.527348e+01
<STATE> 7
<MEAN> 39
 -4.508701e-01 -5.013714e-01 -5.334393e-01 -8.216251e-01 -5.267118e-01 -9.238378e-01 -2.507114e-01 -6.951680e-01 -5.611842e-01 -7.902027e-01 -4.422650e-02 3.065172e-01 4.998774e+00 -6.237264e-02 1.297610e-02 -2.357831e-02 7.115178e-03 4.342055e-02 -1.406833e-02 -1.110269e-02 1.362107e-02 -1.595090e-02 2.229307e-02 -1.058616e-02 -3.291013e-02 -6.068179e-02 7.641190e-03 -4.649955e-02 -7.496893e-03 -1.906345e-02 -1.854033e-02 -2.005628e-02 -8.495411e-03 -7.752147e-03 6.543731e-03 2.149721e-02 2.381163e-02 1.886616e-02 4.466914e-02
<VARIANCE> 39
 4.132654e-01 5.807250e-01 3.708820e-01 6.110021e-01 4.006986e-01 4.862433e-01 6.735085e-01 4.720544e-01 4.132062e-01 3.686197e-01 3.254215e-01 3.172067e-01 1.183129e+00 2.145806e-02 5.442440e-02 2.803045e-02 3.420200e-02 4.158390e-02 3.974051e-02 3.414090e-02 3.755827e-02 3.553792e-02 3.922997e-02 3.016521e-02 4.545425e-02 5.952862e-02 4.413408e-03 7.750844e-03 4.487847e-03 6.042408e-03 7.827585e-03 7.182887e-03 6.900446e-03 6.760424e-03 7.769065e-03 6.849166e-03 4.958645e-03 8.682986e-03 8.175060e-03
<GCONST> -4.601472e+01
<TRANSP> 8
 0.000000e+00 7.332352e-01 2.667649e-01 0.000000e+00 0.000000e+00 0.000000e+00 0.000000e+00 0.000000e+00
 0.000000e+00 6.827921e-01 3.172079e-01 0.000000e+00 0.000000e+00 0.000000e+00 0.000000e+00 0.000000e+00
 0.000000e+00 0.000000e+00 6.847290e-01 3.152710e-01 0.000000e+00 0.000000e+00 0.000000e+00 0.000000e+00
 0.000000e+00 0.000000e+00 0.000000e+00 6.566598e-01 3.433402e-01 0.000000e+00 0.000000e+00 0.000000e+00
 0.000000e+00 0.000000e+00 0.000000e+00 0.000000e+00 6.210818e-01 3.789183e-01 0.000000e+00 0.000000e+00
 0.000000e+00 0.000000e+00 0.000000e+00 0.000000e+00 0.000000e+00 7.451846e-01 2.548154e-01 0.000000e+00
 0.000000e+00 0.000000e+00 0.000000e+00 0.000000e+00 0.000000e+00 0.000000e+00 7.943793e-01 2.056207e-01
 0.000000e+00 0.000000e+00 0.000000e+00 0.000000e+00 0.000000e+00 0.000000e+00 0.000000e+00 0.000000e+00
<ENDHMM>
