~o
<STREAMINFO> 1 39
<VECSIZE> 39<NULLD><MFCC_D_A_0><DIAGC>
~h "tujuh"
<BEGINHMM>
<NUMSTATES> 6
<STATE> 2
<MEAN> 39
 4.997350e-01 -1.281151e+00 1.497243e+00 1.235429e+01 2.006639e+00 7.631412e-01 -5.806248e+00 3.232075e+00 -1.235186e+00 -1.140698e+01 1.702739e+00 2.972474e+00 5.088755e+01 4.525596e-01 -4.138079e-01 4.134558e-01 5.346162e-01 1.916547e-01 2.332739e-01 -4.625412e-01 -1.138028e-01 2.456216e-01 -2.785826e-01 1.625479e-01 1.766897e-01 5.443202e-01 5.415130e-02 1.089963e-01 -3.040569e-02 -5.505480e-02 5.948595e-02 6.283151e-02 -7.598021e-02 -9.043507e-02 -1.635479e-02 -3.595682e-02 -3.693348e-02 8.724629e-03 -8.341984e-03
<VARIANCE> 39
 3.061014e+01 1.059537e+02 4.696447e+01 7.265688e+01 6.792358e+01 4.194532e+01 6.050347e+01 5.198198e+01 3.523351e+01 5.948405e+01 3.742434e+01 3.275583e+01 4.477695e+01 3.127443e+00 1.613748e+01 4.636919e+00 4.383662e+00 8.482607e+00 4.637179e+00 8.266060e+00 6.282745e+00 3.909041e+00 7.711316e+00 4.983929e+00 3.771807e+00 5.464126e+00 4.804058e-01 3.556234e+00 9.969495e-01 8.048180e-01 1.686161e+00 9.054154e-01 1.467116e+00 1.172795e+00 8.240597e-01 1.487363e+00 9.838896e-01 7.672281e-01 1.014716e+00
<GCONST> 1.462773e+02
<STATE> 3
<MEAN> 39
 -6.781575e+00 -1.515016e+00 1.661960e+00 1.516724e+01 1.603989e+01 3.470521e+00 -8.697835e+00 -2.496337e+00 -4.893936e-01 -1.818701e+00 2.562085e+00 9.026455e-01 6.862548e+01 2.339378e-01 -2.925185e-01 3.167846e-01 2.785345e-01 5.965245e-01 3.594964e-01 -5.847588e-01 -4.555863e-01 -1.386216e-01 -2.373387e-01 3.619327e-02 8.408631e-02 4.190551e-01 7.315458e-02 9.072510e-02 -1.619857e-01 -1.372803e-01 -1.426008e-01 1.126886e-02 6.381430e-02 3.896631e-02 -7.944176e-02 -5.719992e-02 -5.843204e-02 4.065358e-02 -5.178635e-02
<VARIANCE> 39
 2.458955e+01 5.057070e+01 4.130235e+01 2.396980e+01 3.232729e+01 3.232461e+01 4.665810e+01 4.975235e+01 3.249279e+01 2.301498e+01 1.570111e+01 1.849116e+01 1.515294e+01 3.561736e+00 5.014282e+00 3.729029e+00 2.359519e+00 3.479586e+00 2.036370e+00 4.920587e+00 3.781766e+00 3.884760e+00 2.286877e+00 1.596990e+00 1.166787e+00 1.839553e+00 5.299712e-01 9.312434e-01 7.538381e-01 4.421289e-01 7.081957e-01 4.098320e-01 9.259082e-01 8.200386e-01 5.816131e-01 3.915548e-01 3.333446e-01 2.193130e-01 2.759503e-01
<GCONST> 1.200634e+02
<STATE> 4
<MEAN> 39
 3.569148e+00 -3.121073e+00 3.892098e+00 1.009920e+01 5.893882e+00 7.545791e+00 -1.294922e+01 -1.718014e+00 1.128782e+00 -1.557548e+01 -9.100796e-02 5.951859e+00 6.378702e+01 4.730993e-01 1.518278e+00 -8.921111e-01 -1.625046e+00 -1.161956e+00 -3.341093e-01 1.301338e+00 1.708167e+00 3.114851e-01 -5.892227e-01 -9.680179e-01 6.832877e-02 -4.443373e-01 -4.666045e-01 -1.438108e-03 8.913285e-02 1.524220e-01 -6.918406e-02 -3.179187e-01 5.634322e-01 4.374751e-01 2.637272e-01 4.832674e-01 4.842712e-03 -3.208735e-01 -2.853026e-01
<VARIANCE> 39
 1.759351e+01 3.268706e+01 3.130610e+01 3.229406e+01 8.860698e+01 3.190143e+01 3.403758e+01 8.690909e+01 8.287874e+01 4.010975e+01 2.802198e+01 2.431756e+01 8.401735e+01 1.355034e+00 1.409391e+00 2.663877e+00 2.185651e+00 4.476337e+00 3.072891e+00 4.318904e+00 3.535194e+00 2.636927e+00 3.405839e+00 2.324187e+00 2.496451e+00 8.517054e-01 1.705719e-01 2.757506e-01 5.668003e-01 6.310671e-01 8.739375e-01 5.035197e-01 6.654603e-01 9.537706e-01 7.844257e-01 5.592600e-01 4.825604e-01 4.019754e-01 1.143789e-01
<GCONST> 1.215099e+02
<STATE> 5
<MEAN> 39
 -1.815574e+00 5.733147e+00 -2.308174e+00 5.392085e+00 3.263377e+00 1.273314e+00 -2.183079e+00 3.374794e+00 6.378715e-02 -6.639829e+00 -3.063094e+00 1.285380e+00 6.019764e+01 -5.122831e-01 2.556659e-01 -2.520457e-01 -2.247192e-01 -3.664950e-01 -2.291135e-01 5.397111e-01 -1.079220e-01 -1.972320e-02 6.323696e-01 -7.394253e-02 -1.417477e-01 -5.575234e-01 4.619146e-02 -1.875576e-01 7.751337e-02 6.401168e-03 1.808011e-02 9.744622e-02 -1.919371e-01 -1.687702e-01 -1.468524e-02 -6.541870e-02 1.002325e-01 1.149244e-01 1.373941e-01
<VARIANCE> 39
 3.908627e+01 3.775973e+01 4.628352e+01 5.360872e+01 5.049674e+01 4.320484e+01 5.212972e+01 6.419170e+01 2.817538e+01 3.957792e+01 1.980703e+01 2.454107e+01 1.303227e+02 1.237185e+00 2.168555e+00 2.869115e+00 1.649912e+00 2.700186e+00 3.010978e+00 3.273562e+00 2.874178e+00 2.483491e+00 2.830759e+00 2.028944e+00 2.213182e+00 1.402861e+00 1.855902e-01 2.439715e-01 4.580567e-01 2.817462e-01 4.244275e-01 5.256392e-01 5.994565e-01 5.361412e-01 3.799845e-01 4.648444e-01 4.219500e-01 3.454898e-01 1.724769e-01
<GCONST> 1.181423e+02
<TRANSP> 6
 0.000000e+00 5.721478e-01 4.278522e-01 0.000000e+00 0.000000e+00 0.000000e+00
 0.000000e+00 9.431580e-01 7.172418e-03 4.966956e-02 0.000000e+00 0.000000e+00
 0.000000e+00 0.000000e+00 9.508584e-01 4.914162e-02 0.000000e+00 0.000000e+00
 0.000000e+00 0.000000e+00 0.000000e+00 8.158104e-01 1.669209e-01 1.726870e-02
 0.000000e+00 0.000000e+00 0.000000e+00 0.000000e+00 9.138302e-01 8.616982e-02
 0.000000e+00 0.000000e+00 0.000000e+00 0.000000e+00 0.000000e+00 0.000000e+00
<ENDHMM>
