~o
<STREAMINFO> 1 39
<VECSIZE> 39<NULLD><MFCC_D_A_0><DIAGC>
~h "bagi"
<BEGINHMM>
<NUMSTATES> 6
<STATE> 2
<MEAN> 39
 -4.868958e+00 -9.662870e+00 1.588252e+00 -1.484965e+01 2.619868e+00 -1.863444e+01 1.189026e+01 -1.259232e+01 -6.710760e+00 -2.623082e+00 5.724723e-01 -7.888865e-01 7.792301e+01 -2.014295e-01 -5.710907e-02 2.178698e-01 5.086130e-01 4.360881e-01 -2.000765e-01 -3.150947e-01 -4.293045e-01 -2.152308e-02 5.611362e-02 2.608114e-01 -1.490164e-01 5.257054e-02 5.749471e-03 1.830176e-01 1.575290e-01 2.421397e-01 1.523510e-01 -6.174845e-02 -5.947187e-02 -8.027405e-02 4.091391e-02 -2.031276e-01 -6.472930e-02 -2.007129e-01 -9.498052e-02
<VARIANCE> 39
 4.802169e+01 7.750308e+01 3.025331e+01 8.683203e+01 3.496382e+01 1.065765e+02 1.210906e+02 5.218060e+01 3.123736e+01 2.459181e+01 2.729250e+01 1.931867e+01 1.605882e+02 2.444442e-01 1.173492e+00 1.241000e+00 2.105228e+00 1.442188e+00 2.487639e+00 2.055936e+00 1.907673e+00 1.709064e+00 2.004150e+00 1.821817e+00 1.947339e+00 1.017388e+00 5.520521e-02 1.654243e-01 1.802528e-01 2.793754e-01 2.678266e-01 4.001496e-01 2.639242e-01 3.284430e-01 3.211836e-01 3.500513e-01 4.157284e-01 3.711971e-01 1.652441e-01
<GCONST> 1.093903e+02
<STATE> 3
<MEAN> 39
 1.512981e+00 2.794611e+00 -5.344867e-02 1.026348e+01 3.884501e+00 -2.616609e+00 -4.215653e+00 6.529516e+00 2.831326e-01 -8.186925e+00 7.592603e-01 1.695229e-01 5.664232e+01 6.670074e-01 -7.443442e-02 -8.953840e-02 9.895793e-02 -3.641943e-02 -5.401437e-01 -6.134988e-01 2.123576e-03 -1.594455e-01 -3.200096e-01 2.967210e-01 1.937395e-01 5.667148e-01 -3.849546e-02 -1.263108e-01 -4.539990e-02 -1.170941e-01 -1.195254e-01 -4.322161e-02 2.236153e-02 -4.958340e-02 1.259022e-02 6.782623e-02 5.606152e-02 1.003888e-01 3.789970e-02
<VARIANCE> 39
 4.869015e+01 5.313857e+01 4.290783e+01 9.497500e+01 6.896448e+01 6.876783e+01 5.428502e+01 4.115778e+01 3.536976e+01 6.588589e+01 5.099066e+01 3.807372e+01 9.767321e+01 3.643277e+00 5.395931e+00 4.814193e+00 4.522023e+00 5.317771e+00 7.815314e+00 5.348663e+00 3.250621e+00 4.138207e+00 5.930686e+00 4.800684e+00 4.493978e+00 3.246167e+00 5.093976e-01 8.380153e-01 8.941529e-01 7.533601e-01 8.381830e-01 1.453834e+00 1.042417e+00 6.529352e-01 8.478666e-01 1.054932e+00 8.799639e-01 7.441111e-01 4.940442e-01
<GCONST> 1.413486e+02
<STATE> 4
<MEAN> 39
 -5.978560e+00 -7.935910e+00 1.574418e+01 -5.620027e+00 1.595493e+01 -2.583300e+01 5.454901e+00 -1.437328e+01 -2.841241e+00 -1.173148e+01 -6.884933e-01 -7.179261e+00 7.750918e+01 -1.493576e-02 1.695768e-01 7.364988e-02 -1.979213e-02 -8.498522e-03 7.284807e-02 3.195543e-02 3.050480e-01 1.979007e-01 -2.602797e-01 -1.990523e-01 -6.702416e-02 -1.978646e-01 3.527295e-02 -4.384670e-02 -3.918117e-02 -7.295118e-02 -1.050901e-01 2.612489e-03 5.956854e-02 6.071821e-02 -2.968643e-02 4.526893e-02 1.485624e-02 4.618539e-02 4.575689e-02
<VARIANCE> 39
 4.092326e+01 4.116534e+01 5.159306e+01 7.015929e+01 2.911364e+01 1.330848e+02 5.865012e+01 6.954594e+01 5.728220e+01 3.879756e+01 4.863392e+01 4.120976e+01 5.166388e+01 2.980734e+00 4.258582e+00 3.159416e+00 4.209973e+00 3.287028e+00 1.003717e+01 4.434739e+00 4.621765e+00 5.832323e+00 3.632143e+00 4.216158e+00 3.571239e+00 4.093033e+00 4.524043e-01 6.113507e-01 4.259793e-01 5.988897e-01 5.867470e-01 1.442104e+00 7.389950e-01 9.045689e-01 9.765807e-01 7.011797e-01 7.436485e-01 6.689269e-01 6.099300e-01
<GCONST> 1.371579e+02
<STATE> 5
<MEAN> 39
 -4.009129e+00 3.821878e+00 -2.827305e-01 6.204891e+00 3.039239e+00 -8.985926e+00 -7.862539e+00 -2.616126e+00 -4.170466e+00 -6.124606e+00 4.462076e-01 -4.772446e-01 7.052513e+01 -3.136267e-01 1.058953e-02 1.668506e-01 1.697819e-01 2.170859e-01 2.295249e-01 7.197163e-02 -1.358941e-01 1.080207e-02 9.120803e-02 -7.245178e-02 -1.807695e-01 -1.954003e-01 -1.589267e-02 2.698053e-02 2.992837e-02 7.083018e-03 1.486702e-02 2.186938e-02 1.298446e-02 7.406600e-04 -1.211758e-03 -1.471027e-02 -3.500736e-02 -3.221086e-02 -1.111577e-02
<VARIANCE> 39
 3.918491e+01 4.226095e+01 3.790853e+01 6.080825e+01 6.210162e+01 3.563572e+01 3.676155e+01 2.054907e+01 2.290240e+01 5.485996e+01 5.825166e+01 5.239410e+01 2.535540e+01 9.121135e-01 1.209210e+00 1.143407e+00 1.783894e+00 1.455284e+00 1.766106e+00 1.844718e+00 1.245748e+00 1.740060e+00 1.253349e+00 1.286925e+00 1.345703e+00 6.887119e-01 1.217440e-01 1.875378e-01 1.679052e-01 2.366072e-01 2.302717e-01 2.943027e-01 2.901887e-01 2.294522e-01 3.128400e-01 2.471082e-01 2.414816e-01 2.395466e-01 8.865176e-02
<GCONST> 1.028578e+02
<TRANSP> 6
 0.000000e+00 4.227429e-01 5.772571e-01 0.000000e+00 0.000000e+00 0.000000e+00
 0.000000e+00 8.789228e-01 4.947693e-02 7.160024e-02 0.000000e+00 0.000000e+00
 0.000000e+00 0.000000e+00 9.281940e-01 1.792740e-02 5.387861e-02 0.000000e+00
 0.000000e+00 0.000000e+00 0.000000e+00 9.504585e-01 0.000000e+00 4.954148e-02
 0.000000e+00 0.000000e+00 0.000000e+00 0.000000e+00 9.752503e-01 2.474971e-02
 0.000000e+00 0.000000e+00 0.000000e+00 0.000000e+00 0.000000e+00 0.000000e+00
<ENDHMM>
