~o
<STREAMINFO> 1 39
<VECSIZE> 39<NULLD><MFCC_D_A_0><DIAGC>
~h "belas"
<BEGINHMM>
<NUMSTATES> 6
<STATE> 2
<MEAN> 39
 2.627328e+00 1.204111e+00 -5.533144e+00 1.581266e+00 -2.593862e+00 -6.259004e+00 -3.113140e+00 -3.506852e+00 -2.442500e+00 -4.814936e+00 1.111387e+00 7.026535e+00 7.342014e+01 4.272252e-02 -2.983294e-01 -2.564380e-02 -3.066485e-01 -2.531542e-01 1.166548e-02 4.372989e-02 -7.950507e-02 8.931960e-02 2.592533e-01 3.732146e-01 2.931118e-01 2.537371e-01 -8.579451e-02 3.379231e-02 1.079670e-01 -4.438306e-03 5.001112e-02 1.001768e-01 4.541222e-02 9.303820e-03 -2.499467e-02 -7.314254e-03 1.000073e-02 -6.288813e-02 -4.866164e-02
<VARIANCE> 39
 1.430581e+01 5.382380e+01 7.526999e+01 7.018023e+01 6.396179e+01 6.449937e+01 3.283835e+01 5.590901e+01 6.251065e+01 5.367555e+01 4.242098e+01 4.526294e+01 5.146111e+01 5.003770e-01 1.309446e+00 1.303011e+00 1.500507e+00 1.876148e+00 2.025834e+00 1.772508e+00 1.549720e+00 2.766628e+00 2.120372e+00 1.621687e+00 1.541888e+00 6.499375e-01 8.741649e-02 1.766838e-01 1.748817e-01 2.275402e-01 2.444200e-01 3.192998e-01 3.126757e-01 2.567229e-01 4.160440e-01 3.652861e-01 2.658207e-01 2.624670e-01 7.410354e-02
<GCONST> 1.075872e+02
<STATE> 3
<MEAN> 39
 -9.754598e+00 -9.866298e+00 1.065870e+01 -2.006347e+01 9.178055e+00 -1.195053e+01 1.808195e+01 -1.388460e+01 5.286750e+00 -6.217342e+00 3.741178e+00 -2.264699e+00 8.003808e+01 -2.489048e-01 1.029294e-01 1.083484e-01 -5.781861e-02 1.558631e-01 2.624516e-01 5.803078e-02 2.192171e-01 2.826318e-01 9.803343e-02 2.588927e-01 -8.296719e-02 -2.584578e-01 2.799415e-02 1.248179e-02 1.218573e-02 3.902286e-02 9.562899e-03 -1.679047e-03 -3.204284e-02 -8.675184e-03 -5.108619e-02 -8.829379e-03 -3.451929e-02 8.625470e-03 -2.143464e-02
<VARIANCE> 39
 1.444210e+02 4.923402e+01 8.494202e+01 4.334865e+01 1.396359e+02 8.485258e+01 4.751796e+01 6.342746e+01 7.342943e+01 4.413356e+01 5.941716e+01 4.183574e+01 6.108245e+01 4.721079e+00 2.568289e+00 3.544148e+00 2.736101e+00 4.490324e+00 2.671157e+00 3.987686e+00 3.590058e+00 4.074453e+00 3.287884e+00 3.733497e+00 3.033671e+00 2.150387e+00 5.341246e-01 3.395497e-01 4.095858e-01 4.049287e-01 5.035990e-01 4.035007e-01 6.595287e-01 5.984098e-01 6.258506e-01 5.752699e-01 6.339809e-01 5.368481e-01 3.011084e-01
<GCONST> 1.325367e+02
<STATE> 4
<MEAN> 39
 -6.480288e+00 -4.827240e+00 4.776237e+00 -4.276001e-01 -4.097680e+00 1.438020e+00 -1.821538e+00 -2.547512e+00 -1.680480e+00 -5.143129e+00 2.511769e+00 4.575808e+00 6.183785e+01 -1.033307e+00 -3.187355e-01 4.200283e-01 -4.644709e-01 -1.562875e-01 1.268388e-01 1.075717e-01 -2.658032e-01 -1.472290e-01 1.631772e-01 -3.180596e-02 -3.097639e-01 -1.965864e-01 8.934783e-03 -2.095695e-02 -9.686892e-02 -3.282844e-02 -3.582647e-02 -9.091046e-02 -4.718439e-02 -1.214144e-02 3.652212e-02 -3.103919e-02 -4.179218e-02 2.959961e-02 3.251176e-02
<VARIANCE> 39
 1.288266e+02 1.138197e+02 8.450900e+01 7.739265e+01 6.544443e+01 7.428887e+01 5.601217e+01 7.020084e+01 6.974548e+01 6.476907e+01 5.925661e+01 5.066133e+01 1.492147e+02 5.504204e+00 5.746168e+00 5.886315e+00 4.308981e+00 4.717704e+00 5.214826e+00 3.368136e+00 3.444410e+00 4.390312e+00 4.021915e+00 3.372172e+00 3.112117e+00 2.312733e+00 5.760032e-01 8.298076e-01 7.880222e-01 7.582623e-01 8.586513e-01 9.068399e-01 6.041463e-01 6.669886e-01 7.771051e-01 7.039828e-01 5.538797e-01 5.107424e-01 3.393355e-01
<GCONST> 1.412931e+02
<STATE> 5
<MEAN> 39
 -1.903253e+01 -4.750918e+00 2.802741e+00 -8.701015e+00 -4.436076e+00 -4.236951e-01 -2.903599e-01 -6.633380e+00 -7.280338e-01 -8.839664e-01 2.443823e+00 1.081031e+00 6.841137e+01 1.334890e-01 1.558017e-01 -3.103407e-01 3.596039e-01 1.230824e-01 1.551558e-01 4.698841e-02 1.853825e-01 2.824220e-02 4.532067e-02 -8.338687e-02 -5.168170e-02 -5.808264e-01 1.378613e-01 6.832357e-02 -6.890810e-02 8.809594e-02 3.611895e-02 5.023906e-03 5.134140e-03 4.284917e-02 -9.139745e-03 -8.463819e-03 3.913657e-03 7.486570e-03 -2.155604e-02
<VARIANCE> 39
 2.759191e+01 3.791507e+01 6.145199e+01 4.787117e+01 3.254616e+01 3.296204e+01 3.746241e+01 1.805503e+01 2.553213e+01 2.527669e+01 1.487107e+01 2.339828e+01 7.955576e+01 8.574694e-01 8.794935e-01 1.173104e+00 1.039744e+00 9.860702e-01 9.809741e-01 1.082698e+00 1.036424e+00 1.167570e+00 9.933077e-01 1.041699e+00 9.048371e-01 7.417142e-01 1.241663e-01 1.247496e-01 1.702626e-01 1.971903e-01 1.877989e-01 2.007144e-01 2.114859e-01 2.161131e-01 2.183420e-01 2.094299e-01 2.045203e-01 1.763986e-01 8.456014e-02
<GCONST> 9.379584e+01
<TRANSP> 6
 0.000000e+00 7.967076e-01 2.032924e-01 0.000000e+00 0.000000e+00 0.000000e+00
 0.000000e+00 9.266760e-01 2.374799e-03 7.094912e-02 0.000000e+00 0.000000e+00
 0.000000e+00 0.000000e+00 9.701806e-01 2.981943e-02 0.000000e+00 0.000000e+00
 0.000000e+00 0.000000e+00 0.000000e+00 9.241165e-01 3.962117e-02 3.626236e-02
 0.000000e+00 0.000000e+00 0.000000e+00 0.000000e+00 9.492852e-01 5.071478e-02
 0.000000e+00 0.000000e+00 0.000000e+00 0.000000e+00 0.000000e+00 0.000000e+00
<ENDHMM>
