~o
<STREAMINFO> 1 39
<VECSIZE> 39<NULLD><MFCC_D_A_0><DIAGC>
~h "delapan"
<BEGINHMM>
<NUMSTATES> 6
<STATE> 2
<MEAN> 39
 3.090115e+00 4.612747e+00 -1.704208e+00 8.110914e+00 -2.630346e-01 -9.347625e-01 -1.904180e+00 4.739581e+00 3.649666e+00 -8.058046e+00 -5.089543e+00 4.918337e+00 5.056055e+01 6.800260e-02 5.274448e-02 2.034342e-03 7.938270e-03 6.529314e-03 -7.231994e-02 1.816169e-02 9.914984e-02 7.474918e-03 -5.757456e-02 -3.473734e-02 -7.084937e-02 1.996503e-02 -2.768570e-03 -1.735055e-02 -6.238103e-03 -5.897971e-03 -1.321396e-02 2.468780e-03 1.120441e-02 -1.453755e-02 -7.041713e-03 1.411682e-02 1.045984e-02 3.431146e-03 3.316273e-03
<VARIANCE> 39
 4.986063e+01 6.809763e+01 4.825883e+01 5.175098e+01 1.129286e+02 5.142018e+01 3.381683e+01 4.915248e+01 5.455807e+01 3.561276e+01 4.716018e+01 4.821676e+01 5.135275e+01 3.354801e+00 5.950315e+00 4.996953e+00 4.161741e+00 9.816142e+00 5.144139e+00 3.379792e+00 4.463753e+00 4.745214e+00 3.713622e+00 4.438413e+00 3.923281e+00 3.222894e+00 4.675487e-01 1.050369e+00 9.246321e-01 7.326365e-01 1.695291e+00 1.011841e+00 6.510808e-01 8.650458e-01 8.895923e-01 7.435586e-01 8.734367e-01 7.213718e-01 4.100637e-01
<GCONST> 1.396123e+02
<STATE> 3
<MEAN> 39
 -1.518422e+00 5.608072e+00 4.834975e-01 4.484118e+00 -2.270410e-01 -5.254630e-01 -3.699069e-01 -7.101263e+00 -1.588087e+00 -3.521351e+00 -7.617110e-01 2.123982e+00 6.787531e+01 2.223493e-01 1.144276e-02 -1.136130e-01 -7.684963e-02 -1.076171e-01 -1.782603e-01 -1.344580e-01 5.236830e-02 -6.385364e-02 -4.130812e-02 3.861034e-02 8.631810e-02 1.614494e-01 -4.245020e-02 -3.783595e-02 -3.843046e-02 -7.218938e-02 -5.961401e-02 -3.540064e-02 2.870280e-02 5.149539e-02 6.787500e-02 1.073111e-02 2.375233e-02 2.816063e-02 -7.775221e-03
<VARIANCE> 39
 4.224525e+01 4.583430e+01 3.185443e+01 6.024266e+01 7.959629e+01 5.767907e+01 4.233919e+01 4.052011e+01 4.006235e+01 3.725075e+01 3.021160e+01 3.717316e+01 6.368658e+01 3.342234e+00 2.936506e+00 1.938006e+00 2.761551e+00 3.716709e+00 2.570005e+00 2.417061e+00 2.760528e+00 2.986166e+00 2.437045e+00 2.241747e+00 2.804549e+00 3.872380e+00 4.306333e-01 4.554898e-01 3.356609e-01 4.478273e-01 5.507547e-01 4.602608e-01 4.535711e-01 4.703928e-01 5.638542e-01 4.204750e-01 3.951663e-01 4.617123e-01 4.843850e-01
<GCONST> 1.241572e+02
<STATE> 4
<MEAN> 39
 1.104404e+00 -7.398756e+00 2.936885e+00 -1.246281e+01 2.618848e+00 -1.535247e+01 1.852378e+01 -1.317180e+01 8.519956e-01 -9.164354e+00 -1.757256e+00 -2.079511e+00 7.602055e+01 -8.870655e-02 -7.145534e-02 2.634616e-03 -1.289405e-01 6.285906e-03 6.629312e-02 1.044163e-01 1.762263e-04 1.007467e-01 1.293070e-02 6.991909e-02 -6.554993e-03 4.127991e-02 -4.422131e-03 -2.537793e-03 1.002056e-02 1.434269e-02 2.624286e-02 4.034648e-03 -1.537234e-02 7.608608e-03 -6.199987e-03 7.539336e-04 -1.524609e-02 -1.238970e-02 4.267992e-03
<VARIANCE> 39
 2.384033e+01 6.602065e+01 3.259386e+01 5.310396e+01 9.332974e+01 9.430749e+01 8.694238e+01 1.050257e+02 5.407632e+01 3.473065e+01 5.820245e+01 3.864817e+01 9.974954e+01 1.329819e+00 3.751403e+00 2.294273e+00 3.202760e+00 5.533056e+00 4.273790e+00 4.353160e+00 4.933035e+00 3.559660e+00 2.507658e+00 3.996284e+00 2.737791e+00 5.158939e+00 2.475387e-01 4.607237e-01 3.366461e-01 5.393805e-01 8.290607e-01 7.037857e-01 6.905357e-01 7.818624e-01 6.467893e-01 5.028609e-01 7.348155e-01 5.041078e-01 6.933832e-01
<GCONST> 1.330954e+02
<STATE> 5
<MEAN> 39
 -7.935680e-01 2.350734e+00 -7.909533e+00 -3.098802e+00 -3.983847e+00 -7.813679e+00 -2.850715e+00 1.538296e+00 9.348568e-01 -4.582496e+00 -5.956318e-01 3.656428e+00 7.187082e+01 -1.345185e-01 -1.952781e-02 -5.416110e-03 1.536326e-03 1.651246e-02 8.354973e-02 6.177014e-02 3.485624e-02 1.187053e-01 8.650961e-02 -3.987011e-02 -4.627379e-02 -1.171313e-01 -3.373110e-04 3.584376e-03 5.552351e-03 2.186913e-02 2.013955e-02 2.744154e-06 -1.714101e-02 -2.684742e-02 -4.126891e-02 -1.530600e-02 2.951854e-03 -1.608732e-02 -5.749942e-03
<VARIANCE> 39
 3.318647e+01 4.179355e+01 4.102937e+01 3.874794e+01 6.928304e+01 3.331063e+01 1.674756e+01 4.234705e+01 3.434807e+01 3.845345e+01 3.427160e+01 4.025892e+01 4.673927e+01 1.281890e+00 1.072490e+00 1.083250e+00 1.469464e+00 1.846312e+00 1.430496e+00 1.375568e+00 1.585734e+00 2.265495e+00 1.488145e+00 1.526054e+00 1.084002e+00 1.301911e+00 1.793007e-01 1.517097e-01 1.655664e-01 2.137706e-01 2.416521e-01 2.606865e-01 2.235142e-01 2.576625e-01 3.357865e-01 2.806865e-01 2.849757e-01 1.934176e-01 1.528733e-01
<GCONST> 1.036657e+02
<TRANSP> 6
 0.000000e+00 2.279264e-01 7.720736e-01 0.000000e+00 0.000000e+00 0.000000e+00
 0.000000e+00 9.794117e-01 1.440678e-03 1.914757e-02 0.000000e+00 0.000000e+00
 0.000000e+00 0.000000e+00 9.356411e-01 2.545884e-02 3.890014e-02 0.000000e+00
 0.000000e+00 0.000000e+00 0.000000e+00 9.474686e-01 1.302691e-09 5.253142e-02
 0.000000e+00 0.000000e+00 0.000000e+00 0.000000e+00 9.743108e-01 2.568921e-02
 0.000000e+00 0.000000e+00 0.000000e+00 0.000000e+00 0.000000e+00 0.000000e+00
<ENDHMM>
