~o
<STREAMINFO> 1 39
<VECSIZE> 39<NULLD><PLP_D_A_0><DIAGC>
~h "empat"
<BEGINHMM>
<NUMSTATES> 8
<STATE> 2
<MEAN> 39
 -4.846270e-01 -2.427233e-01 -3.158796e-01 -2.854749e-01 -4.048488e-02 -1.129122e+00 -9.397506e-02 -2.588564e-01 -2.810896e-01 -8.696831e-01 -8.972198e-01 -4.410696e-01 4.997016e+00 -5.474035e-03 8.945446e-02 4.864371e-02 3.269393e-02 5.200549e-02 3.192921e-02 -1.436208e-02 -4.405113e-03 1.047605e-02 -1.265934e-02 -5.988697e-02 -6.393526e-02 -5.520939e-02 -5.478918e-02 -3.028196e-02 -1.449800e-02 -2.182571e-02 -2.545617e-02 1.968271e-02 6.508797e-03 -5.803830e-03 2.512774e-03 2.450714e-02 5.582957e-02 3.593863e-02 -3.699421e-02
<VARIANCE> 39
 2.416558e-01 5.589469e-01 2.957842e-01 8.753662e-01 3.342674e-01 7.818794e-01 9.141567e-01 5.218994e-01 3.620950e-01 2.194660e-01 3.545434e-01 3.572345e-01 1.039369e+00 3.535451e-02 1.790835e-02 1.573990e-02 2.125325e-02 2.484872e-02 2.716065e-02 2.661629e-02 2.138491e-02 2.918756e-02 1.735787e-02 4.146885e-02 2.618153e-02 3.161163e-02 4.257491e-03 5.427770e-03 3.459548e-03 5.164004e-03 6.051402e-03 4.722030e-03 4.278722e-03 4.212140e-03 5.548464e-03 3.192827e-03 6.900913e-03 6.038050e-03 4.518073e-03
<GCONST> -5.574665e+01
<STATE> 3
<MEAN> 39
 -1.147336e+00 -2.519039e-01 -4.434684e-01 -3.664371e-01 -2.321700e-01 -7.001581e-01 -1.780749e-01 -4.052088e-01 -2.348151e-01 -5.371749e-01 -3.776775e-01 -2.011641e-01 4.395414e+00 6.116602e-02 -2.229544e-01 -1.707571e-01 -1.939747e-01 -2.381567e-01 -5.684401e-02 3.917709e-02 -3.822691e-04 3.570682e-02 6.676517e-02 2.273773e-01 1.721236e-01 1.675859e-01 1.165207e-01 -4.908333e-02 -4.051806e-02 -4.449306e-02 -6.514261e-02 -3.943550e-02 -1.451959e-03 1.905985e-02 3.506670e-02 -1.207876e-02 -8.818033e-03 1.639373e-02 1.330455e-01
<VARIANCE> 39
 1.353566e-01 3.568128e-01 3.165261e-01 3.377670e-01 3.146516e-01 2.341190e-01 3.191713e-01 2.341409e-01 1.509974e-01 1.685749e-01 2.916557e-01 1.037560e-01 6.986888e-01 6.604297e-02 2.938140e-02 1.920539e-02 3.102895e-02 3.431863e-02 4.038292e-02 2.057046e-02 2.213120e-02 4.002669e-02 1.971271e-02 2.802956e-02 1.470538e-02 7.544355e-02 4.576958e-03 7.181798e-03 4.266470e-03 5.196800e-03 5.326197e-03 6.209435e-03 5.131157e-03 3.679323e-03 7.385442e-03 2.973216e-03 7.571092e-03 2.694869e-03 6.244384e-03
<GCONST> -6.062386e+01
<STATE> 4
<MEAN> 39
 8.841326e-03 -1.132718e+00 -8.804399e-01 -1.141623e+00 -1.478703e+00 -8.896860e-01 -1.513698e-01 -3.591821e-01 1.367023e-01 -5.648703e-01 9.090245e-02 4.825791e-01 5.601429e+00 1.375733e-01 -1.043336e-01 -6.343821e-02 -5.542031e-02 -1.047695e-01 2.001088e-02 1.618285e-02 -4.809544e-03 4.310299e-02 -1.481463e-03 3.882748e-02 9.459657e-02 1.772388e-01 -9.506007e-02 7.622977e-02 2.694389e-02 7.059088e-02 1.111789e-01 2.050871e-02 -6.848233e-03 -1.005588e-02 -3.795522e-02 -4.090619e-03 -3.751340e-02 -4.754485e-02 -1.270944e-01
<VARIANCE> 39
 1.214730e-01 4.712067e-01 4.395406e-01 4.194621e-01 4.415982e-01 8.154993e-01 6.471988e-01 4.015536e-01 3.481836e-01 2.953317e-01 1.773451e-01 1.987832e-01 8.669872e-01 6.471138e-02 5.654930e-02 4.597966e-02 4.546368e-02 9.077850e-02 3.850289e-02 2.627283e-02 2.656606e-02 4.953276e-02 2.238166e-02 2.245267e-02 2.610319e-02 1.097917e-01 6.406415e-03 6.405021e-03 1.004397e-02 6.637468e-03 1.011470e-02 1.076490e-02 4.652019e-03 6.060814e-03 8.432780e-03 5.073597e-03 5.051197e-03 4.270520e-03 7.947728e-03
<GCONST> -4.712284e+01
<STATE> 5
<MEAN> 39
 1.052089e-02 -1.709684e+00 -1.463321e+00 -1.704324e+00 -1.134971e+00 -1.006239e+00 4.441354e-01 -5.665684e-01 5.482721e-01 -3.063534e-01 8.967721e-02 4.248873e-01 6.662827e+00 -3.361019e-02 8.575008e-02 6.180196e-02 -2.305465e-02 8.434612e-02 4.288464e-02 -8.139519e-02 -1.073394e-01 -4.566308e-02 3.718461e-02 6.373552e-03 4.829296e-02 -1.108351e-01 -4.614403e-02 6.175602e-02 2.737644e-02 1.212908e-02 2.342115e-02 -1.524757e-02 -2.810481e-02 2.770710e-02 -3.944730e-02 -1.012850e-02 -3.359043e-03 -1.738830e-02 -1.002727e-01
<VARIANCE> 39
 2.548100e-02 5.621917e-01 3.402207e-01 3.949697e-01 4.654427e-01 2.539678e-01 9.907769e-01 7.345490e-01 3.633858e-01 2.412120e-01 2.134736e-01 2.259891e-01 1.716314e-01 3.087417e-03 1.837506e-02 2.193476e-02 1.685695e-02 1.451614e-02 1.743629e-02 1.615977e-02 1.881331e-02 2.347106e-02 1.881246e-02 1.829719e-02 1.675893e-02 2.927676e-02 1.230607e-03 3.053040e-03 6.196442e-03 4.364694e-03 3.989429e-03 3.496987e-03 3.245470e-03 6.031459e-03 3.965784e-03 4.987599e-03 3.706505e-03 2.600288e-03 2.361166e-03
<GCONST> -7.112332e+01
<STATE> 6
<MEAN> 39
 -7.131003e-01 -7.546963e-01 -1.270716e+00 -1.223201e+00 -1.028625e+00 -9.230235e-01 -3.366251e-01 -4.131441e-01 -1.339975e-01 -3.093825e-01 1.537270e-01 5.234861e-01 5.091727e+00 -1.670597e-01 9.197126e-02 1.992667e-02 5.967499e-02 9.844142e-02 2.194590e-02 -6.091717e-03 4.608336e-02 -4.138621e-02 -5.236359e-03 -2.401722e-02 -7.566185e-02 -2.216947e-01 1.051606e-02 -3.448696e-03 1.125011e-02 1.265496e-02 6.440401e-03 2.939136e-04 9.910244e-03 1.086711e-03 1.179173e-02 -2.381436e-03 -1.289852e-02 -1.842442e-02 2.783896e-02
<VARIANCE> 39
 3.046733e-01 2.265107e-01 5.662841e-01 4.078937e-01 2.263157e-01 2.516508e-01 3.017392e-01 2.336809e-01 1.347522e-01 1.433541e-01 1.007198e-01 2.055310e-01 3.310924e-01 1.517161e-02 2.123375e-02 2.736150e-02 2.192794e-02 2.061470e-02 2.309613e-02 1.148616e-02 1.841458e-02 1.594318e-02 1.158265e-02 1.056066e-02 1.369872e-02 2.927385e-02 4.057704e-03 2.677205e-03 4.567322e-03 3.753428e-03 2.697954e-03 2.481173e-03 2.269117e-03 2.860975e-03 3.033316e-03 2.446037e-03 1.922961e-03 1.851066e-03 4.595035e-03
<GCONST> -7.545149e+01
<STATE> 7
<MEAN> 39
 -5.824527e-01 -5.188757e-01 -6.156294e-01 -7.679645e-01 -4.153825e-01 -1.042119e+00 -2.634062e-01 -5.797043e-01 -4.477711e-01 -8.129176e-01 -1.501431e-01 1.962610e-01 4.722487e+00 1.326335e-02 -1.350792e-03 1.650281e-02 4.444128e-03 2.280936e-02 -4.362052e-02 -1.270917e-02 -2.580218e-02 -5.012758e-02 -2.380745e-02 -1.464041e-02 -4.413910e-03 5.838543e-02 2.687865e-02 -4.700501e-02 -6.055713e-03 -2.991414e-02 -3.851270e-02 -3.076703e-03 9.679485e-04 -1.833215e-02 1.257681e-02 1.301297e-02 1.317487e-02 2.681068e-02 5.837039e-02
<VARIANCE> 39
 4.083175e-01 6.425211e-01 3.570100e-01 5.470907e-01 4.068474e-01 4.364445e-01 6.081232e-01 3.628232e-01 3.473372e-01 3.545717e-01 2.766618e-01 2.276905e-01 1.438173e+00 5.080108e-02 5.505442e-02 5.132985e-02 4.338482e-02 4.099836e-02 3.788408e-02 1.988433e-02 2.487631e-02 4.729305e-02 4.545446e-02 3.059548e-02 3.648932e-02 5.879216e-02 8.686559e-03 8.558894e-03 8.223564e-03 7.571445e-03 8.122290e-03 9.845552e-03 4.712171e-03 6.545224e-03 8.940023e-03 8.820686e-03 6.185973e-03 6.570813e-03 1.007711e-02
<GCONST> -4.403594e+01
<TRANSP> 8
 0.000000e+00 8.395650e-01 1.604349e-01 0.000000e+00 0.000000e+00 0.000000e+00 0.000000e+00 0.000000e+00
 0.000000e+00 7.758642e-01 1.640667e-01 6.006913e-02 0.000000e+00 0.000000e+00 0.000000e+00 0.000000e+00
 0.000000e+00 0.000000e+00 7.035506e-01 2.964494e-01 0.000000e+00 0.000000e+00 0.000000e+00 0.000000e+00
 0.000000e+00 0.000000e+00 0.000000e+00 6.650513e-01 1.346992e-01 2.002494e-01 0.000000e+00 0.000000e+00
 0.000000e+00 0.000000e+00 0.000000e+00 0.000000e+00 7.703272e-01 2.296728e-01 0.000000e+00 0.000000e+00
 0.000000e+00 0.000000e+00 0.000000e+00 0.000000e+00 0.000000e+00 7.338772e-01 2.661228e-01 0.000000e+00
 0.000000e+00 0.000000e+00 0.000000e+00 0.000000e+00 0.000000e+00 0.000000e+00 7.457605e-01 2.542395e-01
 0.000000e+00 0.000000e+00 0.000000e+00 0.000000e+00 0.000000e+00 0.000000e+00 0.000000e+00 0.000000e+00
<ENDHMM>
