~o
<STREAMINFO> 1 39
<VECSIZE> 39<NULLD><MFCC_D_A_0><DIAGC>
~h "enam"
<BEGINHMM>
<NUMSTATES> 6
<STATE> 2
<MEAN> 39
 -1.396803e+00 6.697838e+00 -2.209995e+00 1.316965e+01 1.243029e+01 8.451624e-01 -5.016486e+00 3.520687e+00 1.029253e+00 -4.299022e+00 -3.562764e+00 1.195943e+00 5.753905e+01 7.839744e-01 -8.938987e-02 -2.099837e-01 1.946443e-03 1.128324e-01 3.751859e-02 1.031375e-02 4.953060e-02 6.915063e-02 -1.176082e-01 4.095501e-02 2.528102e-01 6.198534e-01 3.453139e-02 -2.388539e-01 -1.318469e-01 -3.535788e-01 -3.920974e-01 -1.806631e-03 1.110159e-01 6.960182e-02 5.004739e-02 -2.395474e-02 2.265937e-01 2.040304e-01 1.305243e-01
<VARIANCE> 39
 3.130913e+01 2.318544e+01 1.717630e+01 2.538113e+01 3.332740e+01 2.734862e+01 2.775779e+01 4.951323e+01 2.609880e+01 1.993964e+01 2.833930e+01 2.799768e+01 1.054315e+02 1.242525e+00 2.179193e+00 1.924494e+00 3.510030e+00 3.701423e+00 2.098381e+00 3.465251e+00 1.684239e+00 1.959502e+00 1.885107e+00 2.646243e+00 2.804543e+00 9.958595e-01 1.846038e-01 2.329149e-01 2.925907e-01 3.783108e-01 3.432251e-01 4.269742e-01 5.224155e-01 3.490167e-01 3.908319e-01 3.165123e-01 3.835922e-01 4.231045e-01 1.188658e-01
<GCONST> 1.109914e+02
<STATE> 3
<MEAN> 39
 6.755127e+00 2.385692e-01 -3.153943e+00 1.981192e+00 -4.100687e+00 3.260629e+00 -1.495557e+00 7.026085e+00 7.806773e+00 -8.402946e+00 1.680465e+00 1.076328e+01 6.062335e+01 4.172015e-04 -1.370075e-01 -3.205458e-01 -4.256476e-01 -3.258028e-01 -2.546776e-01 3.799254e-01 7.185158e-01 7.595806e-01 2.495492e-01 -2.457758e-01 5.761128e-02 7.807092e-02 -1.651760e-01 2.842140e-01 5.189049e-02 4.876624e-01 6.337073e-01 -6.388037e-02 -4.205370e-02 5.279325e-02 -1.254099e-01 2.546005e-02 -4.343915e-01 -5.347010e-01 -2.693734e-01
<VARIANCE> 39
 1.087441e+01 3.483078e+01 3.680856e+01 2.804826e+01 6.463316e+01 4.319293e+01 2.115188e+01 5.579699e+01 3.194162e+01 4.676173e+01 4.237715e+01 2.985803e+01 7.885287e+01 6.168847e-01 2.864754e+00 2.654823e+00 6.081449e+00 9.975598e+00 4.229177e+00 2.345752e+00 3.142091e+00 2.366537e+00 2.157008e+00 5.111333e+00 7.266328e+00 1.511373e+00 8.289070e-02 2.554139e-01 3.603572e-01 4.568807e-01 6.745340e-01 7.224020e-01 4.932802e-01 5.176035e-01 4.403019e-01 4.130666e-01 5.876150e-01 6.036505e-01 1.000082e-01
<GCONST> 1.203432e+02
<STATE> 4
<MEAN> 39
 9.851291e-01 1.320013e+00 -8.529016e+00 3.730401e+00 5.846353e+00 1.596348e+00 2.020699e+00 1.025851e+01 4.602155e+00 -4.172061e+00 -2.404801e+00 3.992801e+00 6.807675e+01 -3.523645e-01 4.897451e-01 3.560882e-01 4.365979e-01 3.775802e-01 2.274686e-01 1.495202e-01 4.170398e-03 -2.561195e-01 -7.836397e-02 -4.037588e-01 -7.583030e-01 -4.806966e-01 -1.085118e-02 2.212105e-02 7.329967e-02 -5.264027e-02 -1.114653e-01 1.688002e-02 -5.295359e-02 -1.058109e-01 -4.911202e-04 1.408972e-02 8.974104e-02 1.130946e-01 -1.650200e-03
<VARIANCE> 39
 1.586178e+01 6.379557e+01 3.539510e+01 4.245852e+01 2.036733e+01 1.874671e+01 1.438141e+01 4.595432e+01 2.626121e+01 1.422767e+01 3.106665e+01 5.056627e+01 8.404189e+01 1.943845e-01 4.292708e-01 4.913071e-01 1.071150e+00 1.227999e+00 9.174907e-01 7.878529e-01 9.832993e-01 9.697126e-01 9.050774e-01 1.184540e+00 1.626270e+00 1.577129e-01 2.359177e-02 7.397044e-02 9.527007e-02 2.115359e-01 2.506875e-01 1.683328e-01 1.509695e-01 1.636448e-01 1.893222e-01 1.872979e-01 1.867958e-01 3.218040e-01 2.838118e-02
<GCONST> 8.464671e+01
<STATE> 5
<MEAN> 39
 -2.931760e+00 9.882616e+00 2.444665e-01 8.278831e+00 5.372556e+00 3.151906e+00 1.285437e+00 6.545665e+00 3.944616e+00 -4.780328e+00 -6.890966e+00 -2.976268e+00 5.347911e+01 -3.078776e-01 -5.351515e-01 4.369521e-02 -6.251858e-01 -8.846043e-01 -2.251191e-01 -3.930100e-01 -7.256711e-01 -4.674482e-01 -8.250756e-02 4.040115e-01 5.569327e-01 2.806243e-02 9.347074e-02 -1.685711e-01 -5.644725e-02 -6.928694e-02 -1.167126e-01 -1.275620e-01 -1.276651e-01 -1.031255e-01 -1.273546e-01 -2.037803e-02 8.172492e-02 1.116625e-01 1.450518e-01
<VARIANCE> 39
 4.791988e+01 4.499509e+01 2.298574e+01 3.386014e+01 4.663580e+01 2.881519e+01 4.261668e+01 6.348851e+01 5.668560e+01 5.094510e+01 4.795428e+01 4.826304e+01 9.312391e+01 1.295930e+00 2.924366e+00 2.113424e+00 2.390353e+00 3.373013e+00 3.071539e+00 3.196606e+00 3.158629e+00 4.596707e+00 4.095215e+00 3.270056e+00 3.486479e+00 1.312601e+00 1.677648e-01 3.500991e-01 3.650515e-01 4.448315e-01 5.512016e-01 5.091071e-01 5.138625e-01 4.474335e-01 8.407006e-01 7.238280e-01 6.514055e-01 5.542759e-01 1.865876e-01
<GCONST> 1.240214e+02
<TRANSP> 6
 0.000000e+00 8.749983e-01 1.250017e-01 0.000000e+00 0.000000e+00 0.000000e+00
 0.000000e+00 9.183745e-01 8.162554e-02 0.000000e+00 0.000000e+00 0.000000e+00
 0.000000e+00 0.000000e+00 8.705594e-01 1.294406e-01 0.000000e+00 0.000000e+00
 0.000000e+00 0.000000e+00 0.000000e+00 9.210235e-01 6.711598e-02 1.186056e-02
 0.000000e+00 0.000000e+00 0.000000e+00 0.000000e+00 8.888059e-01 1.111941e-01
 0.000000e+00 0.000000e+00 0.000000e+00 0.000000e+00 0.000000e+00 0.000000e+00
<ENDHMM>
