~o
<STREAMINFO> 1 39
<VECSIZE> 39<NULLD><MFCC_D_A_0><DIAGC>
~h "kurang"
<BEGINHMM>
<NUMSTATES> 6
<STATE> 2
<MEAN> 39
 3.076253e+00 4.490338e+00 2.037546e+00 5.345515e+00 -2.913946e+00 3.894908e+00 -4.984479e+00 5.542643e+00 1.184869e+01 -9.910709e+00 -6.640731e+00 8.414152e+00 5.075962e+01 2.157140e-02 -1.169199e-02 -3.537401e-02 2.867180e-01 3.301595e-01 6.992221e-02 1.471387e-02 -1.235540e-01 -7.125457e-02 2.696344e-01 2.192918e-02 -8.924183e-02 -5.316257e-03 -1.285417e-02 -2.977496e-02 6.728137e-03 -1.908562e-02 -5.026465e-02 -2.039144e-02 -1.294174e-02 -1.113907e-02 -3.386870e-02 -1.357089e-02 3.823242e-02 -2.351917e-02 3.386298e-04
<VARIANCE> 39
 2.517643e+01 7.379295e+01 4.124222e+01 3.770300e+01 1.103690e+02 5.642028e+01 5.641312e+01 5.460027e+01 6.407241e+01 9.112241e+01 3.963503e+01 9.027298e+01 3.012926e+01 1.684316e+00 5.224635e+00 4.557038e+00 2.754025e+00 7.834964e+00 4.541119e+00 5.093703e+00 5.141792e+00 5.500607e+00 5.778273e+00 4.644722e+00 6.569812e+00 1.791214e+00 3.011994e-01 9.123260e-01 9.506896e-01 5.296589e-01 1.424863e+00 8.369743e-01 9.196578e-01 8.965445e-01 9.533440e-01 1.064322e+00 8.835054e-01 1.047042e+00 3.333147e-01
<GCONST> 1.394283e+02
<STATE> 3
<MEAN> 39
 -1.599127e+00 1.902394e+00 -4.017187e+00 -2.140520e+00 -1.733214e+00 -9.248303e+00 -8.453746e+00 -1.074649e+00 -2.130928e+00 -3.464729e+00 -2.049176e-01 2.031489e+00 6.909211e+01 5.897311e-01 -3.211375e-01 -4.819019e-01 8.816954e-02 1.296892e-01 -1.447165e-01 2.571677e-02 1.046313e-01 -1.547470e-02 -5.330297e-02 6.788028e-02 2.419654e-01 4.859823e-01 -6.051057e-02 -5.825525e-02 -2.825711e-03 1.573633e-02 -1.072459e-03 8.310292e-02 1.360395e-01 7.301951e-02 7.347723e-02 1.904924e-02 -2.960216e-02 -1.926696e-02 -2.176556e-02
<VARIANCE> 39
 2.839627e+01 3.218729e+01 7.492166e+01 3.469756e+01 5.858000e+01 5.826878e+01 3.506932e+01 4.142740e+01 2.615401e+01 4.731225e+01 2.792172e+01 4.399577e+01 2.520863e+01 1.652549e+00 2.363432e+00 2.412019e+00 2.245879e+00 2.969691e+00 3.773090e+00 2.882232e+00 2.777455e+00 2.621403e+00 2.493508e+00 2.570615e+00 2.449187e+00 7.628464e-01 2.798367e-01 3.296585e-01 3.155889e-01 4.338879e-01 5.102633e-01 6.612557e-01 3.997047e-01 4.800822e-01 4.075742e-01 3.920023e-01 4.599907e-01 3.719591e-01 1.401648e-01
<GCONST> 1.175581e+02
<STATE> 4
<MEAN> 39
 -1.061800e+00 1.499830e+00 -5.700632e+00 2.403818e+00 3.574947e+00 -3.026352e+00 -1.374094e+00 5.005686e+00 1.435631e+00 -4.339421e+00 -2.790948e+00 9.000072e-01 6.883978e+01 -3.673447e-01 4.312699e-01 5.649611e-01 4.563930e-01 3.194461e-01 3.660987e-01 1.170515e-01 7.543777e-02 2.946647e-02 -1.154754e-01 -2.843050e-01 -3.132829e-01 -4.159770e-01 -8.217985e-03 -1.179241e-02 -4.575135e-03 -2.785433e-02 8.490689e-03 -3.482950e-02 -9.649003e-02 -9.275390e-02 -4.957335e-02 3.157058e-02 5.593675e-02 4.836186e-02 2.197931e-03
<VARIANCE> 39
 1.325569e+01 4.247988e+01 5.340811e+01 2.641753e+01 3.194729e+01 2.977176e+01 1.812626e+01 5.069184e+01 2.532788e+01 2.354519e+01 1.819914e+01 4.157581e+01 3.510251e+01 2.108702e-01 5.157412e-01 6.122317e-01 9.649731e-01 9.366147e-01 1.030757e+00 1.236729e+00 1.302912e+00 1.237618e+00 1.256442e+00 9.846351e-01 8.652400e-01 1.739393e-01 3.408051e-02 1.107650e-01 1.172136e-01 1.527254e-01 1.762536e-01 1.993890e-01 2.464822e-01 1.920162e-01 2.481994e-01 1.909165e-01 1.852142e-01 1.692446e-01 3.259878e-02
<GCONST> 8.581375e+01
<STATE> 5
<MEAN> 39
 8.448376e-02 -4.001354e+00 8.356955e+00 -1.522318e+01 -5.205349e+00 -2.027028e+01 1.625076e+01 -1.446437e+01 -4.098554e+00 -7.483758e+00 -3.408471e+00 -2.610221e+00 7.579855e+01 -7.607586e-02 -2.230311e-01 -1.295785e-01 -9.624484e-02 1.643597e-01 4.786473e-02 5.692652e-02 -1.541437e-01 -8.335008e-04 -7.422484e-02 -3.730297e-03 3.048976e-02 1.428488e-01 2.401994e-04 3.345453e-02 -4.856158e-03 7.574925e-03 3.038538e-02 -1.551409e-02 1.509300e-03 1.908880e-03 3.648199e-02 -1.648539e-02 1.962095e-02 -8.625903e-03 3.565208e-03
<VARIANCE> 39
 4.558144e+01 4.263501e+01 1.053638e+02 8.692126e+01 9.308018e+01 1.408341e+02 1.543394e+02 7.693610e+01 4.711582e+01 4.694792e+01 3.720876e+01 4.943816e+01 4.406981e+01 1.948663e+00 2.719706e+00 2.827875e+00 2.436562e+00 4.348071e+00 4.962303e+00 4.115967e+00 3.469157e+00 3.345853e+00 2.786105e+00 3.354537e+00 3.244284e+00 1.492339e+00 2.600743e-01 3.583856e-01 3.187588e-01 3.743348e-01 6.310325e-01 7.974104e-01 6.246643e-01 5.918207e-01 5.704479e-01 4.653313e-01 5.771993e-01 4.669867e-01 2.291772e-01
<GCONST> 1.302964e+02
<TRANSP> 6
 0.000000e+00 2.500062e-01 7.499938e-01 0.000000e+00 0.000000e+00 0.000000e+00
 0.000000e+00 9.680716e-01 2.235059e-02 9.577818e-03 0.000000e+00 0.000000e+00
 0.000000e+00 0.000000e+00 9.048142e-01 5.145209e-02 4.373365e-02 0.000000e+00
 0.000000e+00 0.000000e+00 0.000000e+00 9.410465e-01 3.462075e-02 2.433270e-02
 0.000000e+00 0.000000e+00 0.000000e+00 0.000000e+00 9.480680e-01 5.193197e-02
 0.000000e+00 0.000000e+00 0.000000e+00 0.000000e+00 0.000000e+00 0.000000e+00
<ENDHMM>
