~o
<STREAMINFO> 1 39
<VECSIZE> 39<NULLD><PLP_D_A_0><DIAGC>
~h "puluh"
<BEGINHMM>
<NUMSTATES> 8
<STATE> 2
<MEAN> 39
 -1.755976e-01 -4.208286e-01 -7.094853e-01 -3.727297e-01 -8.992810e-01 -5.768572e-01 -9.330961e-01 -3.209785e-01 1.525979e-01 -8.383408e-01 -6.780130e-01 -9.927690e-02 4.209899e+00 6.673987e-02 4.048190e-03 1.144623e-01 3.260340e-04 -4.270178e-02 6.097193e-02 -6.505040e-02 -5.075028e-02 1.061159e-02 -5.319142e-02 -8.557561e-03 -3.934268e-02 7.300013e-02 2.097491e-02 -2.654265e-03 3.684420e-02 1.260192e-02 -5.297460e-02 -2.824847e-02 1.026505e-02 2.752293e-02 9.518931e-03 -2.612633e-02 2.270637e-03 1.356610e-02 2.293906e-02
<VARIANCE> 39
 5.709594e-01 5.675583e-01 3.544326e-01 2.750738e-01 3.182026e-01 3.950404e-01 3.549748e-01 2.282875e-01 3.459477e-01 3.389435e-01 3.872831e-01 1.304007e-01 4.712738e-01 3.949324e-02 6.069083e-02 5.790457e-02 3.389851e-02 9.426594e-02 4.214523e-02 2.148945e-02 1.681548e-02 3.690615e-02 2.915269e-02 4.245697e-02 2.133524e-02 3.360637e-02 8.753789e-03 1.334592e-02 9.909799e-03 6.053918e-03 1.798124e-02 8.037812e-03 6.032988e-03 4.344246e-03 1.051910e-02 5.790835e-03 1.030286e-02 5.088326e-03 8.121852e-03
<GCONST> -4.774378e+01
<STATE> 3
<MEAN> 39
 -1.078039e-01 -1.435601e-01 -5.428525e-01 -4.224374e-01 -8.295577e-01 -1.384688e+00 -8.915309e-01 -3.110683e-01 -4.623977e-01 -9.588794e-01 -6.251814e-01 -2.831016e-01 5.426852e+00 -7.419676e-03 -2.169493e-02 4.900384e-02 1.054362e-02 -3.986514e-02 -1.178200e-02 2.246696e-02 6.018596e-03 7.356567e-03 -3.188703e-02 9.978114e-03 2.703126e-02 2.523187e-02 -2.983207e-02 1.019438e-03 -8.842506e-03 -7.862713e-03 -5.053853e-03 1.483643e-02 2.661896e-02 1.618237e-02 2.347894e-02 2.398715e-02 5.464375e-03 5.386396e-03 -2.362511e-02
<VARIANCE> 39
 9.867885e-02 5.472717e-01 5.609794e-01 4.921477e-01 8.615596e-01 4.275838e-01 7.792901e-01 3.605963e-01 3.340273e-01 4.505534e-01 1.826972e-01 2.388218e-01 2.580036e-01 6.750628e-03 9.392252e-03 4.134684e-02 2.000897e-02 6.723683e-02 5.262990e-02 2.265289e-02 3.056205e-02 2.764200e-02 1.494997e-02 1.625443e-02 2.158347e-02 5.888547e-03 9.828949e-04 3.006074e-03 1.220315e-02 4.087665e-03 1.442447e-02 1.271526e-02 4.131001e-03 6.652795e-03 4.189746e-03 2.745800e-03 3.180043e-03 2.848253e-03 1.401064e-03
<GCONST> -6.304023e+01
<STATE> 4
<MEAN> 39
 -1.475447e-01 -8.847348e-02 -3.094220e-01 -4.209633e-01 -1.208562e+00 -8.610488e-01 -4.241768e-01 1.521601e-01 1.407996e-01 -1.081791e+00 -6.396868e-01 3.550681e-03 4.642519e+00 -1.236161e-01 1.975942e-02 -1.838702e-01 -4.375170e-02 1.266765e-01 8.772320e-02 2.104419e-01 9.880956e-02 -3.347129e-02 1.607276e-01 6.978866e-02 -4.339952e-02 -1.438618e-01 -1.732792e-02 -2.937117e-02 -6.310818e-02 -2.096705e-02 3.533177e-02 1.861505e-02 -1.493133e-02 -4.003509e-02 -4.006405e-02 2.642571e-02 4.542573e-03 -1.413763e-02 -1.676390e-02
<VARIANCE> 39
 1.706164e-01 3.140751e-01 4.913941e-01 2.306719e-01 3.976633e-01 5.503819e-01 5.427158e-01 3.774985e-01 5.090468e-01 3.836337e-01 1.607196e-01 2.041225e-01 8.258821e-01 8.057277e-03 2.900585e-02 5.368318e-02 2.817060e-02 3.893349e-02 5.341755e-02 2.730317e-02 3.738134e-02 4.783972e-02 2.201280e-02 1.614234e-02 2.210866e-02 3.968172e-03 1.044474e-03 3.922209e-03 1.598467e-02 4.696397e-03 1.358745e-02 6.842781e-03 7.986372e-03 6.064495e-03 9.072063e-03 5.621092e-03 3.608820e-03 6.368654e-03 1.371998e-03
<GCONST> -5.829183e+01
<STATE> 5
<MEAN> 39
 -4.331852e-01 -1.057444e+00 5.040519e-01 -1.943767e+00 -5.293918e-01 -1.752838e+00 1.172922e+00 -9.273251e-01 -9.589628e-02 -6.459717e-01 -2.262017e-01 -1.722355e-01 5.804179e+00 -1.069726e-01 1.669883e-03 3.446427e-02 6.707767e-02 5.447851e-02 7.293773e-02 5.340616e-03 3.270675e-02 9.036333e-02 -1.384605e-02 6.431556e-02 -8.832944e-03 -6.022805e-02 -4.874905e-03 3.829685e-03 4.888050e-03 1.248771e-02 1.460100e-02 -3.860310e-03 -9.966222e-03 1.098431e-02 1.997488e-03 5.082716e-03 2.022057e-03 -2.322266e-03 -1.484362e-02
<VARIANCE> 39
 4.366331e-01 1.292675e-01 2.780792e-01 4.523752e-01 1.361180e+00 6.651983e-01 2.349821e-01 2.232405e-01 4.993641e-01 2.159385e-01 2.918393e-01 1.444611e-01 3.549837e-01 1.617658e-02 1.852725e-02 3.576497e-02 2.037247e-02 7.509281e-02 5.030432e-02 1.946077e-02 3.157759e-02 2.076178e-02 1.896391e-02 2.164579e-02 1.585213e-02 2.125684e-02 3.093228e-03 4.173287e-03 8.637764e-03 3.942464e-03 1.502565e-02 1.266210e-02 3.451919e-03 8.356737e-03 3.945480e-03 3.057463e-03 4.851940e-03 3.127335e-03 3.992756e-03
<GCONST> -5.923577e+01
<STATE> 6
<MEAN> 39
 -1.201391e+00 -4.852687e-01 -8.997759e-01 -8.670436e-01 -8.142362e-01 -8.677800e-01 -3.522833e-01 -3.775350e-01 -2.699019e-01 -5.107195e-01 -2.718363e-01 9.830760e-03 4.611067e+00 -1.033374e-01 -4.563164e-02 -3.760138e-02 6.025051e-03 3.790650e-02 4.414963e-02 2.183921e-03 -3.120829e-02 -1.929842e-03 5.599546e-02 4.569610e-02 3.114523e-02 -8.903232e-02 1.382289e-02 7.284302e-03 1.832792e-02 8.608728e-03 -9.376615e-03 -1.707040e-02 -1.309378e-02 8.384582e-04 3.257307e-03 -8.569679e-03 -7.081075e-04 2.402807e-03 1.382010e-02
<VARIANCE> 39
 3.209706e-01 1.317854e-01 2.384082e-01 1.771131e-01 1.832748e-01 1.800981e-01 2.995772e-01 2.222939e-01 1.582597e-01 1.753212e-01 1.545305e-01 6.614153e-02 4.581679e-01 6.693991e-03 1.171517e-02 1.887327e-02 1.752815e-02 1.442022e-02 1.633586e-02 1.353771e-02 1.193506e-02 1.307416e-02 1.236424e-02 8.554535e-03 5.741134e-03 7.853643e-03 1.023955e-03 1.709954e-03 4.023125e-03 3.219000e-03 3.032943e-03 3.545842e-03 3.189824e-03 2.137697e-03 2.453753e-03 2.455517e-03 1.493860e-03 1.344207e-03 1.423356e-03
<GCONST> -8.730725e+01
<STATE> 7
<MEAN> 39
 -6.806517e-01 -6.253805e-01 -6.811852e-01 -1.042312e+00 -8.065290e-01 -9.545023e-01 -4.105951e-02 -2.803782e-01 -2.419532e-01 -5.107260e-01 -9.321327e-03 1.039140e-01 4.573008e+00 3.251397e-02 -4.571826e-02 -6.614815e-03 -2.354954e-02 -3.383974e-02 -3.557763e-02 -3.227762e-02 -2.375611e-02 -1.427245e-03 -6.988723e-04 1.679899e-02 4.205900e-02 5.726612e-02 1.260997e-02 2.224192e-03 1.103474e-02 -7.823377e-04 -2.840013e-03 -7.905903e-03 -1.339742e-02 -6.193311e-03 5.238852e-03 -1.276653e-02 -9.740300e-03 1.656544e-03 1.336937e-02
<VARIANCE> 39
 5.144636e-01 5.759696e-01 6.301362e-01 6.889071e-01 6.862702e-01 6.375706e-01 6.192766e-01 4.962281e-01 3.236686e-01 3.198075e-01 2.676009e-01 2.209376e-01 1.664622e+00 4.803870e-02 5.546080e-02 3.626832e-02 5.256165e-02 5.284106e-02 3.566939e-02 4.464016e-02 2.882426e-02 2.620814e-02 4.121243e-02 3.391956e-02 2.478408e-02 4.955949e-02 8.391994e-03 1.213640e-02 6.857743e-03 1.124831e-02 1.068355e-02 8.906282e-03 8.275975e-03 5.830367e-03 5.353085e-03 8.156598e-03 6.785530e-03 5.563582e-03 1.079332e-02
<GCONST> -4.161666e+01
<TRANSP> 8
 0.000000e+00 4.498013e-01 5.501987e-01 0.000000e+00 0.000000e+00 0.000000e+00 0.000000e+00 0.000000e+00
 0.000000e+00 8.012683e-01 1.987317e-01 0.000000e+00 0.000000e+00 0.000000e+00 0.000000e+00 0.000000e+00
 0.000000e+00 0.000000e+00 7.584232e-01 1.874953e-01 5.408145e-02 0.000000e+00 0.000000e+00 0.000000e+00
 0.000000e+00 0.000000e+00 0.000000e+00 6.837648e-01 0.000000e+00 3.162352e-01 0.000000e+00 0.000000e+00
 0.000000e+00 0.000000e+00 0.000000e+00 0.000000e+00 9.137051e-01 8.629492e-02 0.000000e+00 0.000000e+00
 0.000000e+00 0.000000e+00 0.000000e+00 0.000000e+00 0.000000e+00 7.868561e-01 2.131439e-01 0.000000e+00
 0.000000e+00 0.000000e+00 0.000000e+00 0.000000e+00 0.000000e+00 0.000000e+00 7.148548e-01 2.851453e-01
 0.000000e+00 0.000000e+00 0.000000e+00 0.000000e+00 0.000000e+00 0.000000e+00 0.000000e+00 0.000000e+00
<ENDHMM>
