~o
<STREAMINFO> 1 39
<VECSIZE> 39<NULLD><MFCC_D_A_0><DIAGC>
~h "satu"
<BEGINHMM>
<NUMSTATES> 6
<STATE> 2
<MEAN> 39
 -2.239676e+01 -9.616638e+00 9.753381e+00 -8.952591e+00 5.359327e-01 -4.669452e-01 6.640117e+00 -8.967051e+00 9.979784e-01 -2.777359e-01 3.680756e+00 -6.501569e-01 7.285782e+01 5.993420e-01 9.835975e-02 -4.023450e-01 -3.886292e-01 -1.848682e-01 -3.466026e-01 -1.526817e-01 -5.857317e-02 -6.991166e-02 -8.160920e-02 1.142919e-01 1.678833e-01 6.994292e-01 6.857142e-01 3.306040e-01 -3.748407e-01 1.645058e-01 -9.186528e-03 -5.696094e-02 -1.193420e-01 1.560136e-01 2.089264e-02 -1.049913e-01 -7.091589e-02 9.315395e-02 -7.605944e-02
<VARIANCE> 39
 3.221312e+01 4.836774e+01 6.374881e+01 5.914643e+01 1.000800e+02 4.245638e+01 1.130807e+02 3.138990e+01 9.528593e+01 4.473523e+01 3.941337e+01 2.733055e+01 4.987753e+01 8.839358e+00 3.887689e+00 4.395397e+00 2.290936e+00 2.422872e+00 2.271949e+00 2.031784e+00 1.982549e+00 2.483364e+00 1.517173e+00 2.213787e+00 1.348053e+00 1.593563e+00 6.518997e-01 3.723406e-01 4.322108e-01 3.940893e-01 4.026553e-01 4.306830e-01 3.894552e-01 3.276611e-01 4.369344e-01 3.183734e-01 4.299373e-01 2.251674e-01 1.798183e-01
<GCONST> 1.218530e+02
<STATE> 3
<MEAN> 39
 -3.144381e+00 1.191007e+00 2.294832e+00 -1.483465e+00 -6.530785e+00 -1.487200e-01 -1.895017e+00 -1.127214e+00 1.200977e+00 -6.582914e+00 -4.142888e-01 4.677582e+00 5.994166e+01 4.365879e-01 3.560827e-01 -1.905880e-01 9.679827e-02 -8.559398e-02 -2.606654e-01 -3.529641e-02 2.822753e-01 2.561598e-01 -1.806827e-01 -2.516350e-01 -1.084155e-01 2.658469e-02 -1.281862e-01 -7.318708e-02 3.969270e-02 4.204187e-03 4.270805e-03 -1.171952e-02 2.287048e-02 -5.448410e-03 -1.686887e-02 4.168336e-02 -1.086859e-02 -5.267354e-02 -4.400196e-03
<VARIANCE> 39
 5.581545e+01 9.261748e+01 5.226140e+01 4.954647e+01 5.438921e+01 7.750980e+01 8.883772e+01 6.041333e+01 9.392539e+01 7.337852e+01 3.153106e+01 4.131984e+01 1.791880e+02 5.152110e+00 6.917671e+00 4.914212e+00 3.425758e+00 4.573998e+00 5.754419e+00 5.129428e+00 4.437715e+00 6.255333e+00 4.888711e+00 2.803064e+00 3.436768e+00 5.824840e+00 5.824004e-01 1.226038e+00 7.219121e-01 6.171688e-01 8.408879e-01 1.072150e+00 9.008120e-01 8.577839e-01 1.103942e+00 8.688058e-01 5.652682e-01 6.189132e-01 7.935413e-01
<GCONST> 1.436305e+02
<STATE> 4
<MEAN> 39
 -5.002570e-01 -8.473006e+00 6.506941e+00 -1.490129e+01 -5.220989e+00 -1.424161e+01 1.676419e+01 -1.098167e+01 3.548725e+00 -8.781914e+00 1.160338e+00 -4.683197e+00 7.467482e+01 9.467676e-02 1.532744e-01 4.329744e-02 1.547178e-01 -1.374366e-01 -7.663842e-02 -8.191355e-02 1.167750e-01 -6.340311e-02 3.354305e-02 -2.506424e-02 3.885958e-02 -2.469154e-01 -8.751424e-02 1.717681e-02 5.299558e-02 -2.087358e-02 7.408621e-02 3.373768e-02 -2.271348e-02 -4.569577e-03 5.486298e-02 -4.366701e-03 3.610020e-02 1.559948e-02 -4.517314e-03
<VARIANCE> 39
 2.916629e+01 4.035546e+01 9.783900e+01 3.153962e+01 1.599264e+02 1.337180e+02 4.229753e+01 8.279812e+01 6.601217e+01 4.477493e+01 5.188368e+01 4.955171e+01 8.258350e+01 2.129195e+00 2.209728e+00 2.831626e+00 2.147614e+00 7.046122e+00 4.321530e+00 2.182525e+00 5.910223e+00 3.228263e+00 3.200083e+00 3.025515e+00 3.478563e+00 4.487494e+00 2.668786e-01 4.381725e-01 3.418700e-01 3.374339e-01 7.609135e-01 6.011795e-01 4.150306e-01 9.800866e-01 5.529681e-01 5.668973e-01 5.467996e-01 6.288970e-01 6.126209e-01
<GCONST> 1.319837e+02
<STATE> 5
<MEAN> 39
 -3.957830e+00 6.345162e+00 -1.229173e+00 -2.987447e-02 -6.315311e+00 -9.216928e+00 -4.086862e+00 5.137779e-01 -7.716978e-03 -5.792845e+00 -1.997845e+00 -9.073856e-01 6.734144e+01 -3.130747e-01 3.447806e-02 3.958817e-02 1.520846e-01 8.099061e-02 1.057307e-01 7.134384e-03 -4.143076e-02 -9.982618e-02 4.967706e-02 -1.536566e-02 -7.011225e-02 -3.884261e-01 -3.597630e-02 -2.826489e-02 7.668781e-03 -1.922267e-02 8.298981e-03 1.632357e-02 8.557831e-03 -3.063395e-02 -3.269907e-02 -1.494102e-03 1.677237e-02 8.557485e-03 -7.545201e-03
<VARIANCE> 39
 4.004496e+01 5.280803e+01 7.457775e+01 4.959720e+01 3.723458e+01 6.440452e+01 3.219798e+01 4.969974e+01 3.541100e+01 4.653553e+01 1.978537e+01 4.217785e+01 4.914172e+01 1.393085e+00 9.901824e-01 1.247239e+00 1.134104e+00 1.458760e+00 1.844322e+00 1.465555e+00 1.533787e+00 1.837154e+00 2.027142e+00 1.297353e+00 1.119577e+00 1.207437e+00 1.959633e-01 1.593593e-01 1.855227e-01 1.985271e-01 2.371413e-01 2.538718e-01 2.622940e-01 2.464941e-01 3.225312e-01 3.431168e-01 2.588236e-01 2.044617e-01 1.637754e-01
<GCONST> 1.058174e+02
<TRANSP> 6
 0.000000e+00 7.006460e-01 2.993540e-01 0.000000e+00 0.000000e+00 0.000000e+00
 0.000000e+00 9.031767e-01 7.603277e-02 2.079050e-02 0.000000e+00 0.000000e+00
 0.000000e+00 0.000000e+00 9.531059e-01 9.703440e-03 3.719073e-02 0.000000e+00
 0.000000e+00 0.000000e+00 0.000000e+00 9.717140e-01 1.935981e-03 2.635001e-02
 0.000000e+00 0.000000e+00 0.000000e+00 0.000000e+00 9.692856e-01 3.071442e-02
 0.000000e+00 0.000000e+00 0.000000e+00 0.000000e+00 0.000000e+00 0.000000e+00
<ENDHMM>
