~o
<STREAMINFO> 1 39
<VECSIZE> 39<NULLD><MFCC_D_A_0><DIAGC>
~h "sebelas"
<BEGINHMM>
<NUMSTATES> 6
<STATE> 2
<MEAN> 39
 -1.068912e+01 -4.841566e+00 4.911389e+00 -8.059329e-01 -1.049328e+00 1.169325e+00 -2.505059e+00 -3.511754e-01 -2.472935e+00 -4.125767e+00 1.050608e+00 3.068812e+00 5.791077e+01 9.294585e-01 1.231338e+00 -1.924427e-01 4.552070e-01 4.038877e-01 -1.692353e-01 1.187186e-02 4.708615e-01 1.257841e-01 -4.693254e-01 -5.308567e-01 -4.596849e-02 -5.007932e-02 8.452827e-02 1.156365e-01 -1.544877e-02 1.556830e-01 2.419544e-02 6.456406e-02 3.752850e-02 1.065200e-01 4.394887e-02 -6.372160e-02 -8.102170e-02 -4.720991e-02 -7.380940e-02
<VARIANCE> 39
 1.042520e+02 1.410672e+02 6.980057e+01 8.502953e+01 5.654522e+01 4.554115e+01 4.678421e+01 5.928727e+01 7.057214e+01 6.160038e+01 3.089722e+01 3.148727e+01 1.474912e+02 5.366937e+00 8.145028e+00 6.177860e+00 6.389082e+00 4.696016e+00 5.494863e+00 3.716546e+00 4.398993e+00 5.839285e+00 4.336369e+00 3.502023e+00 3.915094e+00 2.056592e+00 8.809173e-01 8.464661e-01 1.220511e+00 9.149725e-01 7.285904e-01 1.231730e+00 7.253777e-01 7.334390e-01 1.172393e+00 9.085464e-01 5.970349e-01 7.364984e-01 3.135940e-01
<GCONST> 1.432231e+02
<STATE> 3
<MEAN> 39
 2.378077e+00 5.379378e+00 1.874596e+00 7.419068e+00 -1.003313e+00 9.794927e-01 -2.374255e+00 2.691079e+00 1.071878e+00 -1.125979e+01 -6.097910e+00 5.522977e+00 5.949990e+01 3.150443e-01 -7.488884e-01 -2.494892e-01 5.195890e-02 -5.401800e-01 -3.806928e-02 -2.779863e-01 -2.942436e-01 3.067202e-02 -1.238087e-01 4.522219e-01 5.605854e-01 4.053805e-01 -1.207478e-02 -8.493685e-02 -5.769387e-02 -4.386323e-02 1.355627e-02 -6.122810e-02 -3.879735e-02 -6.589054e-02 -8.636486e-02 6.052506e-02 1.765442e-01 6.302661e-02 3.671530e-02
<VARIANCE> 39
 4.144116e+01 5.423529e+01 4.951080e+01 2.854242e+01 7.750320e+01 5.241879e+01 2.690335e+01 7.187476e+01 4.119309e+01 4.586521e+01 3.130824e+01 4.872925e+01 7.637022e+01 1.150323e+00 2.022096e+00 3.368731e+00 1.635727e+00 3.305666e+00 5.297748e+00 2.567739e+00 2.150643e+00 2.588528e+00 2.668903e+00 2.937905e+00 2.025815e+00 1.003064e+00 1.755510e-01 3.510397e-01 4.428377e-01 2.817194e-01 5.778779e-01 7.097343e-01 4.415697e-01 3.769558e-01 3.963131e-01 4.336456e-01 5.001867e-01 3.720013e-01 1.523217e-01
<GCONST> 1.197001e+02
<STATE> 4
<MEAN> 39
 2.820262e+00 -6.519491e+00 -1.182787e+01 -1.393946e+00 -4.095991e-01 -7.868571e+00 -4.948001e+00 3.374843e+00 -1.714700e+00 5.753356e-01 5.976779e+00 1.101608e+01 7.507453e+01 -6.711493e-02 -1.242150e-01 2.518001e-02 -5.747558e-01 4.863154e-02 3.324872e-01 6.076623e-02 7.608047e-02 5.030982e-01 4.535750e-01 3.475197e-01 3.190387e-01 1.518400e-01 -1.554072e-01 5.680391e-02 1.827959e-01 -3.922613e-02 6.850693e-02 1.711344e-01 7.026517e-02 1.443950e-02 3.029129e-02 -2.628727e-03 -5.096151e-02 -1.047387e-01 -6.051979e-02
<VARIANCE> 39
 2.499858e+00 2.092692e+01 3.632310e+01 3.527843e+01 1.720025e+01 3.435490e+01 8.252843e+00 2.469654e+01 6.731467e+01 4.229372e+01 1.904502e+01 1.077394e+01 2.627690e+01 2.305816e-01 9.137204e-01 1.016775e+00 1.005802e+00 9.917459e-01 1.230978e+00 8.445700e-01 1.237859e+00 2.312375e+00 1.449108e+00 1.393656e+00 6.964458e-01 3.183510e-01 7.712621e-02 1.006346e-01 1.164670e-01 2.160240e-01 1.461495e-01 1.729158e-01 1.629786e-01 2.006291e-01 4.155484e-01 2.505555e-01 1.881204e-01 1.510440e-01 3.507180e-02
<GCONST> 8.496653e+01
<STATE> 5
<MEAN> 39
 -1.174988e+01 -9.494676e+00 5.325576e+00 -6.184078e+00 -6.253320e+00 6.271329e+00 -2.408054e+00 -3.022951e+00 8.005843e-02 -2.083776e+00 4.635492e+00 6.335804e+00 6.118964e+01 -7.079194e-01 1.210160e-01 -5.213398e-02 -1.354406e-01 2.015506e-02 -4.345969e-02 1.810916e-01 -1.014484e-01 -2.895074e-01 1.801009e-01 -1.808704e-01 -4.830038e-01 -5.824474e-01 9.997223e-02 3.946783e-02 -7.215755e-02 4.325092e-02 -5.532565e-03 -6.464065e-02 -2.395976e-02 8.153371e-03 5.937346e-03 -3.107917e-02 -4.960237e-02 2.044736e-02 1.834139e-02
<VARIANCE> 39
 7.721837e+01 7.556969e+01 5.687877e+01 9.591922e+01 5.451131e+01 4.547721e+01 4.344627e+01 3.808521e+01 5.134333e+01 4.835323e+01 3.164200e+01 2.837782e+01 1.489946e+02 2.658842e+00 5.352070e+00 4.861162e+00 4.239656e+00 4.010650e+00 3.673093e+00 2.607780e+00 3.631929e+00 3.818343e+00 3.019871e+00 2.792929e+00 2.272835e+00 1.725188e+00 2.526054e-01 8.102920e-01 6.284439e-01 6.272310e-01 7.246618e-01 6.302415e-01 5.223820e-01 7.996739e-01 6.760637e-01 5.136160e-01 5.636611e-01 4.743608e-01 2.857769e-01
<GCONST> 1.314560e+02
<TRANSP> 6
 0.000000e+00 1.000000e+00 0.000000e+00 0.000000e+00 0.000000e+00 0.000000e+00
 0.000000e+00 9.322493e-01 6.775071e-02 0.000000e+00 0.000000e+00 0.000000e+00
 0.000000e+00 0.000000e+00 9.384550e-01 6.154504e-02 0.000000e+00 0.000000e+00
 0.000000e+00 0.000000e+00 0.000000e+00 8.960283e-01 1.039717e-01 0.000000e+00
 0.000000e+00 0.000000e+00 0.000000e+00 0.000000e+00 9.546720e-01 4.532799e-02
 0.000000e+00 0.000000e+00 0.000000e+00 0.000000e+00 0.000000e+00 0.000000e+00
<ENDHMM>
