~o
<STREAMINFO> 1 39
<VECSIZE> 39<NULLD><MFCC_D_A_0><DIAGC>
~h "sembilan"
<BEGINHMM>
<NUMSTATES> 6
<STATE> 2
<MEAN> 39
 -1.716919e+01 -7.909986e+00 8.740989e+00 -1.393329e+00 -9.306303e-01 6.794528e-01 2.967732e+00 -6.025256e+00 -2.916030e+00 -2.825222e-01 4.477757e+00 6.191653e-01 6.622755e+01 1.300308e+00 1.038292e+00 -2.676279e-01 7.425160e-01 5.319018e-01 -3.769040e-01 -3.124189e-01 -6.592006e-02 -3.311969e-01 -2.950161e-01 -3.252852e-01 -4.692418e-02 7.110485e-02 3.306014e-01 3.265225e-01 -1.170669e-01 1.750372e-01 2.415158e-01 -5.682134e-02 -1.162585e-01 1.054676e-01 8.346027e-03 -1.199859e-01 -1.731006e-01 -4.544353e-02 -4.787328e-02
<VARIANCE> 39
 7.569131e+01 9.431938e+01 6.753790e+01 1.057246e+02 9.532600e+01 5.494899e+01 8.034410e+01 5.087014e+01 5.557154e+01 4.062242e+01 2.555008e+01 2.016515e+01 1.224574e+02 7.682182e+00 1.062265e+01 6.151206e+00 4.520912e+00 5.932842e+00 5.111395e+00 4.065506e+00 4.319564e+00 4.126406e+00 3.012707e+00 2.511269e+00 2.153736e+00 3.001331e+00 7.165589e-01 1.014045e+00 1.075583e+00 6.087590e-01 7.444451e-01 8.951516e-01 7.255154e-01 6.651607e-01 6.230590e-01 5.890782e-01 4.163379e-01 4.180981e-01 4.256347e-01
<GCONST> 1.389079e+02
<STATE> 3
<MEAN> 39
 2.700701e+00 5.178946e+00 1.017798e+00 1.161153e+01 5.073467e+00 -4.674685e-01 -3.046802e+00 6.577954e-01 -2.028445e-01 -6.785262e+00 -1.635567e+00 2.884000e+00 5.588820e+01 1.517782e-01 4.886108e-02 5.759143e-02 1.003367e-01 -3.992355e-03 3.193072e-02 -1.033533e-01 1.053243e-03 5.594145e-02 -1.526088e-01 -6.582292e-02 5.484107e-03 8.277497e-02 -1.112253e-01 -1.542148e-01 8.390966e-03 -7.881601e-02 -1.209952e-01 3.195838e-02 3.474813e-02 -6.435003e-02 -2.258969e-02 3.388994e-02 7.524606e-02 1.376095e-02 1.177050e-02
<VARIANCE> 39
 3.087539e+01 7.084459e+01 4.895461e+01 4.973805e+01 8.765224e+01 6.208357e+01 3.936292e+01 6.991908e+01 4.985015e+01 3.246422e+01 4.363582e+01 5.920168e+01 8.996974e+01 1.501088e+00 4.946804e+00 3.988526e+00 3.818536e+00 5.722977e+00 5.078054e+00 3.365398e+00 3.324470e+00 3.912532e+00 2.627080e+00 3.922461e+00 3.728142e+00 1.366404e+00 2.325835e-01 6.780098e-01 7.153465e-01 6.131845e-01 8.332490e-01 9.865061e-01 6.583380e-01 5.982575e-01 7.352563e-01 5.156226e-01 6.388995e-01 5.865086e-01 2.070004e-01
<GCONST> 1.319447e+02
<STATE> 4
<MEAN> 39
 1.078926e+00 -6.823060e+00 5.796071e+00 -8.737080e+00 7.325478e+00 -1.888758e+01 1.312892e+01 -1.776348e+01 -3.569609e+00 -8.949963e+00 -3.986533e+00 -2.686239e+00 7.751143e+01 2.588929e-02 -2.580121e-01 -1.333322e-01 -1.425793e-01 -2.560311e-01 1.488862e-01 2.154131e-01 7.847851e-02 2.040290e-01 8.447554e-02 9.019452e-02 2.435617e-02 1.053704e-01 -3.768057e-02 3.811157e-03 1.183138e-02 -2.438286e-02 6.147051e-03 4.458145e-02 8.977887e-04 3.743836e-02 4.959551e-02 2.245343e-02 1.995666e-02 3.875993e-03 -6.225615e-03
<VARIANCE> 39
 2.193941e+01 7.860709e+01 3.884927e+01 7.086791e+01 7.897975e+01 1.417255e+02 1.004596e+02 5.739195e+01 5.352364e+01 4.584808e+01 5.299915e+01 4.861666e+01 6.098963e+01 1.208888e+00 4.273595e+00 2.522094e+00 4.191396e+00 3.606346e+00 3.877007e+00 3.160288e+00 3.899925e+00 3.664104e+00 3.480908e+00 3.841269e+00 3.228766e+00 2.570805e+00 2.235461e-01 5.548479e-01 4.320228e-01 6.912423e-01 5.108268e-01 7.009620e-01 5.333377e-01 7.104442e-01 6.782132e-01 6.239696e-01 6.594041e-01 5.299935e-01 3.349383e-01
<GCONST> 1.316630e+02
<STATE> 5
<MEAN> 39
 -9.365950e-01 5.000851e+00 -1.600042e+00 4.490230e+00 1.203222e+00 -4.834325e+00 -4.928618e+00 -4.176304e+00 -2.562469e+00 -4.998342e+00 1.038062e+00 2.496727e+00 7.079511e+01 -6.771522e-02 -3.986912e-02 -1.851298e-01 -8.841099e-02 -5.643481e-02 -1.352595e-02 6.922454e-02 6.190587e-02 4.038605e-02 4.001950e-02 1.160335e-02 6.788014e-02 -8.538858e-02 -1.397848e-02 -2.405262e-02 9.712214e-04 -1.848780e-02 -8.636601e-03 -1.768490e-03 1.105324e-02 -9.700695e-03 -1.397299e-02 5.525707e-03 1.807034e-02 9.001751e-03 6.864409e-03
<VARIANCE> 39
 2.398632e+01 5.299122e+01 6.044504e+01 7.433079e+01 6.988976e+01 5.089102e+01 3.884934e+01 4.957728e+01 4.088671e+01 4.017596e+01 4.922439e+01 4.881934e+01 4.799065e+01 4.665230e-01 1.312704e+00 1.160871e+00 1.676656e+00 1.639935e+00 1.569708e+00 1.895676e+00 1.602966e+00 1.996819e+00 1.625491e+00 1.660834e+00 1.723866e+00 6.276062e-01 5.303114e-02 1.824339e-01 1.475873e-01 2.057676e-01 2.277218e-01 2.785524e-01 3.271891e-01 2.852742e-01 3.281581e-01 2.786449e-01 2.812189e-01 2.540057e-01 6.953289e-02
<GCONST> 1.050716e+02
<TRANSP> 6
 0.000000e+00 7.186872e-01 2.813128e-01 0.000000e+00 0.000000e+00 0.000000e+00
 0.000000e+00 8.847848e-01 9.697281e-02 1.824238e-02 0.000000e+00 0.000000e+00
 0.000000e+00 0.000000e+00 9.323796e-01 2.158324e-02 4.603718e-02 0.000000e+00
 0.000000e+00 0.000000e+00 0.000000e+00 9.639365e-01 2.309205e-03 3.375431e-02
 0.000000e+00 0.000000e+00 0.000000e+00 0.000000e+00 9.735209e-01 2.647908e-02
 0.000000e+00 0.000000e+00 0.000000e+00 0.000000e+00 0.000000e+00 0.000000e+00
<ENDHMM>
