~o
<STREAMINFO> 1 39
<VECSIZE> 39<NULLD><MFCC_D_A_0><DIAGC>
~h "sepuluh"
<BEGINHMM>
<NUMSTATES> 6
<STATE> 2
<MEAN> 39
 -1.344817e+01 -4.960990e+00 3.778209e+00 -2.230394e+00 -4.361123e-01 2.753586e+00 -2.318683e+00 -1.792759e+00 -9.728817e-01 -1.226427e+00 3.833327e-01 3.128724e+00 6.291817e+01 6.313065e-01 6.697685e-01 -5.259995e-01 4.117530e-01 7.487608e-02 -5.217400e-01 -4.074539e-01 2.979158e-01 1.872763e-01 -2.687957e-02 -2.052809e-02 -1.102864e-01 -1.543891e-01 1.667743e-01 2.133741e-01 -7.230341e-02 1.620386e-01 -9.659993e-03 -2.167491e-01 -9.461163e-02 1.603877e-01 1.326867e-02 -1.790649e-02 -4.897555e-02 -8.645661e-02 -5.503723e-02
<VARIANCE> 39
 5.372075e+01 7.684576e+01 5.144828e+01 4.513512e+01 4.215063e+01 3.733702e+01 4.015235e+01 2.657505e+01 3.196981e+01 2.781379e+01 1.936505e+01 2.126291e+01 8.556033e+01 5.279986e+00 6.181580e+00 3.769526e+00 4.161294e+00 3.574201e+00 4.688776e+00 3.681700e+00 2.537135e+00 2.585481e+00 2.177584e+00 2.396466e+00 1.916584e+00 2.655355e+00 8.162871e-01 7.065309e-01 6.735502e-01 5.841479e-01 5.567291e-01 8.493178e-01 6.823508e-01 4.490404e-01 4.606505e-01 4.870315e-01 4.059379e-01 3.153926e-01 2.818958e-01
<GCONST> 1.266365e+02
<STATE> 3
<MEAN> 39
 2.686333e+00 5.800354e+00 -1.335067e+00 4.672723e+00 -2.281316e+00 -2.188074e+00 -6.579059e+00 6.855853e+00 7.483929e+00 -1.073271e+01 -6.924525e+00 1.584655e+00 5.032559e+01 4.251243e-01 2.026825e-01 4.237335e-02 -8.299342e-02 -2.754643e-01 -1.486003e-01 -5.015646e-02 3.509207e-01 3.782719e-01 -2.639600e-01 -2.530402e-01 -1.780443e-02 2.379171e-01 -5.564042e-02 -1.812963e-01 -2.651266e-02 -6.973404e-02 -6.589395e-03 8.371995e-02 3.150099e-02 -4.941418e-02 -2.335918e-02 1.795189e-02 2.794125e-03 3.181034e-02 4.362912e-02
<VARIANCE> 39
 5.515990e+01 3.227662e+01 6.404248e+01 1.939677e+01 8.460037e+01 4.069798e+01 4.102680e+01 4.152795e+01 6.765385e+01 6.850215e+01 4.269196e+01 3.896915e+01 4.683706e+01 2.376345e+00 3.643043e+00 8.085466e+00 2.359634e+00 1.010153e+01 4.633077e+00 4.642887e+00 3.896785e+00 7.394278e+00 5.948799e+00 4.150611e+00 4.186672e+00 2.010594e+00 4.055476e-01 8.199679e-01 1.345487e+00 5.388284e-01 1.839948e+00 8.398607e-01 9.408719e-01 6.699128e-01 1.348553e+00 1.226698e+00 8.364044e-01 7.430961e-01 3.561008e-01
<GCONST> 1.383080e+02
<STATE> 4
<MEAN> 39
 3.285384e-01 3.568843e+00 -2.705739e+00 6.504091e+00 -2.207588e-01 -1.188067e+01 -9.045599e+00 7.542624e+00 3.250470e+00 -4.730204e+00 -5.344570e+00 -2.106788e+00 6.983493e+01 -2.576501e-01 -7.245373e-02 -1.243471e-01 -7.250795e-02 3.439552e-02 2.225944e-01 3.013951e-01 1.899777e-02 -7.344370e-02 -4.873443e-02 -7.385179e-02 6.673899e-02 -1.896104e-01 -7.141744e-02 3.675032e-04 6.126636e-03 -3.396365e-02 3.236246e-02 1.174973e-01 3.866701e-02 -7.298169e-02 -1.668517e-02 3.828360e-02 3.299185e-02 3.123951e-02 -5.110196e-02
<VARIANCE> 39
 1.170921e+01 3.516568e+01 4.904058e+01 2.476257e+01 4.379876e+01 3.723581e+01 4.398109e+01 3.316158e+01 2.497136e+01 3.260362e+01 1.792139e+01 2.385008e+01 2.501629e+01 4.013503e-01 7.705786e-01 1.448723e+00 1.441055e+00 1.973123e+00 2.072329e+00 1.320158e+00 1.825090e+00 1.545087e+00 1.299559e+00 1.334525e+00 1.374820e+00 4.199599e-01 4.685738e-02 1.286026e-01 2.074231e-01 2.370438e-01 3.202050e-01 4.538441e-01 2.469043e-01 3.910690e-01 2.802845e-01 1.832639e-01 2.044018e-01 2.249891e-01 4.062828e-02
<GCONST> 9.610567e+01
<STATE> 5
<MEAN> 39
 -4.570764e+00 7.414675e+00 -2.967433e+00 -1.026039e-01 -4.996114e+00 -2.016861e+00 1.364289e+00 7.792470e+00 3.597708e+00 -5.411623e+00 -3.016489e+00 2.187384e+00 4.933669e+01 -6.502551e-01 -1.254431e-01 -3.990146e-01 -8.109418e-01 -1.306379e-01 5.447465e-03 1.119193e-01 -6.606135e-01 -8.894584e-01 5.430836e-01 6.538724e-01 1.275192e-01 -3.795943e-01 1.451103e-01 -5.626363e-02 7.781375e-02 6.358711e-02 -2.391128e-02 -5.515987e-02 -1.521800e-01 4.101081e-02 3.653801e-02 -1.241508e-01 3.443754e-02 3.661189e-02 1.422143e-01
<VARIANCE> 39
 3.574022e+01 3.727476e+01 6.893742e+01 5.767341e+01 4.567134e+01 3.769585e+01 3.329203e+01 7.102368e+01 1.005935e+02 4.309352e+01 3.102234e+01 2.642845e+01 9.503328e+01 1.696837e+00 3.343243e+00 5.382919e+00 3.371836e+00 4.022500e+00 3.227687e+00 3.972002e+00 3.376785e+00 4.927056e+00 3.590214e+00 3.638936e+00 2.646401e+00 2.565902e+00 2.269788e-01 6.049615e-01 1.001534e+00 8.626765e-01 5.211582e-01 6.598268e-01 8.278599e-01 7.514538e-01 1.273647e+00 6.358771e-01 8.376624e-01 4.983713e-01 3.283198e-01
<GCONST> 1.320194e+02
<TRANSP> 6
 0.000000e+00 1.000000e+00 0.000000e+00 0.000000e+00 0.000000e+00 0.000000e+00
 0.000000e+00 9.334700e-01 6.653009e-02 0.000000e+00 0.000000e+00 0.000000e+00
 0.000000e+00 0.000000e+00 9.389996e-01 6.100042e-02 0.000000e+00 0.000000e+00
 0.000000e+00 0.000000e+00 0.000000e+00 9.371592e-01 6.284076e-02 0.000000e+00
 0.000000e+00 0.000000e+00 0.000000e+00 0.000000e+00 8.793396e-01 1.206604e-01
 0.000000e+00 0.000000e+00 0.000000e+00 0.000000e+00 0.000000e+00 0.000000e+00
<ENDHMM>
