~o
<STREAMINFO> 1 39
<VECSIZE> 39<NULLD><MFCC_D_A_0><DIAGC>
~h "sil"
<BEGINHMM>
<NUMSTATES> 6
<STATE> 2
<MEAN> 39
 -1.219123e+01 3.848687e+00 -7.440162e+00 -4.357665e+00 -4.520468e+00 -5.746637e-01 -5.801008e-01 -5.167837e-01 -4.951831e+00 -4.387166e+00 -1.071449e+00 7.853312e-01 4.123325e+01 -8.763586e-02 1.444508e-01 -7.569776e-02 2.540139e-02 6.147762e-02 9.049473e-03 5.255930e-02 -9.671970e-03 -6.361348e-02 5.890876e-03 -4.846659e-02 -4.721345e-02 -1.567919e-01 -9.760126e-04 -1.767014e-02 4.537376e-02 1.750915e-02 5.158172e-03 2.852897e-03 -1.406374e-02 1.781438e-02 2.883592e-02 -7.681949e-03 -1.006439e-03 2.760171e-03 1.710257e-02
<VARIANCE> 39
 2.308999e+01 4.642490e+01 9.824544e+01 5.904500e+01 3.178345e+01 5.376805e+01 4.643736e+01 4.946281e+01 6.876132e+01 5.436479e+01 3.891595e+01 3.327478e+01 7.665092e+01 8.785121e-01 1.808477e+00 2.843256e+00 2.892529e+00 2.745724e+00 3.674689e+00 3.863811e+00 4.177341e+00 4.195169e+00 4.107025e+00 3.746626e+00 3.328537e+00 8.581992e-01 1.214870e-01 2.441471e-01 4.034571e-01 4.852995e-01 5.239233e-01 7.223580e-01 7.830335e-01 8.481111e-01 8.267902e-01 8.225992e-01 7.546793e-01 6.722206e-01 9.437448e-02
<GCONST> 1.251608e+02
<STATE> 3
<MEAN> 39
 -1.494170e+01 4.142053e+00 -3.112288e+00 3.677649e-01 -9.132679e-01 1.814515e+00 2.850389e+00 4.334824e+00 1.399932e+00 1.858619e+00 -2.983159e+00 -3.616018e+00 5.868265e+01 -1.672385e-02 4.283632e-02 5.291750e-03 4.307128e-02 4.079947e-03 -5.416624e-02 1.558815e-02 1.819962e-02 -1.561020e-02 1.356571e-02 5.439550e-04 -4.856219e-02 -3.232949e-02 2.292783e-03 -7.733967e-03 2.205024e-03 -3.591988e-03 3.962193e-03 6.421754e-03 -3.116975e-03 -3.712001e-03 -3.254176e-04 6.914008e-04 2.703405e-03 5.576936e-03 6.796171e-03
<VARIANCE> 39
 8.020058e-01 1.427673e+00 3.774416e+00 3.061011e+00 3.762072e+00 5.867613e+00 5.938496e+00 6.209965e+00 5.432623e+00 5.041286e+00 5.436673e+00 5.508865e+00 3.859728e-01 4.156447e-02 1.036043e-01 1.810958e-01 2.409317e-01 3.592273e-01 4.456477e-01 5.388731e-01 5.297909e-01 5.007722e-01 4.656537e-01 5.071961e-01 4.531296e-01 1.809231e-02 7.282943e-03 2.058655e-02 3.067107e-02 4.581444e-02 7.188905e-02 8.829471e-02 1.086353e-01 1.056334e-01 9.900895e-02 9.296910e-02 1.006841e-01 9.009322e-02 3.056168e-03
<GCONST> 2.803392e+01
<STATE> 4
<MEAN> 39
 -1.804696e+01 3.265878e+00 -3.510624e+00 3.016955e+00 8.272127e-01 2.803731e+00 4.333643e+00 4.655172e-01 3.129452e-01 7.259551e-01 1.296145e+00 3.320988e-01 5.378832e+01 -2.619017e-02 2.561540e-02 1.121338e-01 9.422309e-02 1.044328e-01 7.577107e-02 1.251390e-02 8.297957e-02 1.023372e-01 2.561134e-02 -4.209268e-03 4.688122e-02 -9.245107e-03 4.852908e-02 -1.978544e-02 7.017110e-02 7.194924e-02 5.008703e-02 1.633665e-02 -2.964523e-02 -3.454385e-02 -6.569018e-03 -5.163727e-03 1.552861e-02 2.100632e-02 6.474201e-02
<VARIANCE> 39
 9.063169e+00 7.869372e+00 1.191173e+01 1.615269e+01 1.063647e+01 1.352373e+01 1.516043e+01 2.775109e+01 1.864350e+01 1.690537e+01 2.132922e+01 1.755714e+01 3.558144e+01 1.971485e-01 3.694754e-01 5.897373e-01 7.003453e-01 7.679679e-01 1.054168e+00 1.041608e+00 1.083909e+00 9.778747e-01 1.067071e+00 1.001827e+00 9.403555e-01 1.020560e-01 6.175546e-02 9.425912e-02 1.189537e-01 1.683315e-01 2.134184e-01 1.951677e-01 2.049910e-01 2.410371e-01 1.990673e-01 1.960384e-01 1.871640e-01 1.985366e-01 3.915099e-02
<GCONST> 7.655264e+01
<STATE> 5
<MEAN> 39
 -1.281603e+01 1.947969e+00 -3.679073e+00 5.093182e-01 -2.225793e+00 -2.178983e-01 -1.065969e+00 6.405284e-01 -2.127075e+00 -3.758952e+00 -2.100946e+00 7.840976e-01 4.294091e+01 5.412458e-01 -4.990762e-01 3.675462e-01 4.285119e-01 3.497902e-01 -6.902480e-02 -4.501756e-01 -1.399768e-01 6.966172e-02 -1.211976e-01 7.697681e-02 1.788086e-01 7.664003e-01 1.115118e-01 -2.677156e-02 -1.915595e-02 4.973359e-02 7.489972e-02 -4.701129e-02 -8.068810e-02 -2.048965e-02 -3.351926e-02 -5.295507e-02 1.436656e-02 3.926652e-03 1.138974e-01
<VARIANCE> 39
 4.629574e+01 6.530112e+01 6.982767e+01 6.366920e+01 6.220476e+01 5.197153e+01 6.159186e+01 6.435390e+01 7.857392e+01 6.572295e+01 5.285653e+01 4.882437e+01 1.438623e+02 3.112851e+00 5.649126e+00 5.347066e+00 5.503945e+00 6.805744e+00 5.291324e+00 5.732431e+00 5.811224e+00 6.547717e+00 5.663900e+00 5.571722e+00 4.683376e+00 4.731205e+00 4.651931e-01 1.031352e+00 9.227243e-01 9.165514e-01 1.187919e+00 1.131903e+00 1.154463e+00 1.129327e+00 1.283430e+00 1.149958e+00 1.126907e+00 9.361224e-01 8.922665e-01
<GCONST> 1.475873e+02
<TRANSP> 6
 0.000000e+00 7.156391e-01 2.843609e-01 0.000000e+00 0.000000e+00 0.000000e+00
 0.000000e+00 9.463341e-01 1.954730e-02 3.411863e-02 0.000000e+00 0.000000e+00
 0.000000e+00 0.000000e+00 9.716753e-01 2.832467e-02 0.000000e+00 0.000000e+00
 0.000000e+00 0.000000e+00 0.000000e+00 7.782519e-01 1.500465e-01 7.170163e-02
 0.000000e+00 0.000000e+00 0.000000e+00 0.000000e+00 8.954545e-01 1.045456e-01
 0.000000e+00 0.000000e+00 0.000000e+00 0.000000e+00 0.000000e+00 0.000000e+00
<ENDHMM>
