~o
<STREAMINFO> 1 39
<VECSIZE> 39<NULLD><MFCC_D_A_0><DIAGC>
~h "tambah"
<BEGINHMM>
<NUMSTATES> 6
<STATE> 2
<MEAN> 39
 9.344127e-01 5.319934e-01 -3.285560e+00 6.765328e-01 -7.452641e+00 -2.516260e+00 1.391649e-03 3.447217e+00 -8.580830e-01 -6.695531e+00 8.266577e-01 5.495875e+00 5.772401e+01 1.195174e+00 7.921677e-01 -5.329654e-01 6.019480e-01 6.216296e-01 -5.187359e-01 -8.974861e-02 1.031484e+00 8.279060e-01 -7.816895e-02 -5.790359e-01 -5.865789e-01 2.988793e-01 -2.466157e-01 2.234942e-01 1.645217e-01 2.478696e-01 3.790487e-01 1.772239e-01 -3.883352e-02 -3.576749e-02 1.248897e-01 1.331754e-01 -2.578338e-01 -4.324833e-01 -2.831573e-01
<VARIANCE> 39
 4.195772e+01 6.150600e+01 2.511675e+01 3.162902e+01 3.702175e+01 4.195228e+01 4.701856e+01 6.206232e+01 3.073175e+01 2.799519e+01 2.525117e+01 3.370528e+01 1.577364e+02 2.475369e+00 1.051111e+01 2.767967e+00 3.733191e+00 7.237739e+00 4.717934e+00 6.798178e+00 6.069272e+00 4.660554e+00 4.388887e+00 4.354105e+00 5.896546e+00 4.868986e+00 4.060470e-01 1.865864e+00 5.630563e-01 7.006893e-01 1.175172e+00 1.152924e+00 1.421924e+00 1.237514e+00 8.933170e-01 8.346894e-01 6.463426e-01 8.042169e-01 7.961086e-01
<GCONST> 1.392788e+02
<STATE> 3
<MEAN> 39
 1.666061e+00 1.407522e+01 -1.041699e+00 9.355633e+00 5.870716e+00 1.650602e-01 -1.949858e+00 4.416104e+00 7.848924e+00 -3.421140e+00 -1.121131e+01 -8.777000e+00 5.782628e+01 -1.415685e-01 6.830086e-01 4.567804e-01 1.378517e-01 2.250634e-01 2.875163e-01 -2.440176e-01 -3.493140e-01 9.047221e-02 -4.863059e-03 -5.669059e-01 -6.201102e-01 -3.817391e-01 1.988604e-01 -3.500950e-01 -6.587384e-02 -4.845010e-01 -7.847527e-01 -1.681931e-01 1.116871e-01 -7.862280e-02 -3.391770e-01 -2.774135e-01 5.461150e-01 9.071424e-01 3.223670e-01
<VARIANCE> 39
 1.167730e+01 8.799336e+00 1.383162e+01 6.684383e+00 1.960319e+01 1.317706e+01 9.460599e+00 9.535599e+01 2.941766e+01 1.211156e+01 2.871986e+01 1.522692e+01 8.786636e+01 3.558700e-01 5.739922e-01 6.461259e-01 2.182481e+00 5.317705e+00 2.099016e+00 1.256402e+00 1.147214e+00 2.856207e+00 1.514971e+00 4.340471e+00 6.220295e+00 4.461334e-01 6.037036e-02 1.691949e-01 1.691190e-01 2.073785e-01 3.528085e-01 3.980860e-01 2.618927e-01 2.713175e-01 3.868346e-01 3.190921e-01 3.785063e-01 4.824049e-01 6.800174e-02
<GCONST> 9.609216e+01
<STATE> 4
<MEAN> 39
 5.129604e+00 6.342895e+00 7.223655e-01 2.855434e+00 -7.608078e+00 5.735721e-01 -2.420598e+00 2.400117e+00 5.047315e+00 -1.112764e+01 -3.487727e+00 8.170919e+00 6.128974e+01 -4.216843e-02 -2.105238e+00 7.266711e-02 -3.638903e-01 -1.073423e+00 9.595299e-01 5.989365e-01 -1.324651e-01 -3.113003e-01 -7.003326e-01 1.720693e+00 2.486781e+00 8.388856e-01 -3.026689e-01 6.380121e-02 -9.736613e-02 4.608667e-01 7.068000e-01 1.001721e-01 4.090990e-01 2.512874e-01 -5.562842e-02 5.443829e-01 -4.041257e-02 -7.622436e-01 -2.788673e-01
<VARIANCE> 39
 1.520599e+01 5.284667e+01 1.655005e+01 2.010846e+01 3.009122e+01 6.418527e+01 1.915661e+01 9.332089e+01 3.327769e+01 2.574992e+01 2.581888e+01 4.936409e+01 8.825030e+01 1.708633e+00 2.078090e+00 2.873238e+00 2.906327e+00 7.327156e+00 6.098226e+00 3.939402e+00 2.497398e+00 4.011869e+00 3.976801e+00 1.827405e+00 6.952603e+00 1.759610e+00 2.202752e-01 6.261019e-01 7.041509e-01 2.885123e-01 6.570995e-01 1.544963e+00 5.958714e-01 4.671261e-01 1.038188e+00 5.095395e-01 3.347756e-01 8.339167e-01 2.595340e-01
<GCONST> 1.248642e+02
<STATE> 5
<MEAN> 39
 -3.635748e+00 -2.291013e-01 -1.852809e-01 6.996120e+00 -2.758834e+00 2.033498e+00 7.058708e+00 3.369922e+00 -2.714960e+00 -3.706070e+00 4.230391e+00 5.804342e+00 5.786677e+01 -8.198613e-01 7.491235e-03 2.515647e-02 1.304794e-01 4.308934e-01 -3.665976e-01 5.205305e-02 -3.041769e-01 -5.314910e-01 5.192223e-01 -6.066231e-02 -7.085033e-01 -4.806091e-01 1.172063e-01 1.113866e-01 6.689695e-02 -8.663495e-02 -1.019881e-01 -5.321048e-03 -3.270385e-01 -1.610307e-01 1.717562e-01 -2.168460e-01 -2.089360e-01 9.094814e-02 5.372691e-02
<VARIANCE> 39
 5.344636e+01 8.186090e+01 6.977663e+01 4.311275e+01 3.653121e+01 7.903372e+01 6.144462e+01 1.205572e+02 4.369214e+01 3.523285e+01 4.123332e+01 2.992293e+01 1.259588e+02 1.858257e+00 5.216912e+00 4.820541e+00 3.597062e+00 3.343358e+00 4.946568e+00 5.677839e+00 3.651282e+00 5.184305e+00 4.841023e+00 3.325177e+00 2.970755e+00 1.617986e+00 2.454497e-01 6.953690e-01 7.482565e-01 5.183043e-01 5.836176e-01 9.063120e-01 7.466598e-01 5.951746e-01 8.019054e-01 8.437945e-01 5.673919e-01 5.290399e-01 2.537479e-01
<GCONST> 1.340689e+02
<TRANSP> 6
 0.000000e+00 9.000955e-01 9.990449e-02 0.000000e+00 0.000000e+00 0.000000e+00
 0.000000e+00 8.937494e-01 1.062506e-01 0.000000e+00 0.000000e+00 0.000000e+00
 0.000000e+00 0.000000e+00 8.797101e-01 1.202899e-01 0.000000e+00 0.000000e+00
 0.000000e+00 0.000000e+00 0.000000e+00 8.555382e-01 1.444618e-01 0.000000e+00
 0.000000e+00 0.000000e+00 0.000000e+00 0.000000e+00 9.110557e-01 8.894426e-02
 0.000000e+00 0.000000e+00 0.000000e+00 0.000000e+00 0.000000e+00 0.000000e+00
<ENDHMM>
