~o
<STREAMINFO> 1 39
<VECSIZE> 39<NULLD><MFCC_D_A_0><DIAGC>
~h "tujuh"
<BEGINHMM>
<NUMSTATES> 6
<STATE> 2
<MEAN> 39
 -1.046450e+00 1.319112e-01 1.294005e+00 9.483911e+00 2.731213e+00 1.601078e-01 -4.894756e+00 1.922835e+00 -6.536667e-01 -1.118825e+01 8.174166e-01 2.753200e+00 5.529838e+01 3.483938e-01 7.356433e-02 3.974890e-02 4.023557e-02 5.052944e-02 9.788472e-03 -5.927329e-02 1.384746e-02 -2.877979e-02 -1.229627e-01 -8.365756e-02 4.273216e-02 3.156774e-01 3.614945e-02 9.326102e-02 4.751346e-03 1.297833e-02 4.113738e-02 7.323237e-02 -2.885569e-03 -1.700482e-02 -8.937879e-03 3.606122e-03 -3.757042e-02 -3.939633e-02 -4.168722e-02
<VARIANCE> 39
 7.034663e+01 8.791193e+01 5.805587e+01 7.016780e+01 6.405540e+01 5.798422e+01 6.453721e+01 6.953576e+01 4.987373e+01 6.220088e+01 3.944611e+01 3.466661e+01 9.971370e+01 4.193349e+00 1.095666e+01 4.921111e+00 4.465027e+00 6.772681e+00 5.126226e+00 6.865992e+00 5.697230e+00 4.215618e+00 6.185268e+00 4.183190e+00 3.216334e+00 4.738293e+00 7.132671e-01 2.227776e+00 8.600416e-01 6.992857e-01 1.291521e+00 9.834101e-01 1.240837e+00 1.071003e+00 8.100244e-01 1.141351e+00 8.156800e-01 6.142833e-01 8.056169e-01
<GCONST> 1.462507e+02
<STATE> 3
<MEAN> 39
 -1.339929e+00 -6.999853e+00 1.470532e+01 -8.359735e+00 5.993750e+00 -1.655141e+01 1.130789e+01 -1.198123e+01 -2.986884e+00 -1.442035e+01 4.601041e-01 -6.725882e+00 7.583592e+01 4.042060e-02 -3.364435e-02 -2.972882e-01 -2.068313e-01 -4.322782e-02 9.460764e-02 1.483148e-01 -8.351081e-02 1.617663e-01 1.185060e-01 -1.131782e-01 2.361857e-01 -4.332086e-03 -1.511674e-02 -4.949600e-02 -5.714723e-02 5.063693e-03 1.492604e-02 6.571318e-03 -7.178764e-03 -1.238248e-02 -1.381621e-02 3.682239e-02 3.602273e-02 1.747742e-02 2.143212e-02
<VARIANCE> 39
 3.431418e+01 4.290332e+01 4.116650e+01 6.772299e+01 1.212214e+02 1.047192e+02 7.379683e+01 5.404509e+01 8.395586e+01 3.577732e+01 4.880860e+01 3.352813e+01 3.450280e+01 3.143015e+00 3.931317e+00 3.074045e+00 2.771216e+00 5.575807e+00 4.389825e+00 5.087874e+00 4.704675e+00 8.855361e+00 3.626408e+00 3.450670e+00 2.331151e+00 3.227543e+00 5.989448e-01 6.452710e-01 5.771036e-01 4.439498e-01 6.918211e-01 6.273504e-01 9.828359e-01 8.180615e-01 1.602725e+00 6.911796e-01 5.786027e-01 4.299853e-01 4.865459e-01
<GCONST> 1.359748e+02
<STATE> 4
<MEAN> 39
 -5.826976e+00 2.206691e+00 3.684319e+00 1.086041e+01 9.411774e+00 1.105686e+00 -5.568161e+00 -5.118912e+00 -3.517990e+00 -7.492044e+00 -2.818446e-01 -5.068581e-01 6.880843e+01 2.576409e-01 9.066772e-02 6.687451e-03 -1.102291e-01 -5.337496e-02 1.335559e-01 -6.200536e-02 5.613186e-03 -4.619391e-02 -1.763970e-01 -1.564568e-01 4.243886e-02 1.275352e-01 -5.455392e-02 -6.940987e-03 -2.509556e-02 -7.853720e-02 -1.133934e-01 -5.520606e-02 6.154582e-02 5.886460e-02 5.397249e-02 3.624493e-02 -1.061593e-02 -1.380371e-03 -4.259856e-02
<VARIANCE> 39
 3.683458e+01 7.784542e+01 4.284796e+01 7.110815e+01 6.450954e+01 6.559889e+01 6.013723e+01 5.355420e+01 4.198919e+01 4.376553e+01 2.506945e+01 2.254286e+01 3.922541e+01 3.589465e+00 6.450903e+00 2.889191e+00 2.387913e+00 3.125325e+00 3.211500e+00 3.950069e+00 4.129407e+00 3.786446e+00 2.469755e+00 1.835294e+00 1.662069e+00 2.108467e+00 5.578374e-01 1.026864e+00 5.769524e-01 4.399719e-01 5.044470e-01 6.295958e-01 6.889340e-01 7.764575e-01 6.861086e-01 4.284135e-01 3.433072e-01 3.018427e-01 3.364158e-01
<GCONST> 1.275975e+02
<STATE> 5
<MEAN> 39
 -3.221877e+00 6.652657e+00 -1.531419e-01 8.874235e-01 -1.358574e+00 -4.808678e+00 -3.240750e+00 -1.969819e+00 -2.601979e+00 -9.983174e+00 -4.822072e+00 -2.525146e+00 6.883685e+01 -3.345994e-01 -3.070407e-02 -2.470297e-01 -1.340618e-01 -2.599636e-01 -1.405275e-01 2.301094e-01 8.427943e-02 2.060397e-01 3.810316e-01 1.314518e-01 4.322954e-02 -3.336043e-01 -2.179798e-02 -8.577834e-02 -1.300900e-02 2.855559e-02 6.706776e-02 2.032783e-02 -2.024148e-02 -6.478077e-02 -3.032553e-02 3.157993e-02 5.977111e-02 3.560489e-02 3.121557e-02
<VARIANCE> 39
 4.034172e+01 3.539536e+01 3.167675e+01 4.736665e+01 4.163303e+01 5.051472e+01 4.421600e+01 3.574670e+01 3.680922e+01 5.024934e+01 2.731472e+01 2.729969e+01 5.483140e+01 5.122015e-01 9.244407e-01 9.470080e-01 1.072598e+00 1.355683e+00 1.957538e+00 1.521247e+00 1.277406e+00 1.762878e+00 1.868068e+00 1.366862e+00 1.039335e+00 5.583857e-01 5.107566e-02 1.096405e-01 1.323357e-01 1.763334e-01 2.196244e-01 3.195368e-01 2.424608e-01 2.385624e-01 2.517258e-01 2.993372e-01 2.611491e-01 2.034145e-01 4.312063e-02
<GCONST> 9.816725e+01
<TRANSP> 6
 0.000000e+00 7.924730e-01 2.075270e-01 0.000000e+00 0.000000e+00 0.000000e+00
 0.000000e+00 9.083420e-01 0.000000e+00 9.165801e-02 0.000000e+00 0.000000e+00
 0.000000e+00 0.000000e+00 9.741774e-01 1.867263e-02 7.150008e-03 0.000000e+00
 0.000000e+00 0.000000e+00 0.000000e+00 9.300513e-01 3.599038e-02 3.395836e-02
 0.000000e+00 0.000000e+00 0.000000e+00 0.000000e+00 9.432862e-01 5.671378e-02
 0.000000e+00 0.000000e+00 0.000000e+00 0.000000e+00 0.000000e+00 0.000000e+00
<ENDHMM>
