~o
<STREAMINFO> 1 39
<VECSIZE> 39<NULLD><MFCC_D_A_0><DIAGC>
~h "bagi"
<BEGINHMM>
<NUMSTATES> 6
<STATE> 2
<MEAN> 39
 9.119241e-01 5.328598e+00 -2.243986e+00 6.660820e+00 3.557831e+00 -2.558303e+00 -1.446339e+00 8.197966e+00 1.169736e+00 -4.913506e+00 -2.957074e+00 -1.837252e-01 5.607517e+01 1.444607e+00 -3.101187e-01 -5.586523e-01 1.493541e-01 -4.234292e-01 -1.166688e+00 -8.907921e-01 1.536755e-01 -6.724323e-01 -9.070029e-01 3.863097e-01 4.124793e-01 1.022030e+00 -8.450735e-03 -4.261299e-01 5.278379e-02 -1.689326e-01 -2.603246e-01 -2.848538e-02 -1.210458e-01 -1.177808e-01 2.394564e-02 2.298383e-02 2.698837e-01 3.239467e-01 2.292361e-01
<VARIANCE> 39
 6.323825e+01 3.904287e+01 3.678118e+01 4.706316e+01 4.454960e+01 8.103498e+01 3.250328e+01 4.449412e+01 5.153516e+01 5.523378e+01 4.309545e+01 4.131093e+01 1.276526e+02 2.356511e+00 6.788272e+00 4.877166e+00 3.601075e+00 5.167552e+00 8.937660e+00 4.127415e+00 3.170451e+00 4.979490e+00 3.515128e+00 6.087761e+00 5.749380e+00 2.703755e+00 4.988196e-01 6.230550e-01 9.775440e-01 4.822501e-01 8.110240e-01 1.754426e+00 6.710132e-01 6.168091e-01 1.064492e+00 6.289511e-01 9.399881e-01 7.678769e-01 4.310484e-01
<GCONST> 1.381371e+02
<STATE> 3
<MEAN> 39
 2.354866e+00 -2.077669e+00 -8.652551e+00 2.958343e+00 4.745609e+00 -8.295095e+00 -1.032517e+01 1.094694e+00 -6.880970e+00 1.768532e+00 1.154922e+01 9.310190e+00 7.273512e+01 -3.744999e-01 2.046836e-01 2.949478e-01 3.788530e-01 1.127732e-01 4.826957e-01 2.878371e-01 -3.354278e-01 4.940714e-02 3.863711e-02 -1.831107e-02 1.173946e-01 -3.849978e-01 -1.594315e-01 3.313861e-03 2.328729e-01 1.530716e-01 1.337501e-01 1.087801e-01 1.082986e-01 3.267635e-02 2.072383e-02 -3.607148e-02 -1.840993e-01 -2.356305e-01 -6.494084e-02
<VARIANCE> 39
 8.649081e+00 2.125119e+01 9.046597e+00 1.422515e+01 1.628981e+01 2.696773e+01 3.438014e+01 2.210160e+01 2.156834e+01 3.310113e+01 2.673355e+01 1.161486e+01 2.904944e+01 4.139694e-01 1.655387e+00 1.217463e+00 7.837533e-01 9.503154e-01 2.359727e+00 2.106710e+00 1.334402e+00 1.998386e+00 1.469542e+00 1.910257e+00 1.942628e+00 6.397265e-01 7.060879e-02 3.115496e-01 2.010993e-01 2.046203e-01 2.442597e-01 4.970514e-01 4.567418e-01 2.693247e-01 4.165650e-01 2.733007e-01 2.828337e-01 3.685785e-01 1.420617e-01
<GCONST> 9.590620e+01
<STATE> 4
<MEAN> 39
 2.660103e+00 -9.133657e-01 2.142208e+00 1.628857e+01 7.302891e+00 -4.380063e-01 -6.227882e+00 6.820828e+00 -4.949057e-01 -1.000659e+01 4.446671e+00 4.895539e-01 5.337256e+01 -5.016778e-01 -1.809641e-01 3.170667e-01 4.397233e-01 7.900429e-01 9.489363e-02 -3.676729e-01 -2.341436e-01 4.656345e-02 5.108849e-01 2.905007e-01 -3.266478e-01 -1.968290e-01 1.793305e-02 8.029024e-02 -1.125100e-01 -5.486539e-02 -3.311817e-02 -1.251931e-01 7.851300e-02 2.988346e-02 -2.666230e-02 7.758051e-02 -9.749062e-02 -5.711010e-02 -3.480697e-02
<VARIANCE> 39
 2.393895e+01 3.938787e+01 4.502811e+01 7.569653e+01 5.785168e+01 4.956395e+01 6.848405e+01 3.232796e+01 3.008511e+01 7.409444e+01 3.527141e+01 4.108173e+01 3.703460e+01 2.424037e+00 4.868895e+00 4.876548e+00 5.548441e+00 4.306273e+00 6.695309e+00 7.278975e+00 3.625723e+00 4.152151e+00 6.913202e+00 4.245425e+00 4.101555e+00 2.850677e+00 3.765657e-01 9.088017e-01 8.990462e-01 1.004484e+00 8.088959e-01 1.289822e+00 1.451777e+00 7.629915e-01 8.824561e-01 1.465309e+00 8.669448e-01 7.891788e-01 4.993221e-01
<GCONST> 1.387398e+02
<STATE> 5
<MEAN> 39
 -5.862385e+00 -3.401798e+00 1.760425e+00 1.462720e+01 1.342245e+01 -3.215945e+00 -9.991903e+00 -1.366944e-01 -4.911781e+00 6.012329e-01 5.073337e+00 6.932201e-01 6.850864e+01 -4.127773e-01 1.057873e-01 2.475165e-01 -1.201282e-01 2.340576e-01 4.265258e-01 4.920570e-02 -1.938150e-01 2.547933e-01 2.583279e-02 -3.716881e-01 -4.920834e-01 -1.456195e-01 5.095430e-02 1.267499e-01 -1.271448e-01 -2.113085e-01 -1.273188e-01 1.011835e-01 5.487915e-02 -5.892283e-02 1.888061e-02 -2.204750e-02 6.187503e-03 7.069666e-02 -1.456270e-02
<VARIANCE> 39
 1.850685e+01 1.533739e+01 2.667315e+01 3.464100e+01 2.550385e+01 2.723339e+01 2.790161e+01 2.258615e+01 2.820399e+01 1.840629e+01 1.868808e+01 1.024238e+01 3.595764e+01 1.340022e+00 1.918011e+00 2.527411e+00 4.208714e+00 3.896118e+00 2.239023e+00 4.057531e+00 2.004820e+00 2.577067e+00 1.533335e+00 1.915392e+00 1.669483e+00 8.822142e-01 2.002159e-01 2.994327e-01 3.088450e-01 4.286952e-01 4.820377e-01 3.988914e-01 6.174227e-01 4.160676e-01 4.955568e-01 2.820587e-01 3.865679e-01 3.355544e-01 1.324993e-01
<GCONST> 1.083389e+02
<TRANSP> 6
 0.000000e+00 9.249979e-01 7.500216e-02 0.000000e+00 0.000000e+00 0.000000e+00
 0.000000e+00 8.775495e-01 1.224505e-01 0.000000e+00 0.000000e+00 0.000000e+00
 0.000000e+00 0.000000e+00 8.899852e-01 1.100148e-01 0.000000e+00 0.000000e+00
 0.000000e+00 0.000000e+00 0.000000e+00 9.010082e-01 9.899174e-02 0.000000e+00
 0.000000e+00 0.000000e+00 0.000000e+00 0.000000e+00 8.658510e-01 1.341490e-01
 0.000000e+00 0.000000e+00 0.000000e+00 0.000000e+00 0.000000e+00 0.000000e+00
<ENDHMM>
