~o
<STREAMINFO> 1 36
<VECSIZE> 36<NULLD><LPC_D_A><DIAGC>
~h "belas"
<BEGINHMM>
<NUMSTATES> 8
<STATE> 2
<MEAN> 36
 -2.926952e+00 5.284257e+00 -7.769910e+00 9.840325e+00 -1.062959e+01 1.000911e+01 -8.369209e+00 6.061916e+00 -3.793545e+00 1.995118e+00 -7.908196e-01 1.849379e-01 6.799134e-02 -5.501177e-02 7.428234e-02 -3.748366e-02 -1.097174e-02 6.606344e-02 -7.520603e-02 7.585153e-02 -5.361203e-02 2.902873e-02 -1.852235e-02 1.056817e-02 4.977970e-02 -7.857960e-02 1.599729e-01 -2.167170e-01 2.890004e-01 -2.824125e-01 2.628623e-01 -1.966346e-01 1.332070e-01 -7.027510e-02 2.890166e-02 -4.036593e-03
<VARIANCE> 36
 3.024161e-01 2.661808e+00 9.247467e+00 1.866553e+01 2.791379e+01 3.297439e+01 3.003273e+01 2.044317e+01 1.013155e+01 3.547899e+00 7.294955e-01 5.285715e-02 3.608344e-02 1.750861e-01 6.559202e-01 1.413852e+00 2.319527e+00 2.756054e+00 2.571779e+00 1.808207e+00 9.397171e-01 3.351427e-01 7.148000e-02 5.316031e-03 5.318473e-03 2.753711e-02 1.123988e-01 2.334288e-01 3.868144e-01 4.669114e-01 4.529255e-01 3.279049e-01 1.773287e-01 6.468578e-02 1.405680e-02 1.066667e-03
<GCONST> 4.222676e+01
<STATE> 3
<MEAN> 36
 -1.343284e+00 1.102583e+00 -1.498853e+00 1.281393e+00 -6.298040e-01 4.963184e-03 5.832980e-01 -8.731906e-01 7.558976e-01 -5.581037e-01 2.385406e-01 3.776431e-03 2.537739e-03 1.325377e-02 -1.701839e-02 5.438348e-02 -9.389412e-02 1.249067e-01 -1.251497e-01 1.074286e-01 -8.414489e-02 4.539350e-02 -1.126591e-02 5.890517e-03 -3.354092e-04 -6.781785e-03 3.172475e-02 -9.026013e-03 -7.128885e-03 2.850435e-02 -4.901375e-02 5.042022e-02 -4.127735e-02 2.906688e-02 -1.280460e-02 2.258577e-03
<VARIANCE> 36
 2.914204e+00 3.377431e+01 1.465028e+02 3.937238e+02 7.292982e+02 9.693973e+02 9.721033e+02 7.344202e+02 3.964219e+02 1.452488e+02 3.085126e+01 2.016694e+00 2.121908e-01 2.908590e+00 1.378752e+01 3.786322e+01 7.079205e+01 9.448680e+01 9.500918e+01 7.190633e+01 3.887043e+01 1.425248e+01 3.024203e+00 1.963619e-01 4.238685e-02 5.784613e-01 2.747138e+00 7.517917e+00 1.405090e+01 1.874468e+01 1.883049e+01 1.425376e+01 7.693607e+00 2.823444e+00 5.971341e-01 3.875132e-02
<GCONST> 1.627609e+02
<STATE> 4
<MEAN> 36
 -1.753070e+00 3.611159e+00 -4.540736e+00 6.129279e+00 -6.243618e+00 6.289776e+00 -5.177606e+00 4.018375e+00 -2.578535e+00 1.443079e+00 -5.939727e-01 2.016956e-01 4.518393e-02 -1.013974e-01 1.921330e-01 -2.846732e-01 3.347710e-01 -3.297351e-01 2.804685e-01 -2.109175e-01 1.334913e-01 -7.376745e-02 2.917241e-02 -7.900347e-03 -3.225575e-02 4.261741e-02 -9.371702e-02 1.021650e-01 -1.164591e-01 9.392472e-02 -7.548279e-02 4.164524e-02 -1.708741e-02 3.107159e-03 7.301600e-04 -2.348419e-03
<VARIANCE> 36
 3.045622e-01 9.229917e-01 3.155898e+00 5.244000e+00 7.003826e+00 7.723918e+00 6.643126e+00 4.688050e+00 2.307870e+00 9.907433e-01 2.200656e-01 4.200387e-02 6.651463e-02 1.463230e-01 5.896434e-01 9.297738e-01 1.507716e+00 1.619881e+00 1.498270e+00 1.032671e+00 5.409027e-01 2.111768e-01 4.501574e-02 5.602379e-03 7.718253e-03 1.687560e-02 6.458844e-02 1.113630e-01 1.807165e-01 2.159301e-01 2.021372e-01 1.512378e-01 7.946058e-02 3.261923e-02 6.907711e-03 9.702807e-04
<GCONST> 1.843425e+01
<STATE> 5
<MEAN> 36
 -8.594636e-01 5.019792e-01 -2.450268e-01 4.996547e-01 -2.803077e-01 3.644516e-01 -3.031508e-01 2.638557e-01 -2.446392e-01 1.936110e-01 -1.669198e-01 1.202267e-01 4.344612e-03 3.450025e-02 1.755354e-02 -6.581640e-03 -2.316005e-03 -3.328036e-03 5.357602e-03 3.770057e-04 2.783958e-03 2.862666e-04 -7.320054e-04 -1.233107e-03 -6.538596e-04 2.827919e-03 -4.245291e-03 -1.162279e-03 1.587997e-04 1.417832e-03 -5.332499e-04 5.041065e-04 2.701504e-04 1.141148e-03 -1.086583e-05 -1.091849e-04
<VARIANCE> 36
 3.316767e-01 3.217704e-01 2.117108e-01 2.236254e-01 1.351836e-01 1.059671e-01 1.011309e-01 1.068337e-01 5.094019e-02 4.723310e-02 3.311303e-02 1.381530e-02 2.130217e-02 2.211605e-02 1.210022e-02 1.287597e-02 7.906113e-03 7.265287e-03 4.310364e-03 5.177191e-03 3.042126e-03 2.902033e-03 2.228949e-03 1.236918e-03 3.029038e-03 3.820766e-03 2.496458e-03 2.620438e-03 1.550159e-03 1.401054e-03 8.557219e-04 9.976020e-04 6.148859e-04 5.764782e-04 4.433032e-04 2.561909e-04
<GCONST> -1.041199e+02
<STATE> 6
<MEAN> 36
 -1.268768e+00 1.580349e+00 -1.560206e+00 1.852681e+00 -1.881480e+00 1.647008e+00 -1.220661e+00 8.558602e-01 -5.352846e-01 2.553787e-01 -1.154126e-01 5.926714e-02 -3.750378e-02 8.548541e-02 -9.634954e-02 4.360949e-02 -1.951221e-02 4.957411e-02 -2.636749e-02 1.207525e-02 4.506280e-03 2.335708e-02 -1.821582e-03 2.937754e-03 -2.251587e-03 2.063887e-02 -2.956632e-02 4.594005e-02 -1.921042e-02 3.894477e-02 -3.678248e-02 3.818055e-02 -2.191056e-02 1.617284e-02 -8.236808e-03 5.353717e-03
<VARIANCE> 36
 8.495978e-01 2.715830e+00 7.080462e+00 1.113551e+01 1.401725e+01 1.450462e+01 1.224274e+01 7.976032e+00 4.031033e+00 1.519223e+00 3.479483e-01 3.954807e-02 2.322363e-02 9.723660e-02 1.684795e-01 3.383702e-01 5.331618e-01 6.828866e-01 6.492355e-01 4.707842e-01 2.524185e-01 9.770806e-02 2.312306e-02 2.906227e-03 4.346336e-03 1.722724e-02 4.036755e-02 8.552497e-02 1.319446e-01 1.611291e-01 1.470336e-01 1.071848e-01 5.694327e-02 2.231926e-02 5.004480e-03 6.957346e-04
<GCONST> 1.192033e+01
<STATE> 7
<MEAN> 36
 -1.185295e+00 1.422409e+00 -7.958348e-01 8.752024e-01 -5.689833e-01 8.166313e-01 -5.101011e-01 5.587221e-01 -3.040277e-01 2.742613e-01 -1.329541e-01 8.383253e-02 7.611970e-02 -6.607898e-02 2.702223e-03 1.768908e-02 1.134997e-02 -2.277473e-03 4.190691e-03 -1.080724e-03 1.385027e-02 -8.926784e-03 7.355319e-03 -1.421648e-04 1.303626e-02 -4.197616e-02 2.574580e-02 -1.354528e-02 -1.506944e-03 -1.578630e-02 1.083648e-02 -1.325976e-02 3.674185e-03 -1.029138e-02 2.652843e-03 -1.429110e-03
<VARIANCE> 36
 7.318386e-01 1.425530e+00 2.542417e+00 3.561088e+00 3.815971e+00 3.329553e+00 2.422965e+00 1.548230e+00 6.944666e-01 3.505087e-01 1.001046e-01 2.762295e-02 5.578792e-02 1.382269e-01 1.308846e-01 9.712956e-02 1.079430e-01 1.017083e-01 7.980887e-02 6.711666e-02 3.461679e-02 1.983204e-02 7.336099e-03 2.092973e-03 9.773651e-03 2.415151e-02 2.739948e-02 2.538910e-02 3.418325e-02 3.758830e-02 3.288369e-02 2.533626e-02 1.349489e-02 6.130524e-03 1.965294e-03 4.891072e-04
<GCONST> -2.499431e+01
<TRANSP> 8
 0.000000e+00 2.917121e-01 7.082879e-01 0.000000e+00 0.000000e+00 0.000000e+00 0.000000e+00 0.000000e+00
 0.000000e+00 7.858677e-01 2.053054e-02 1.936018e-01 0.000000e+00 0.000000e+00 0.000000e+00 0.000000e+00
 0.000000e+00 0.000000e+00 2.294434e-01 4.895726e-02 7.215993e-01 0.000000e+00 0.000000e+00 0.000000e+00
 0.000000e+00 0.000000e+00 0.000000e+00 8.586882e-01 1.863532e-02 1.226765e-01 0.000000e+00 0.000000e+00
 0.000000e+00 0.000000e+00 0.000000e+00 0.000000e+00 9.375052e-01 6.249480e-02 0.000000e+00 0.000000e+00
 0.000000e+00 0.000000e+00 0.000000e+00 0.000000e+00 0.000000e+00 1.498075e-01 8.501925e-01 0.000000e+00
 0.000000e+00 0.000000e+00 0.000000e+00 0.000000e+00 0.000000e+00 0.000000e+00 7.577866e-01 2.422134e-01
 0.000000e+00 0.000000e+00 0.000000e+00 0.000000e+00 0.000000e+00 0.000000e+00 0.000000e+00 0.000000e+00
<ENDHMM>
