~o
<STREAMINFO> 1 39
<VECSIZE> 39<NULLD><MFCC_D_A_0><DIAGC>
~h "delapan"
<BEGINHMM>
<NUMSTATES> 6
<STATE> 2
<MEAN> 39
 2.148685e+00 3.179761e+00 -4.539762e+00 9.692011e+00 5.039064e+00 -9.185416e-01 -4.095935e+00 2.647712e+00 -6.157519e-01 -6.996180e+00 -2.715340e+00 3.826171e+00 5.465973e+01 6.641016e-01 -3.285000e-01 -2.590434e-01 -2.150156e-01 -3.010124e-01 -2.091509e-01 -3.734010e-01 -1.121274e-01 1.075410e-02 -3.569248e-01 4.696190e-02 4.832093e-01 6.146927e-01 -4.320224e-02 -7.870931e-02 7.196198e-02 -1.583075e-01 -2.897426e-01 3.788387e-02 1.176880e-01 4.591445e-03 1.410037e-01 1.113416e-01 5.692967e-02 6.796047e-02 2.534593e-02
<VARIANCE> 39
 5.403325e+01 5.608766e+01 4.457161e+01 4.830350e+01 7.807918e+01 4.466515e+01 4.443557e+01 5.234911e+01 5.684055e+01 4.860592e+01 7.237211e+01 3.277728e+01 1.128549e+02 2.997837e+00 6.691168e+00 4.934030e+00 4.543564e+00 8.028522e+00 5.533985e+00 4.545448e+00 4.861075e+00 5.114667e+00 4.973042e+00 4.645074e+00 3.468101e+00 2.633198e+00 3.907501e-01 1.293700e+00 8.407302e-01 6.867139e-01 1.114799e+00 1.026538e+00 8.388123e-01 8.808815e-01 9.629431e-01 1.015503e+00 8.361186e-01 5.667821e-01 3.266358e-01
<GCONST> 1.403932e+02
<STATE> 3
<MEAN> 39
 2.177229e+00 2.600325e+00 1.532743e-01 4.197167e+00 -7.114084e+00 1.730232e+00 -1.184102e+00 1.010971e+00 5.099045e+00 -7.413992e+00 -4.037279e+00 8.280231e+00 5.528585e+01 -3.539058e-02 1.069078e-01 3.761639e-02 1.240414e-01 1.349162e-01 -7.607052e-02 1.546535e-01 2.164422e-01 -7.941104e-02 1.594599e-01 1.755193e-01 -1.443393e-01 -6.976398e-02 -2.210167e-02 1.431022e-01 -1.119168e-01 1.672152e-01 3.188766e-01 -1.260071e-01 -3.304635e-02 1.085186e-01 -4.553806e-02 -1.618018e-03 -9.870376e-02 -1.593421e-01 -1.051173e-01
<VARIANCE> 39
 5.145485e+01 5.946444e+01 3.341253e+01 2.817768e+01 6.521450e+01 3.808556e+01 2.886879e+01 6.137961e+01 5.070642e+01 3.345839e+01 3.741424e+01 3.994616e+01 1.066739e+02 3.547108e+00 4.752835e+00 3.660352e+00 3.930951e+00 1.040048e+01 3.390458e+00 2.773510e+00 3.490682e+00 4.446403e+00 2.470199e+00 3.933243e+00 4.211433e+00 3.493935e+00 4.707544e-01 7.589316e-01 6.827886e-01 7.384908e-01 1.870369e+00 6.899558e-01 5.802422e-01 6.953394e-01 8.104653e-01 4.638556e-01 8.389362e-01 7.433962e-01 3.829758e-01
<GCONST> 1.342659e+02
<STATE> 4
<MEAN> 39
 1.089554e+00 -3.076992e+00 -1.372589e+01 -2.281579e+00 3.222566e-01 -6.210397e+00 -2.332443e+00 7.440688e+00 1.999982e+00 3.469299e-01 3.979949e+00 9.724236e+00 7.269549e+01 -1.471033e-01 1.559322e-01 1.067364e-01 2.844310e-02 4.748258e-02 1.852821e-01 2.171026e-01 1.880152e-01 1.660714e-01 -1.440490e-02 -2.104260e-01 -1.195318e-01 -1.703553e-01 -2.118781e-02 2.745774e-02 3.235262e-02 5.049695e-02 4.269938e-02 3.398511e-02 -1.784034e-02 -4.341742e-02 -5.388434e-02 -3.465042e-02 -2.141230e-02 -4.239052e-02 -3.042256e-02
<VARIANCE> 39
 1.498800e+01 2.360238e+01 1.326519e+01 2.419300e+01 3.472956e+01 3.673914e+01 1.432026e+01 1.577289e+01 2.241228e+01 1.508706e+01 2.129637e+01 1.358492e+01 2.538733e+01 8.865098e-01 1.281498e+00 8.905292e-01 1.476435e+00 1.342014e+00 1.520906e+00 1.171163e+00 1.306508e+00 1.785129e+00 1.329090e+00 1.704360e+00 1.027143e+00 1.274358e+00 1.227710e-01 1.802650e-01 1.520771e-01 2.192505e-01 1.688229e-01 2.591339e-01 1.799148e-01 1.954686e-01 2.791055e-01 2.398024e-01 3.125192e-01 1.807394e-01 1.497786e-01
<GCONST> 9.265500e+01
<STATE> 5
<MEAN> 39
 1.426144e-01 9.956615e+00 -1.061254e+00 1.166399e+01 8.363352e+00 -4.111678e-01 -2.698866e+00 4.874812e+00 3.292734e+00 -5.043530e+00 -5.959413e+00 -1.042882e+00 5.453318e+01 -3.084938e-01 1.570752e-01 -2.048551e-01 -2.781637e-01 2.571136e-03 -2.607181e-01 -2.703735e-01 -2.391716e-01 -1.618350e-01 8.732122e-02 5.004040e-04 -2.762798e-01 -3.106899e-01 1.151570e-01 -2.700956e-01 -7.413469e-02 -2.506175e-01 -3.359090e-01 2.295935e-02 -7.551248e-02 -1.241549e-01 -2.282396e-02 -7.012545e-02 1.606433e-01 2.972334e-01 1.928575e-01
<VARIANCE> 39
 3.573317e+01 3.020544e+01 3.241532e+01 3.706674e+01 3.941543e+01 2.773479e+01 2.250558e+01 9.870422e+01 3.892291e+01 3.274796e+01 3.215546e+01 2.421267e+01 1.121327e+02 1.663772e+00 3.203385e+00 3.287017e+00 3.064053e+00 5.326359e+00 2.726394e+00 2.636045e+00 4.348029e+00 3.915841e+00 2.943307e+00 2.759412e+00 3.072600e+00 1.458351e+00 2.629901e-01 3.625342e-01 6.326316e-01 4.022812e-01 6.916010e-01 6.063688e-01 5.134767e-01 8.020862e-01 7.065402e-01 6.104969e-01 3.885332e-01 4.331631e-01 1.844127e-01
<GCONST> 1.232517e+02
<TRANSP> 6
 0.000000e+00 8.440109e-01 1.559891e-01 0.000000e+00 0.000000e+00 0.000000e+00
 0.000000e+00 9.313200e-01 3.816433e-02 3.051568e-02 0.000000e+00 0.000000e+00
 0.000000e+00 0.000000e+00 9.579632e-01 0.000000e+00 4.203679e-02 0.000000e+00
 0.000000e+00 0.000000e+00 0.000000e+00 9.787508e-01 1.417684e-02 7.072327e-03
 0.000000e+00 0.000000e+00 0.000000e+00 0.000000e+00 8.975067e-01 1.024933e-01
 0.000000e+00 0.000000e+00 0.000000e+00 0.000000e+00 0.000000e+00 0.000000e+00
<ENDHMM>
