~o
<STREAMINFO> 1 39
<VECSIZE> 39<NULLD><MFCC_D_A_0><DIAGC>
~h "dua"
<BEGINHMM>
<NUMSTATES> 6
<STATE> 2
<MEAN> 39
 -1.917464e+00 6.157252e+00 -5.809649e-01 9.061419e+00 7.834476e+00 3.410414e+00 -5.449732e+00 3.840359e+00 4.933568e+00 -5.463690e+00 -4.027564e+00 1.770849e+00 5.353378e+01 1.169597e+00 -6.319794e-02 3.316584e-01 -4.664777e-01 -2.807859e-01 2.402630e-01 -1.114650e+00 1.387701e-01 6.509627e-01 -1.491118e+00 -9.079791e-01 -3.775321e-02 1.026375e+00 -1.150838e-01 -5.548557e-02 2.149773e-01 -1.954767e-01 -4.662774e-01 -1.718998e-01 -2.078364e-03 2.436694e-01 1.704327e-01 -1.286902e-01 2.913745e-04 -3.644678e-02 -1.230598e-02
<VARIANCE> 39
 5.307409e+01 7.140752e+01 3.942447e+01 3.411582e+01 6.278061e+01 5.117556e+01 8.523442e+01 4.512603e+01 8.174596e+01 8.035474e+01 4.789965e+01 3.781820e+01 1.125948e+02 2.584090e+00 6.143386e+00 6.654044e+00 4.200373e+00 7.266893e+00 4.580013e+00 8.396052e+00 4.841641e+00 7.768460e+00 7.479299e+00 4.716823e+00 4.255381e+00 2.362921e+00 3.969096e-01 1.236888e+00 1.330483e+00 6.142030e-01 9.809432e-01 9.977489e-01 1.877089e+00 9.376155e-01 1.459401e+00 1.539720e+00 1.109161e+00 6.771473e-01 4.370408e-01
<GCONST> 1.450197e+02
<STATE> 3
<MEAN> 39
 3.896351e+00 6.034714e+00 5.053180e+00 2.500025e+00 -4.982888e+00 -7.239083e-01 -1.158994e+01 6.808243e+00 1.189054e+01 -1.264415e+01 -7.719658e+00 3.022073e+00 6.219328e+01 2.431991e-01 -3.277774e-01 -9.354973e-02 -2.844168e-01 -1.115075e+00 -9.432364e-01 1.733329e-02 2.143579e-01 1.889190e-01 2.975164e-01 1.507513e-01 3.682288e-01 3.008761e-01 -2.124443e-02 1.665052e-03 -2.892124e-01 1.620300e-01 3.265727e-01 -7.366527e-02 1.346558e-01 -8.391657e-02 -2.769943e-01 2.431557e-01 1.364029e-01 -6.494779e-03 -7.980607e-02
<VARIANCE> 39
 1.800989e+01 4.153955e+01 4.097274e+01 1.978802e+01 7.581475e+01 3.707489e+01 3.658836e+01 4.095030e+01 6.454718e+01 8.999281e+01 2.714832e+01 6.982359e+01 6.260060e+01 3.223682e-01 1.850199e+00 1.704744e+00 1.629003e+00 2.254280e+00 2.137502e+00 2.671901e+00 2.360578e+00 2.302656e+00 2.428412e+00 1.861105e+00 2.375038e+00 5.749257e-01 5.701679e-02 2.969706e-01 2.315511e-01 2.644453e-01 3.810628e-01 3.318091e-01 3.855716e-01 4.700498e-01 4.205889e-01 5.799415e-01 3.981077e-01 5.332843e-01 9.631600e-02
<GCONST> 1.112217e+02
<STATE> 4
<MEAN> 39
 2.296404e+00 -3.776258e+00 -1.299929e+01 -2.285573e+00 -1.765685e+00 -1.238499e+01 -7.555722e+00 9.003278e+00 2.696379e+00 1.909678e-01 2.082698e+00 5.195463e+00 7.405594e+01 -2.764515e-01 -5.994326e-03 -3.958413e-01 -1.655949e-01 -7.884759e-02 2.727040e-01 6.077447e-01 6.893864e-02 -1.279878e-01 3.054339e-02 2.014993e-01 3.074448e-01 -3.065577e-01 -7.343758e-02 1.047830e-01 1.228931e-01 6.116477e-02 4.513313e-02 1.514517e-01 3.761674e-02 -4.478461e-02 4.522161e-02 2.502394e-03 -5.084380e-02 -9.918483e-02 -8.607746e-02
<VARIANCE> 39
 1.344357e+01 2.943211e+01 4.608533e+01 1.463350e+01 1.466670e+01 5.292887e+01 3.742950e+01 2.381630e+01 1.873602e+01 2.765601e+01 2.056398e+01 2.063328e+01 2.246442e+01 3.879470e-01 1.240928e+00 1.077600e+00 6.548795e-01 6.078011e-01 1.489658e+00 1.287234e+00 1.330122e+00 1.274760e+00 1.247378e+00 1.533363e+00 1.153760e+00 6.454628e-01 3.075916e-02 1.081656e-01 1.083111e-01 1.085310e-01 1.129621e-01 2.390588e-01 2.743083e-01 2.369706e-01 2.230541e-01 2.240302e-01 2.548635e-01 1.766718e-01 4.209123e-02
<GCONST> 8.722804e+01
<STATE> 5
<MEAN> 39
 3.703119e-01 8.818804e+00 -1.350230e+00 4.794136e+00 -2.749546e+00 -3.292361e+00 -3.511492e-02 7.602223e+00 3.310309e+00 -8.415964e+00 -5.411876e+00 2.990946e+00 5.200092e+01 -6.269991e-01 3.457705e-01 -2.444190e-01 1.925730e-01 7.506070e-01 -4.346958e-02 5.209631e-01 -1.273933e-01 -8.326607e-01 7.447364e-01 2.054941e-01 -6.652216e-01 -6.473810e-01 4.733913e-02 -9.294026e-02 1.293859e-01 -1.244234e-01 -1.128776e-01 1.485704e-01 -2.226105e-01 -1.045138e-01 1.660676e-01 -1.327320e-01 -2.020177e-02 7.394231e-02 1.020698e-01
<VARIANCE> 39
 5.588819e+01 4.722427e+01 4.656240e+01 4.836454e+01 4.690424e+01 4.995422e+01 4.568821e+01 7.213465e+01 6.123843e+01 4.721129e+01 3.994384e+01 4.523676e+01 8.501535e+01 2.637842e+00 3.937505e+00 3.967153e+00 4.104239e+00 5.287611e+00 4.619560e+00 4.790786e+00 4.182176e+00 5.734303e+00 4.254404e+00 3.441025e+00 4.203272e+00 2.728358e+00 3.793184e-01 5.724109e-01 6.457663e-01 7.049748e-01 8.250943e-01 7.423699e-01 7.437796e-01 6.534268e-01 9.645468e-01 6.155439e-01 6.343603e-01 6.701439e-01 3.029184e-01
<GCONST> 1.351428e+02
<TRANSP> 6
 0.000000e+00 7.641444e-01 2.358556e-01 0.000000e+00 0.000000e+00 0.000000e+00
 0.000000e+00 8.616154e-01 1.383846e-01 0.000000e+00 0.000000e+00 0.000000e+00
 0.000000e+00 0.000000e+00 8.951398e-01 4.369169e-02 6.116857e-02 0.000000e+00
 0.000000e+00 0.000000e+00 0.000000e+00 9.466590e-01 2.131095e-02 3.203009e-02
 0.000000e+00 0.000000e+00 0.000000e+00 0.000000e+00 9.003727e-01 9.962731e-02
 0.000000e+00 0.000000e+00 0.000000e+00 0.000000e+00 0.000000e+00 0.000000e+00
<ENDHMM>
