~o
<STREAMINFO> 1 39
<VECSIZE> 39<NULLD><MFCC_D_A_0><DIAGC>
~h "empat"
<BEGINHMM>
<NUMSTATES> 6
<STATE> 2
<MEAN> 39
 -6.115122e+00 6.424497e+00 -6.555356e-01 1.076266e+01 9.557792e+00 4.198970e+00 2.965822e+00 7.959095e+00 2.840863e+00 -2.570462e+00 -5.854715e+00 -4.528643e+00 6.428941e+01 -2.504850e-01 8.746979e-02 7.502896e-02 -9.455048e-02 -3.933410e-02 1.577101e-01 1.794258e-01 2.244711e-02 1.051180e-01 8.848383e-02 -1.825612e-01 -2.365208e-01 -2.073901e-01 -4.442887e-02 -1.047710e-01 -8.109093e-02 -1.772692e-01 -1.690141e-01 -1.125186e-01 -1.018821e-01 -1.038376e-01 -3.968655e-02 7.890233e-02 1.275167e-01 9.450233e-02 9.431894e-03
<VARIANCE> 39
 1.329327e+01 2.539749e+01 1.871684e+01 1.907552e+01 1.763317e+01 1.087117e+01 1.543426e+01 2.457737e+01 8.814450e+00 1.093857e+01 9.821540e+00 1.203486e+01 9.220543e+00 1.293951e+00 5.433888e-01 5.857710e-01 1.349612e+00 1.528861e+00 1.024125e+00 1.275864e+00 9.865317e-01 7.406530e-01 1.224660e+00 8.560771e-01 9.194499e-01 6.806177e-01 1.816178e-01 1.055410e-01 1.042425e-01 1.684171e-01 1.916454e-01 2.011674e-01 2.250965e-01 1.255175e-01 1.554834e-01 2.055274e-01 1.239076e-01 1.644128e-01 1.342267e-01
<GCONST> 8.133894e+01
<STATE> 3
<MEAN> 39
 -9.047208e-01 3.685742e+00 -4.913574e-01 4.194729e+00 -2.362401e+00 -4.540749e-01 -2.515485e+00 5.371666e+00 5.411733e+00 -5.856827e+00 -4.705474e+00 1.436015e+00 5.180004e+01 4.986198e-01 -2.857853e-01 -3.602233e-01 -4.321831e-01 -3.348520e-01 -1.654190e-01 -1.673171e-01 -1.701047e-01 -3.837851e-02 -1.026676e-01 1.821091e-01 6.029574e-01 4.888614e-01 -2.830749e-02 1.286935e-02 -8.071187e-02 -2.462116e-02 4.980741e-02 -5.312596e-03 2.015841e-02 5.306914e-02 2.777682e-03 3.724144e-03 -4.997109e-03 1.200296e-02 -4.039579e-02
<VARIANCE> 39
 7.441930e+01 8.125719e+01 4.387990e+01 5.218352e+01 9.046395e+01 5.200832e+01 2.945544e+01 5.180795e+01 6.144567e+01 6.943637e+01 5.175003e+01 8.510586e+01 1.227810e+02 5.099187e+00 6.657174e+00 5.018102e+00 5.144555e+00 7.347515e+00 5.294546e+00 3.526358e+00 4.634109e+00 6.695480e+00 4.448708e+00 5.194144e+00 5.937939e+00 6.164257e+00 6.833742e-01 1.083037e+00 8.422835e-01 9.513507e-01 1.193990e+00 9.723446e-01 6.264774e-01 9.416075e-01 1.172860e+00 7.976513e-01 9.186802e-01 9.485904e-01 8.359034e-01
<GCONST> 1.460546e+02
<STATE> 4
<MEAN> 39
 2.649789e-01 -5.896356e+00 -1.688943e+01 -6.917467e+00 -2.973209e+00 -4.194318e+00 -4.425551e+00 4.229813e+00 6.398232e+00 9.249260e-03 1.622855e+00 1.335904e+01 7.285186e+01 -4.982541e-01 3.175805e-01 -3.227197e-02 -7.417139e-02 1.697939e-02 2.953158e-01 1.308728e-01 -1.085761e-01 -3.678649e-01 -8.937436e-02 1.045562e-01 -5.843085e-02 -5.874527e-01 -8.176268e-02 1.136282e-01 1.725287e-01 1.064515e-01 7.771397e-02 6.093827e-02 2.750309e-02 1.911368e-03 -5.728541e-02 2.893107e-02 3.691019e-03 -1.428862e-01 -8.668589e-02
<VARIANCE> 39
 1.955536e+01 1.814017e+01 1.063433e+01 7.645275e+00 9.999290e+00 2.063008e+01 1.446620e+01 2.238853e+01 3.162770e+01 1.560784e+01 1.117682e+01 1.880623e+01 3.339180e+01 2.604166e-01 6.444820e-01 1.212792e+00 6.602848e-01 7.453597e-01 1.088644e+00 1.205739e+00 1.568665e+00 1.389759e+00 9.991150e-01 7.703560e-01 1.784932e+00 4.928008e-01 7.877667e-02 1.318582e-01 2.655887e-01 1.731935e-01 1.842276e-01 2.463969e-01 2.509748e-01 3.518194e-01 2.655371e-01 1.862767e-01 1.486033e-01 2.910139e-01 1.005363e-01
<GCONST> 8.486465e+01
<STATE> 5
<MEAN> 39
 -6.113607e+00 8.155931e+00 -1.800372e+00 1.086251e+00 -2.075259e+00 9.692360e-01 -1.057538e+00 -8.530198e-01 -1.595456e+00 -5.201182e+00 1.588257e-02 5.524116e+00 5.365018e+01 -4.732595e-01 5.826720e-01 5.880877e-01 3.410463e-01 4.965910e-01 8.075368e-02 1.176165e-01 -1.133223e-01 -4.360591e-01 2.759286e-01 9.502585e-03 -6.313055e-01 -4.999833e-01 1.351541e-01 -1.331380e-01 1.476861e-01 1.312533e-01 -6.737815e-02 -1.224628e-02 -3.666001e-02 1.654701e-02 1.182573e-01 -1.109059e-01 -1.288907e-01 -2.652260e-02 1.704325e-01
<VARIANCE> 39
 2.577368e+01 3.563236e+01 4.710423e+01 3.608893e+01 2.909355e+01 3.584156e+01 2.453068e+01 4.850760e+01 2.836141e+01 3.080544e+01 2.243975e+01 3.728256e+01 1.777785e+02 2.219388e+00 3.105066e+00 2.779655e+00 3.869142e+00 3.211806e+00 2.954462e+00 2.657305e+00 4.085471e+00 3.413621e+00 2.260091e+00 2.484127e+00 3.686268e+00 2.176670e+00 2.984873e-01 4.111739e-01 4.204094e-01 6.314158e-01 5.269983e-01 4.190251e-01 5.759219e-01 7.819949e-01 6.155354e-01 4.770289e-01 5.578085e-01 7.219304e-01 2.809977e-01
<GCONST> 1.234915e+02
<TRANSP> 6
 0.000000e+00 4.687375e-01 5.312626e-01 0.000000e+00 0.000000e+00 0.000000e+00
 0.000000e+00 9.364432e-01 6.355686e-02 0.000000e+00 0.000000e+00 0.000000e+00
 0.000000e+00 0.000000e+00 9.359041e-01 2.409611e-02 3.999977e-02 0.000000e+00
 0.000000e+00 0.000000e+00 0.000000e+00 9.544112e-01 4.558881e-02 0.000000e+00
 0.000000e+00 0.000000e+00 0.000000e+00 0.000000e+00 8.105015e-01 1.894986e-01
 0.000000e+00 0.000000e+00 0.000000e+00 0.000000e+00 0.000000e+00 0.000000e+00
<ENDHMM>
