~o
<STREAMINFO> 1 36
<VECSIZE> 36<NULLD><LPC_D_A><DIAGC>
~h "kali"
<BEGINHMM>
<NUMSTATES> 8
<STATE> 2
<MEAN> 36
 -7.147327e-01 3.487281e-01 -6.054387e-01 5.095897e-01 -4.446564e-01 4.550666e-01 -3.746107e-01 3.592298e-01 -3.822851e-01 2.146500e-01 -1.695912e-01 1.289645e-01 6.708679e-03 -2.357688e-03 5.774522e-03 -3.762537e-03 4.505011e-03 -2.497539e-03 2.044800e-03 -1.226147e-03 4.536631e-03 -4.284164e-03 -2.548580e-03 2.250368e-04 1.985513e-03 1.280011e-03 -3.180128e-04 -3.617530e-04 5.276978e-04 1.089076e-03 1.756805e-04 1.273149e-05 -3.197824e-04 2.468332e-04 -1.935748e-03 9.717932e-04
<VARIANCE> 36
 2.786403e-01 5.447868e-02 1.061158e-01 9.077162e-02 5.133642e-02 5.914250e-02 3.171885e-02 3.309474e-02 3.203148e-02 1.985240e-02 2.151834e-02 2.314885e-02 1.307097e-02 6.133875e-03 4.717794e-03 5.074168e-03 2.732966e-03 3.314443e-03 1.905923e-03 1.881521e-03 1.825556e-03 1.392650e-03 1.545822e-03 2.433309e-03 1.801806e-03 1.375840e-03 9.682640e-04 9.079068e-04 5.081774e-04 6.390335e-04 3.697980e-04 3.400293e-04 3.089112e-04 2.330677e-04 2.664285e-04 4.261400e-04
<GCONST> -1.300022e+02
<STATE> 3
<MEAN> 36
 -2.908904e+00 5.133533e+00 -7.474374e+00 9.516277e+00 -1.053449e+01 1.029589e+01 -8.880425e+00 6.657553e+00 -4.395810e+00 2.455748e+00 -9.763553e-01 2.171069e-01 -2.206019e-02 2.226276e-02 -1.630700e-02 9.195426e-03 9.170509e-03 -2.700683e-02 4.618162e-02 -5.446545e-02 5.212131e-02 -3.977317e-02 2.458937e-02 -1.089026e-02 1.262847e-02 -1.743850e-02 1.943770e-02 -2.339393e-02 2.943911e-02 -3.142843e-02 2.837819e-02 -2.067199e-02 1.560377e-02 -1.104818e-02 3.923577e-03 4.691271e-04
<VARIANCE> 36
 2.584481e-01 2.097278e+00 7.557220e+00 1.677120e+01 2.680523e+01 3.258916e+01 3.052085e+01 2.181130e+01 1.155307e+01 4.414026e+00 1.038984e+00 8.166616e-02 2.846319e-02 2.038547e-01 7.398302e-01 1.691534e+00 2.805490e+00 3.434268e+00 3.224567e+00 2.313415e+00 1.220180e+00 4.627253e-01 1.084316e-01 8.460688e-03 5.566400e-03 4.426264e-02 1.589588e-01 3.597720e-01 5.864645e-01 7.083629e-01 6.555685e-01 4.632833e-01 2.392062e-01 8.844795e-02 2.044545e-02 1.578770e-03
<GCONST> 4.947873e+01
<STATE> 4
<MEAN> 36
 -1.310617e+00 1.233499e+00 -1.054562e+00 1.245260e+00 -1.183470e+00 1.101077e+00 -7.729421e-01 6.436808e-01 -4.522721e-01 2.919140e-01 -1.613209e-01 9.321038e-02 1.099765e-02 4.049213e-04 8.709607e-03 1.064908e-02 -1.809594e-02 2.281381e-02 -4.862315e-03 9.375680e-03 5.521593e-03 2.098538e-03 -3.885594e-03 4.315541e-03 1.228763e-02 -2.300763e-02 -8.999570e-03 1.806963e-02 -2.953929e-02 2.618534e-02 -3.292233e-02 2.054275e-02 -1.904189e-02 7.073107e-03 -2.259446e-03 2.034717e-03
<VARIANCE> 36
 6.678643e-01 2.018226e+00 4.412410e+00 6.374685e+00 7.003723e+00 6.368637e+00 4.738241e+00 2.545794e+00 1.045641e+00 3.587418e-01 9.314435e-02 1.835009e-02 2.979998e-02 9.857037e-02 1.156519e-01 9.119289e-02 4.429974e-02 4.408142e-02 3.605546e-02 3.406234e-02 2.059085e-02 1.525742e-02 8.541456e-03 2.084087e-03 6.654548e-03 2.230192e-02 2.952464e-02 3.119412e-02 2.612843e-02 2.703907e-02 2.181471e-02 1.572365e-02 8.114200e-03 4.486402e-03 2.017848e-03 4.943982e-04
<GCONST> -2.866751e+01
<STATE> 5
<MEAN> 36
 -1.071960e+00 3.027756e-02 1.887435e-01 3.520709e-02 -6.406143e-02 1.005449e-01 2.154671e-02 -2.154635e-02 -9.938951e-02 2.652766e-03 -2.524808e-02 5.441123e-02 2.796615e-02 -2.535662e-02 -1.341141e-02 2.012690e-03 8.193333e-03 9.137637e-03 1.594236e-04 -7.396465e-04 -5.449416e-03 -4.789426e-03 4.226980e-03 -4.607078e-04 -5.525690e-04 1.406302e-02 -7.650588e-03 2.660078e-03 -1.827175e-03 1.204562e-03 7.377712e-04 2.673253e-03 -2.013848e-04 -3.231601e-04 1.311275e-03 -2.598809e-04
<VARIANCE> 36
 2.961957e-01 1.866994e-01 1.584079e-01 7.520023e-02 8.595525e-02 4.287456e-02 5.397581e-02 3.369580e-02 2.739880e-02 2.834428e-02 2.822779e-02 1.266839e-02 3.137011e-02 3.250736e-02 1.346220e-02 1.097666e-02 8.080120e-03 4.864487e-03 4.972008e-03 3.845840e-03 3.199070e-03 2.436773e-03 4.042633e-03 1.414006e-03 7.119817e-03 7.024642e-03 2.851186e-03 2.597097e-03 1.763913e-03 1.043159e-03 1.062457e-03 7.726285e-04 7.211544e-04 5.381299e-04 9.304492e-04 2.960721e-04
<GCONST> -1.075243e+02
<STATE> 6
<MEAN> 36
 -1.128999e+00 1.141084e+00 -1.475021e+00 1.806790e+00 -1.897846e+00 1.895107e+00 -1.509133e+00 1.187972e+00 -8.546714e-01 4.567533e-01 -2.106022e-01 1.020590e-01 -3.772302e-02 5.257716e-02 -5.332707e-02 6.852940e-02 -6.236116e-02 5.872268e-02 -3.660165e-02 2.339910e-02 -8.696627e-03 4.923592e-03 1.291778e-03 5.020964e-03 -1.259303e-03 7.024097e-05 -1.788872e-02 2.746280e-02 -1.865560e-02 2.024467e-02 -2.042997e-02 7.934794e-03 -6.961964e-03 5.228354e-03 -2.463138e-03 2.221170e-03
<VARIANCE> 36
 8.956023e-01 3.259915e+00 6.777912e+00 1.066460e+01 1.264312e+01 1.189204e+01 9.262282e+00 5.302478e+00 2.289665e+00 7.885214e-01 1.438410e-01 1.805049e-02 3.683051e-02 4.768489e-02 4.589836e-02 5.675663e-02 4.908698e-02 4.433365e-02 3.101151e-02 2.562596e-02 1.470302e-02 7.502201e-03 2.893735e-03 1.307535e-03 6.327134e-03 7.709933e-03 9.950829e-03 1.376309e-02 1.703948e-02 1.834154e-02 1.836953e-02 1.661973e-02 1.023553e-02 5.110728e-03 1.523080e-03 4.238645e-04
<GCONST> -3.120026e+01
<STATE> 7
<MEAN> 36
 -2.156647e+00 3.624994e+00 -5.291799e+00 6.697454e+00 -7.186815e+00 6.906922e+00 -5.763290e+00 4.170990e+00 -2.630682e+00 1.331599e+00 -4.922662e-01 1.193970e-01 2.678169e-02 -4.772711e-02 7.214868e-02 -9.245566e-02 1.224089e-01 -1.216607e-01 1.151110e-01 -9.280406e-02 6.745223e-02 -4.465686e-02 1.684843e-02 8.919521e-04 4.504398e-03 -1.349318e-02 1.590798e-02 -2.413405e-02 2.983619e-02 -3.074368e-02 2.668811e-02 -2.058968e-02 1.357892e-02 -5.978521e-03 2.181212e-03 -2.281341e-04
<VARIANCE> 36
 1.050852e+00 5.428688e+00 1.326077e+01 2.264081e+01 2.834665e+01 2.690636e+01 2.070067e+01 1.181857e+01 5.110498e+00 1.682945e+00 3.297774e-01 3.098075e-02 2.791229e-02 1.060163e-01 3.348502e-01 6.487094e-01 9.243407e-01 9.586281e-01 7.964053e-01 5.215193e-01 2.640392e-01 1.008913e-01 2.564397e-02 3.384977e-03 6.735755e-03 2.643452e-02 7.923872e-02 1.512668e-01 2.144209e-01 2.201646e-01 1.785308e-01 1.141680e-01 5.605165e-02 2.077913e-02 5.039188e-03 6.430572e-04
<GCONST> 2.258901e+01
<TRANSP> 8
 0.000000e+00 7.200021e-01 2.799980e-01 0.000000e+00 0.000000e+00 0.000000e+00 0.000000e+00 0.000000e+00
 0.000000e+00 9.053258e-01 0.000000e+00 9.467410e-02 0.000000e+00 0.000000e+00 0.000000e+00 0.000000e+00
 0.000000e+00 0.000000e+00 8.808656e-01 1.191344e-01 0.000000e+00 0.000000e+00 0.000000e+00 0.000000e+00
 0.000000e+00 0.000000e+00 0.000000e+00 4.995591e-01 2.601607e-01 2.402803e-01 0.000000e+00 0.000000e+00
 0.000000e+00 0.000000e+00 0.000000e+00 0.000000e+00 8.975478e-01 1.024523e-01 0.000000e+00 0.000000e+00
 0.000000e+00 0.000000e+00 0.000000e+00 0.000000e+00 0.000000e+00 6.005584e-02 9.399441e-01 0.000000e+00
 0.000000e+00 0.000000e+00 0.000000e+00 0.000000e+00 0.000000e+00 0.000000e+00 6.294085e-01 3.705916e-01
 0.000000e+00 0.000000e+00 0.000000e+00 0.000000e+00 0.000000e+00 0.000000e+00 0.000000e+00 0.000000e+00
<ENDHMM>
