~o
<STREAMINFO> 1 63
<VECSIZE> 63<NULLD><MFCC_D_A_0><DIAGC>
~h "l"
<BEGINHMM>
<NUMSTATES> 8
<STATE> 2
<MEAN> 63
 -1.419594e+01 3.730228e+00 -3.001155e+00 4.818393e-01 -7.000911e-01 1.353344e+00 2.714472e+00 4.251508e+00 1.486909e+00 2.086569e+00 -2.244329e+00 -3.220609e+00 -5.171435e+00 -2.893805e+00 -6.610409e-01 3.414260e-01 3.753745e-01 -2.654100e-02 1.270477e-01 1.177651e-01 6.127152e+01 -1.482947e-03 1.919628e-02 3.271274e-02 4.839099e-06 -3.249550e-02 -3.276193e-02 2.542416e-02 3.786003e-02 5.691455e-03 -2.627769e-02 -2.147408e-02 -4.872950e-03 2.109969e-02 1.155393e-02 1.905320e-03 -1.448041e-02 -1.351639e-02 -1.414660e-04 3.047305e-04 -4.167271e-04 1.541736e-02 1.008333e-02 -1.673027e-02 3.256133e-02 2.855697e-02 3.518444e-02 2.994790e-02 -1.412167e-02 -1.124632e-02 5.340760e-03 2.882992e-03 4.669411e-03 6.942651e-03 -2.946458e-03 -5.275851e-03 1.711983e-03 1.187972e-03 -9.339575e-03 -8.059800e-03 -3.222703e-03 -4.502529e-03 3.275020e-02
<VARIANCE> 63
 1.592161e+01 2.588403e+00 2.981194e+00 1.842760e+00 3.258796e+00 2.777073e+00 4.415402e+00 4.959708e+00 3.716884e+00 3.080896e+00 3.734054e+00 3.412943e+00 4.778933e+00 2.599303e+00 1.520119e+00 1.083877e+00 6.749884e-01 4.908013e-01 3.307349e-01 1.590761e-01 2.864800e+02 4.566527e-02 9.411685e-02 1.209890e-01 1.737504e-01 2.220211e-01 2.648130e-01 2.883584e-01 3.435865e-01 2.711603e-01 2.448170e-01 2.790500e-01 2.308080e-01 2.177295e-01 1.852673e-01 1.432187e-01 1.156429e-01 7.394668e-02 4.961938e-02 2.774685e-02 1.451632e-02 2.148543e-01 2.066290e-02 2.988089e-02 4.101540e-02 5.153104e-02 6.686312e-02 6.320713e-02 6.019824e-02 7.272835e-02 6.020011e-02 4.942830e-02 6.344946e-02 4.892739e-02 4.390385e-02 3.598702e-02 2.845842e-02 2.151002e-02 1.523304e-02 1.040394e-02 6.096932e-03 3.174972e-03 2.223502e-02
<GCONST> 2.062538e+01
<STATE> 3
<MEAN> 63
 -3.142113e+00 -3.012710e+00 -6.880400e+00 1.515200e+00 4.664423e+00 -3.369901e+00 -5.788332e+00 3.306966e+00 2.669156e-01 6.296726e-02 3.193730e+00 5.484836e+00 -1.381821e+00 8.784066e-02 3.971469e+00 -2.112291e+00 -4.794078e+00 -7.298045e-01 7.747927e-01 -1.020409e+00 7.890889e+01 9.738981e-02 -8.180692e-02 -2.722198e-02 -1.003174e-01 5.866961e-03 -3.110656e-02 -8.102662e-02 -1.632822e-02 3.288921e-02 -8.489043e-03 7.620111e-02 1.353379e-01 9.843723e-02 3.465017e-02 4.623365e-03 -2.797288e-02 -4.821115e-02 -7.297983e-03 1.948962e-02 -9.348838e-03 1.558114e-01 -3.539989e-02 7.728707e-03 1.406482e-02 -2.126766e-02 -1.480981e-02 6.449532e-03 1.296377e-02 -5.967442e-03 1.187245e-03 1.843754e-03 -7.942609e-03 -1.419500e-02 2.637339e-03 7.051209e-04 -9.573538e-03 -5.383205e-04 6.265228e-03 2.794973e-03 3.560242e-04 2.513875e-03 -1.570009e-02
<VARIANCE> 63
 4.559758e+01 2.701879e+01 6.568871e+01 7.925242e+01 4.881964e+01 4.856020e+01 3.819848e+01 3.585331e+01 3.733609e+01 2.014219e+01 3.540576e+01 4.123618e+01 2.411178e+01 2.181885e+01 2.745244e+01 1.233756e+01 7.637221e+00 3.187916e+00 2.303305e+00 1.213729e+00 2.526307e+01 3.730646e+00 2.738314e+00 4.293143e+00 4.696573e+00 3.550798e+00 3.955033e+00 3.533912e+00 2.840846e+00 3.118002e+00 2.029368e+00 2.478603e+00 2.507208e+00 2.418211e+00 1.880934e+00 2.515920e+00 8.753012e-01 6.544861e-01 3.151888e-01 2.217101e-01 1.161732e-01 2.215291e+00 5.567650e-01 5.016471e-01 6.117704e-01 6.765385e-01 6.075068e-01 6.749427e-01 6.647043e-01 5.167225e-01 5.854104e-01 3.978985e-01 4.666294e-01 4.010583e-01 4.850770e-01 3.514199e-01 4.429189e-01 1.613807e-01 1.231854e-01 6.248897e-02 4.400345e-02 2.282570e-02 3.592192e-01
<GCONST> 1.672607e+02
<STATE> 4
<MEAN> 63
 -2.066942e+00 8.322493e-01 -1.550997e+00 3.347721e+00 -2.939704e+00 4.618969e-01 -3.559978e+00 3.514427e+00 1.384753e+00 -8.140301e+00 -1.969600e+00 3.721489e+00 -2.225988e+00 -3.259328e-01 -4.274503e-01 -2.950403e+00 -1.623355e-01 1.114194e+00 -2.258812e-01 -3.430273e-01 5.551262e+01 -2.270444e-03 -4.785019e-05 2.195889e-04 -2.504522e-03 -1.402806e-03 -2.349228e-03 -1.807040e-03 -5.341062e-04 2.512401e-03 -3.680761e-04 -3.024411e-03 -1.497765e-03 4.712066e-04 7.383157e-04 -1.284486e-04 -1.774457e-03 -1.960362e-03 -7.494707e-04 1.182812e-04 8.579782e-05 2.246657e-03 -1.823277e-03 1.070678e-03 8.412396e-04 -2.105408e-04 -5.575371e-04 4.065629e-04 1.436811e-04 9.830973e-05 -3.365425e-05 -1.341782e-04 3.647569e-04 1.010255e-03 7.864042e-04 -2.796211e-05 4.820967e-05 7.057074e-04 6.553488e-04 9.899232e-05 -4.037513e-05 4.349423e-05 1.683336e-03
<VARIANCE> 63
 7.531805e+01 9.822108e+01 7.862228e+01 8.551511e+01 8.071599e+01 5.538137e+01 5.249397e+01 5.988212e+01 8.446281e+01 5.970301e+01 5.131716e+01 5.209155e+01 3.669661e+01 2.417811e+01 2.227785e+01 1.747602e+01 1.055336e+01 4.925350e+00 2.389800e+00 1.444432e+00 6.772175e+01 3.929609e+00 9.082654e+00 7.046211e+00 6.167394e+00 9.696102e+00 5.866153e+00 5.431379e+00 5.461780e+00 6.510551e+00 6.250623e+00 5.254148e+00 5.960403e+00 3.639780e+00 2.471864e+00 2.181148e+00 2.009612e+00 1.036925e+00 5.434177e-01 2.915322e-01 1.637151e-01 4.323626e+00 6.482272e-01 1.706754e+00 1.379587e+00 1.167204e+00 1.974187e+00 1.171698e+00 1.098148e+00 1.077147e+00 1.260480e+00 1.213113e+00 1.013601e+00 1.182255e+00 7.363884e-01 5.111054e-01 4.429771e-01 4.101581e-01 2.068113e-01 1.151815e-01 6.205452e-02 3.368808e-02 8.009784e-01
<GCONST> 2.013695e+02
<STATE> 5
<MEAN> 63
 -7.966953e+00 3.126674e+00 2.281507e+00 4.322718e+00 -8.241572e-01 -4.316426e-01 1.895841e+00 -5.515195e+00 -3.013281e+00 -3.634848e+00 1.341642e+00 1.700970e+00 4.575088e-01 1.103374e+00 2.491841e+00 -1.629359e+00 -1.112475e+00 4.396047e-01 4.189962e-01 -3.584962e-01 7.127782e+01 -2.328176e-02 6.982458e-03 8.480673e-03 -6.814010e-03 -7.514434e-03 3.577215e-03 9.443629e-03 -5.922535e-03 1.669894e-03 -5.641223e-04 -5.782388e-03 -8.818472e-03 -7.980035e-04 -4.154315e-03 -2.890688e-03 -4.484133e-04 3.958676e-03 6.047084e-04 3.794532e-05 3.618906e-04 4.196675e-02 1.942003e-03 -1.387033e-03 -5.004247e-03 1.793668e-03 5.155953e-04 -4.513557e-04 -4.355281e-04 1.179391e-03 -7.015678e-05 -3.340264e-04 -2.992941e-04 -9.359174e-04 -3.324440e-03 -2.374505e-03 9.374502e-04 -4.332748e-04 1.558577e-05 -1.288776e-04 1.086838e-04 2.329164e-04 -4.969682e-03
<VARIANCE> 63
 1.082334e+02 7.548888e+01 5.802066e+01 6.085643e+01 5.805978e+01 5.238213e+01 4.132037e+01 3.990519e+01 3.854949e+01 4.015827e+01 3.395335e+01 4.049995e+01 2.266859e+01 1.497261e+01 1.546227e+01 1.134975e+01 8.163221e+00 3.495092e+00 1.392670e+00 7.811923e-01 1.279329e+02 6.720565e+00 6.314976e+00 4.786083e+00 4.176530e+00 4.979755e+00 3.549770e+00 3.400217e+00 3.018771e+00 3.327152e+00 2.971588e+00 3.059932e+00 4.523911e+00 1.841137e+00 1.317259e+00 1.236914e+00 9.127636e-01 7.547457e-01 3.197166e-01 1.399256e-01 6.981671e-02 5.634255e+00 1.113233e+00 1.157709e+00 8.973738e-01 7.736824e-01 9.908301e-01 7.321298e-01 6.434740e-01 5.967150e-01 6.734197e-01 5.928390e-01 5.853310e-01 9.413701e-01 3.606777e-01 2.683787e-01 2.483435e-01 1.815907e-01 1.561259e-01 6.515530e-02 2.796145e-02 1.411271e-02 1.010658e+00
<GCONST> 1.750408e+02
<STATE> 6
<MEAN> 63
 -4.141291e+00 -9.111595e+00 8.311767e+00 -1.402441e+01 5.734674e+00 -1.514935e+01 1.657345e+01 -1.397351e+01 1.748692e+00 -8.886994e+00 1.056393e+00 -3.361112e+00 -6.298985e-01 -4.754461e+00 -1.320919e+00 -1.243637e+00 -1.261056e+00 -1.184452e+00 -1.438590e+00 -1.068348e+00 8.279482e+01 -1.129408e-02 1.997453e-03 4.540879e-03 -3.446877e-03 -6.048487e-03 4.311575e-03 3.226326e-03 -3.820560e-03 -2.024468e-03 1.371540e-03 -3.573686e-03 -6.939019e-03 -3.669590e-03 -7.494654e-04 -1.541814e-03 1.188264e-03 2.027619e-03 2.117442e-04 -5.079859e-05 7.590750e-04 -6.669128e-03 2.894310e-03 -5.283829e-04 -1.866386e-03 4.503902e-03 2.559419e-03 -4.259802e-04 -1.880969e-03 6.888740e-04 -1.470360e-03 4.764173e-04 -3.078181e-04 4.393152e-04 -1.705711e-03 6.609515e-04 1.501488e-03 6.415566e-04 1.427544e-04 3.806863e-04 2.909772e-05 1.246999e-04 -1.862970e-03
<VARIANCE> 63
 6.313560e+01 4.825810e+01 6.500341e+01 6.842634e+01 1.259755e+02 1.277144e+02 6.772421e+01 7.374535e+01 7.980937e+01 4.588096e+01 7.574427e+01 4.367010e+01 5.114359e+01 3.591351e+01 2.506606e+01 1.531987e+01 1.084308e+01 7.197953e+00 4.668069e+00 2.542220e+00 6.814909e+01 4.160997e+00 5.098533e+00 4.829509e+00 4.980384e+00 8.011917e+00 6.899555e+00 4.908622e+00 5.925478e+00 6.047698e+00 3.760673e+00 5.460197e+00 4.086641e+00 4.287863e+00 2.808615e+00 2.044196e+00 1.212676e+00 8.962250e-01 5.521574e-01 3.652844e-01 1.988466e-01 5.298794e+00 6.889418e-01 9.299592e-01 7.855275e-01 8.600690e-01 1.329951e+00 1.301557e+00 9.436722e-01 1.137929e+00 1.165279e+00 7.501810e-01 1.030504e+00 7.781446e-01 8.170811e-01 5.059559e-01 3.832986e-01 2.422845e-01 1.808529e-01 1.068559e-01 6.971908e-02 3.807316e-02 9.626858e-01
<GCONST> 1.990758e+02
<STATE> 7
<MEAN> 63
 -9.775981e+00 2.618538e+00 -2.937851e+00 -2.717492e+00 -3.490984e+00 -6.203943e+00 -2.889031e+00 -3.776902e+00 -8.915840e-01 -5.780499e+00 -1.772541e+00 -1.953170e+00 2.783028e-01 -1.204820e+00 -1.675139e-01 -1.693910e+00 -8.389991e-01 -3.582384e-01 -7.972481e-02 -6.574131e-01 7.368372e+01 -1.676663e-02 2.312433e-02 -2.519561e-03 4.507773e-02 1.009696e-02 7.183988e-03 1.637882e-02 9.034750e-03 -1.188184e-02 1.527164e-03 -1.982104e-02 -3.504370e-02 -3.170564e-02 -1.060004e-02 2.053698e-03 1.007307e-02 1.342192e-02 1.733032e-03 -6.577205e-03 2.037048e-03 -4.662557e-02 8.049903e-03 1.239725e-06 -2.210331e-03 2.436917e-03 1.758483e-03 -3.658914e-03 -2.538979e-03 2.171829e-03 9.935735e-04 -1.121663e-03 2.321266e-03 3.570409e-03 2.183107e-03 1.007672e-03 1.870527e-03 -2.010655e-04 -1.555274e-03 -4.935671e-04 -9.330231e-05 -6.469799e-04 4.102086e-03
<VARIANCE> 63
 6.037609e+01 3.028124e+01 3.348373e+01 3.578948e+01 4.419918e+01 3.722266e+01 3.329197e+01 2.282190e+01 3.259144e+01 3.316976e+01 2.140004e+01 1.677596e+01 1.981857e+01 1.070693e+01 8.049788e+00 7.019168e+00 4.384936e+00 2.900947e+00 1.548756e+00 7.330477e-01 6.710758e+01 2.505731e+00 1.610778e+00 1.781568e+00 1.946375e+00 2.172804e+00 2.025036e+00 1.639258e+00 1.415902e+00 2.153435e+00 1.755311e+00 1.385990e+00 1.287018e+00 1.039268e+00 7.565117e-01 5.624260e-01 4.748932e-01 3.485543e-01 1.821586e-01 1.057449e-01 5.598192e-02 1.843724e+00 3.752746e-01 2.924758e-01 2.893012e-01 3.077144e-01 3.666084e-01 3.794920e-01 3.102313e-01 2.754314e-01 4.094752e-01 3.289714e-01 2.606642e-01 2.271030e-01 1.821711e-01 1.449635e-01 1.091509e-01 8.448086e-02 6.356927e-02 3.398251e-02 2.079868e-02 1.116861e-02 2.624773e-01
<GCONST> 1.335426e+02
<TRANSP> 8
 0.000000e+00 1.000000e+00 0.000000e+00 0.000000e+00 0.000000e+00 0.000000e+00 0.000000e+00 0.000000e+00
 0.000000e+00 9.381697e-01 5.056057e-02 1.126973e-02 0.000000e+00 0.000000e+00 0.000000e+00 0.000000e+00
 0.000000e+00 0.000000e+00 9.872544e-01 0.000000e+00 1.274564e-02 0.000000e+00 0.000000e+00 0.000000e+00
 0.000000e+00 0.000000e+00 0.000000e+00 9.982205e-01 1.368138e-03 4.113376e-04 0.000000e+00 0.000000e+00
 0.000000e+00 0.000000e+00 0.000000e+00 0.000000e+00 9.923391e-01 7.660903e-03 0.000000e+00 0.000000e+00
 0.000000e+00 0.000000e+00 0.000000e+00 0.000000e+00 0.000000e+00 9.918285e-01 8.171504e-03 0.000000e+00
 0.000000e+00 0.000000e+00 0.000000e+00 0.000000e+00 0.000000e+00 0.000000e+00 9.946487e-01 5.351315e-03
 0.000000e+00 0.000000e+00 0.000000e+00 0.000000e+00 0.000000e+00 0.000000e+00 0.000000e+00 0.000000e+00
<ENDHMM>
