~o
<STREAMINFO> 1 39
<VECSIZE> 39<NULLD><MFCC_D_A_0><DIAGC>
~h "puluh"
<BEGINHMM>
<NUMSTATES> 6
<STATE> 2
<MEAN> 39
 -3.869966e+00 2.999958e+00 -4.239603e+00 2.247046e+00 -3.717887e+00 -5.216146e+00 -4.988074e+00 3.578210e+00 3.424041e+00 -2.384825e+00 -2.814576e+00 4.432530e-01 5.423844e+01 5.695678e-01 -3.339950e-01 5.573019e-01 5.970510e-01 5.726612e-01 5.904700e-01 -3.131923e-01 -9.557798e-02 1.427796e-01 -7.615127e-02 4.178216e-01 -1.378999e-01 6.336083e-01 3.037066e-01 2.597879e-01 1.475559e-01 1.030002e-01 -1.193764e-01 -3.849952e-01 -2.166194e-01 3.366020e-01 2.902092e-01 -2.292554e-01 -3.350827e-01 -3.695568e-02 1.359182e-01
<VARIANCE> 39
 2.905217e+01 8.439655e+01 3.223016e+01 5.050799e+01 2.426104e+01 4.128334e+01 2.626484e+01 1.742434e+01 1.418458e+01 2.648020e+01 1.622017e+01 1.352055e+01 1.369757e+02 4.486363e+00 1.219604e+01 4.392379e+00 4.688103e+00 3.110613e+00 5.233521e+00 2.800825e+00 4.801926e+00 2.841315e+00 4.534599e+00 2.813165e+00 2.670406e+00 5.239752e+00 4.696206e-01 2.650766e+00 7.576302e-01 8.158996e-01 4.363327e-01 1.074868e+00 6.945727e-01 7.875398e-01 5.240894e-01 7.793924e-01 5.703331e-01 6.055346e-01 7.598650e-01
<GCONST> 1.309403e+02
<STATE> 3
<MEAN> 39
 8.007714e+00 4.387823e+00 -4.649109e-01 5.819340e+00 -3.870246e+00 -1.203692e-01 -5.957536e+00 5.767047e+00 9.314580e+00 -1.131407e+01 -9.106073e+00 1.080799e+00 5.493698e+01 -5.282067e-02 2.129526e-01 -2.946401e-01 -7.200533e-02 2.822514e-01 -1.623497e-01 2.559184e-01 5.514537e-01 -1.307757e-01 -1.343431e-02 2.573477e-01 -2.337475e-03 -1.748990e-01 -1.073748e-01 -4.327349e-02 -1.092664e-01 -4.202142e-02 -1.154361e-02 -3.033252e-02 1.755490e-01 9.575350e-03 -1.348829e-01 2.005178e-01 1.517876e-01 -4.211793e-02 -7.877396e-02
<VARIANCE> 39
 1.251482e+01 1.925485e+01 7.810571e+01 2.104865e+01 8.227864e+01 4.448333e+01 3.448128e+01 4.953441e+01 6.104650e+01 3.814677e+01 4.196476e+01 4.652990e+01 1.745377e+01 1.051499e+00 2.950985e+00 1.024111e+01 2.534889e+00 1.228876e+01 6.038466e+00 4.409451e+00 5.402146e+00 9.484817e+00 4.133006e+00 5.837126e+00 5.095154e+00 1.032743e+00 1.988540e-01 5.846300e-01 1.727931e+00 6.137090e-01 2.330390e+00 1.286493e+00 6.814365e-01 1.033674e+00 1.962490e+00 8.209442e-01 1.146578e+00 8.948941e-01 2.097034e-01
<GCONST> 1.349592e+02
<STATE> 4
<MEAN> 39
 -5.755194e-01 5.024541e+00 -3.082395e+00 5.268436e+00 2.366788e+00 -7.059062e+00 -8.173083e+00 5.915110e+00 4.572182e+00 -3.215179e+00 -6.914256e+00 -4.039937e+00 6.799852e+01 -2.739427e-01 -5.089549e-02 -8.300210e-02 -1.501205e-01 1.692066e-02 2.999616e-01 1.557609e-01 -1.570497e-01 -6.652766e-02 5.137372e-02 -1.774745e-02 2.498012e-02 -2.078038e-01 -4.112687e-02 -2.298402e-02 -2.439472e-02 -1.786646e-02 -8.703052e-03 5.575073e-02 5.596517e-02 -3.478303e-02 -4.266754e-03 2.365352e-02 2.470434e-02 3.005570e-02 -2.695787e-02
<VARIANCE> 39
 2.409121e+01 3.014896e+01 4.714187e+01 1.796656e+01 5.681487e+01 2.909908e+01 7.612659e+01 2.348819e+01 2.142773e+01 2.698622e+01 2.454672e+01 2.244833e+01 3.503833e+01 3.490204e-01 6.474234e-01 2.037469e+00 1.079556e+00 2.256356e+00 2.407837e+00 1.678481e+00 1.903885e+00 1.506775e+00 1.136111e+00 1.437028e+00 1.112996e+00 3.652956e-01 3.535217e-02 1.229849e-01 2.937143e-01 1.766731e-01 2.613665e-01 4.280131e-01 3.071073e-01 3.595654e-01 2.659656e-01 2.099110e-01 2.212811e-01 1.776924e-01 3.454573e-02
<GCONST> 9.601235e+01
<STATE> 5
<MEAN> 39
 -3.124958e+00 8.359584e+00 -5.391824e+00 -1.758820e+00 -4.771925e+00 -7.652969e-01 3.718653e+00 9.351468e+00 3.794543e+00 -2.197796e+00 -3.671567e-01 1.848409e-01 4.717017e+01 -5.124195e-01 -1.894850e-01 -4.257863e-02 -2.705255e-01 -1.436414e-01 -1.511838e-01 -6.975126e-02 -4.903232e-01 -3.058270e-01 1.799270e-01 7.292240e-02 -1.405813e-01 -2.429470e-01 2.294845e-02 -7.236289e-02 1.216992e-01 3.569603e-02 -7.931357e-03 -1.595760e-02 -1.731944e-01 -1.209536e-01 -2.800075e-02 -1.953157e-01 -6.065927e-02 7.348371e-02 8.081403e-02
<VARIANCE> 39
 4.040401e+01 5.660192e+01 4.874554e+01 4.717965e+01 5.861960e+01 5.328954e+01 5.296508e+01 4.033451e+01 3.674773e+01 6.169146e+01 2.621582e+01 3.024556e+01 6.898141e+01 1.949391e+00 5.949249e+00 5.077665e+00 5.765438e+00 4.238457e+00 4.632843e+00 6.890089e+00 3.733027e+00 4.010462e+00 7.628653e+00 3.427917e+00 4.300054e+00 2.331252e+00 2.425186e-01 1.149358e+00 9.177586e-01 1.065687e+00 6.233930e-01 9.483908e-01 1.322450e+00 8.103931e-01 8.933530e-01 1.301939e+00 7.664227e-01 9.526585e-01 3.293809e-01
<GCONST> 1.374822e+02
<TRANSP> 6
 0.000000e+00 6.249910e-01 3.750090e-01 0.000000e+00 0.000000e+00 0.000000e+00
 0.000000e+00 8.631980e-01 1.368020e-01 0.000000e+00 0.000000e+00 0.000000e+00
 0.000000e+00 0.000000e+00 9.022759e-01 5.496921e-02 4.275491e-02 0.000000e+00
 0.000000e+00 0.000000e+00 0.000000e+00 9.632888e-01 3.671113e-02 0.000000e+00
 0.000000e+00 0.000000e+00 0.000000e+00 0.000000e+00 8.974513e-01 1.025487e-01
 0.000000e+00 0.000000e+00 0.000000e+00 0.000000e+00 0.000000e+00 0.000000e+00
<ENDHMM>
