~o
<STREAMINFO> 1 39
<VECSIZE> 39<NULLD><MFCC_D_A_0><DIAGC>
~h "satu"
<BEGINHMM>
<NUMSTATES> 6
<STATE> 2
<MEAN> 39
 -1.796918e+01 -8.942769e+00 8.015362e+00 -7.496365e+00 5.464780e-01 4.057387e+00 1.788574e+00 -4.915451e+00 2.346340e+00 4.659602e+00 1.636019e+00 2.325190e+00 7.318581e+01 1.553408e+00 1.139774e-03 -1.435521e+00 -3.412141e-01 -5.939428e-02 -7.891343e-01 -4.815348e-01 5.582830e-01 3.390971e-01 -2.376307e-01 6.814695e-03 6.651662e-01 7.193745e-01 2.725779e-01 2.187034e-02 -3.082817e-01 1.496351e-01 1.561704e-02 -3.453744e-02 -3.410437e-02 1.996978e-01 -5.995149e-06 -5.066442e-02 -4.520680e-02 5.759473e-02 -4.190092e-02
<VARIANCE> 39
 1.146492e+02 4.818607e+01 7.999146e+01 3.104090e+01 2.741283e+01 3.518545e+01 7.967531e+01 2.796181e+01 4.660328e+01 1.809559e+01 2.262693e+01 2.359897e+01 2.453759e+01 8.422671e+00 4.410800e+00 4.972785e+00 2.251562e+00 1.347023e+00 2.092393e+00 1.704340e+00 2.887831e+00 1.901269e+00 1.865683e+00 2.019823e+00 9.873635e-01 1.232455e+00 1.080220e+00 7.250465e-01 5.121993e-01 4.800801e-01 2.426383e-01 4.770774e-01 3.252082e-01 3.064711e-01 3.672644e-01 3.214937e-01 3.715441e-01 1.499148e-01 1.736751e-01
<GCONST> 1.168515e+02
<STATE> 3
<MEAN> 39
 -3.092768e+00 -2.989470e+00 -1.064995e+01 -5.085737e+00 -2.827446e+00 -6.826953e-01 -1.201225e+00 2.608050e+00 3.344234e+00 3.752715e-02 7.437354e-01 9.333183e+00 6.872746e+01 -5.580222e-01 2.577987e-01 -3.603634e-02 2.482813e-01 -1.490640e-01 1.531655e-01 1.466933e-01 -3.485226e-02 -2.049565e-01 -1.710098e-01 2.051350e-02 -2.429288e-01 -7.478992e-01 -5.224363e-02 3.382305e-02 1.703529e-01 7.191257e-02 7.383863e-02 5.809434e-03 -5.128406e-02 -5.564148e-02 -4.954571e-02 2.555273e-03 2.080375e-02 -8.194021e-02 1.139432e-02
<VARIANCE> 39
 3.323995e+01 3.455939e+01 5.936325e+01 4.260281e+01 1.817607e+01 2.871345e+01 3.591224e+01 3.810076e+01 3.130771e+01 1.968718e+01 2.172867e+01 2.356380e+01 8.220427e+01 6.178427e-01 1.072224e+00 1.369304e+00 8.932063e-01 1.083543e+00 9.624760e-01 1.391003e+00 1.424663e+00 1.231688e+00 1.325532e+00 9.221657e-01 1.334927e+00 8.440681e-01 8.930135e-02 2.096725e-01 2.703780e-01 2.509148e-01 2.186880e-01 2.566747e-01 3.221728e-01 3.125153e-01 3.276275e-01 2.398676e-01 2.022787e-01 1.794553e-01 1.320847e-01
<GCONST> 9.842532e+01
<STATE> 4
<MEAN> 39
 -2.272851e+00 -2.512699e-01 3.646001e+00 -1.677034e+00 -7.949323e+00 1.702140e+00 -6.333263e+00 2.078500e+00 3.722285e+00 -9.665339e+00 -2.198142e+00 5.040458e+00 5.303453e+01 3.000064e-01 3.862002e-01 2.172583e-01 2.477889e-01 2.112163e-02 -3.116597e-01 -1.296476e-01 2.815019e-01 1.570471e-01 -2.084724e-01 -1.919592e-01 -1.715509e-01 1.184606e-01 7.037498e-03 3.915069e-02 -1.705928e-03 -5.047518e-02 -4.329683e-02 -1.856462e-02 5.799882e-03 3.354307e-02 2.143890e-02 3.112103e-02 -1.836833e-04 -3.926413e-03 -1.530270e-02
<VARIANCE> 39
 5.443401e+01 1.260973e+02 6.982484e+01 5.515015e+01 7.079123e+01 6.697103e+01 7.988408e+01 5.465208e+01 1.144905e+02 8.185672e+01 3.211033e+01 4.606998e+01 1.078152e+02 4.207424e+00 8.356956e+00 6.053965e+00 4.711104e+00 6.319366e+00 6.669167e+00 6.422288e+00 5.333287e+00 8.576927e+00 7.286183e+00 3.592921e+00 4.462948e+00 6.061542e+00 5.367920e-01 1.498727e+00 9.559441e-01 8.035915e-01 1.168525e+00 1.203323e+00 1.109494e+00 1.133062e+00 1.461045e+00 1.304223e+00 7.540036e-01 8.345319e-01 8.117676e-01
<GCONST> 1.496967e+02
<STATE> 5
<MEAN> 39
 -3.131407e+00 7.594432e+00 3.152377e+00 4.562903e+00 -6.127390e+00 -9.118317e+00 -5.231121e+00 7.327590e+00 3.909452e+00 -4.491334e+00 -7.192848e-01 -4.463812e-01 6.626092e+01 -5.121465e-01 1.412285e-01 -1.585790e-01 -1.456909e-01 -1.742603e-02 2.287472e-01 4.264236e-01 -1.972324e-01 -7.315767e-02 4.746717e-01 -8.516325e-02 -1.457522e-01 -5.382743e-01 -2.781492e-02 -9.279969e-02 -9.175588e-02 -2.472305e-02 6.547527e-02 3.065824e-02 4.136551e-02 -8.446544e-02 -1.101412e-01 -7.473674e-03 1.548926e-02 3.309820e-02 1.865285e-02
<VARIANCE> 39
 2.096167e+01 3.632089e+01 5.517914e+01 2.095518e+01 3.111098e+01 5.664373e+01 5.263757e+01 3.014496e+01 2.865413e+01 6.078818e+01 1.316872e+01 1.738150e+01 7.340856e+01 4.383137e-01 7.614405e-01 9.147844e-01 9.437388e-01 1.282107e+00 1.459968e+00 1.655566e+00 1.544748e+00 1.482366e+00 1.286989e+00 1.034183e+00 7.754349e-01 5.276657e-01 8.279353e-02 9.387001e-02 1.047984e-01 1.584502e-01 1.867389e-01 2.398775e-01 3.708439e-01 2.351279e-01 2.305967e-01 2.180723e-01 2.101010e-01 1.629939e-01 8.040766e-02
<GCONST> 9.412315e+01
<TRANSP> 6
 0.000000e+00 5.624962e-01 4.375038e-01 0.000000e+00 0.000000e+00 0.000000e+00
 0.000000e+00 9.197037e-01 8.029635e-02 0.000000e+00 0.000000e+00 0.000000e+00
 0.000000e+00 0.000000e+00 9.109609e-01 8.903916e-02 0.000000e+00 0.000000e+00
 0.000000e+00 0.000000e+00 0.000000e+00 9.611779e-01 2.426329e-02 1.455891e-02
 0.000000e+00 0.000000e+00 0.000000e+00 0.000000e+00 9.435290e-01 5.647105e-02
 0.000000e+00 0.000000e+00 0.000000e+00 0.000000e+00 0.000000e+00 0.000000e+00
<ENDHMM>
