~o
<STREAMINFO> 1 36
<VECSIZE> 36<NULLD><LPC_D_A><DIAGC>
~h "sebelas"
<BEGINHMM>
<NUMSTATES> 8
<STATE> 2
<MEAN> 36
 -1.716205e+00 3.770864e+00 -4.856558e+00 6.696355e+00 -6.786256e+00 7.069460e+00 -5.808160e+00 4.669879e+00 -2.999548e+00 1.784938e+00 -7.413944e-01 3.012559e-01 -2.389731e-01 1.173399e-01 -4.176145e-01 2.371654e-01 -4.049342e-01 2.226828e-01 -3.281974e-01 1.742104e-01 -2.044207e-01 9.477698e-02 -6.131868e-02 6.488895e-03 -5.299349e-02 3.062226e-03 -4.113995e-02 -5.810437e-02 5.883173e-02 -1.660953e-01 1.479036e-01 -1.905040e-01 1.363757e-01 -1.087480e-01 5.337077e-02 -2.623923e-02
<VARIANCE> 36
 1.212911e-01 1.372611e-01 6.211150e-01 1.086874e+00 1.911667e+00 2.302773e+00 2.075705e+00 1.812480e+00 8.825713e-01 4.968032e-01 1.083602e-01 2.766814e-02 3.064520e-02 8.880486e-02 3.773497e-01 6.799899e-01 1.160964e+00 1.318047e+00 1.310146e+00 9.313878e-01 4.993269e-01 1.826255e-01 3.870610e-02 4.224273e-03 5.597517e-03 4.298185e-03 2.966750e-02 2.562876e-02 4.630455e-02 2.614970e-02 2.056154e-02 5.722154e-03 2.897057e-03 2.102638e-03 7.717541e-04 3.106208e-04
<GCONST> -2.074114e+01
<STATE> 3
<MEAN> 36
 -1.019382e+00 7.579342e-01 -3.421595e-01 4.614451e-01 -3.399110e-01 4.804019e-01 -2.603773e-01 2.851297e-01 -2.254487e-01 1.705267e-01 -1.157730e-01 8.671765e-02 -3.049310e-02 4.947554e-02 -2.031892e-03 -5.862887e-02 1.589171e-01 -1.645788e-01 1.700262e-01 -1.171560e-01 7.778104e-02 -4.302878e-02 2.535084e-02 -9.581015e-03 9.465010e-03 -1.871422e-03 -2.360816e-02 2.961575e-02 -3.839556e-02 2.558801e-02 -2.929412e-02 2.767218e-02 -2.175703e-02 9.293665e-03 -1.608845e-03 1.451806e-03
<VARIANCE> 36
 4.448828e-01 5.526339e-01 3.740507e-01 4.245135e-01 2.542865e-01 1.701223e-01 1.531399e-01 1.270571e-01 9.579296e-02 6.605060e-02 3.560020e-02 1.739168e-02 6.622082e-02 2.264612e-01 5.358537e-01 1.414661e+00 2.436556e+00 3.105753e+00 2.828658e+00 1.849037e+00 8.252355e-01 2.438120e-01 4.309100e-02 4.143097e-03 5.896319e-03 1.743059e-02 1.426393e-02 3.006540e-02 3.865319e-02 4.489250e-02 3.705603e-02 2.380194e-02 1.046801e-02 3.328090e-03 1.145299e-03 3.607484e-04
<GCONST> -2.293403e+01
<STATE> 4
<MEAN> 36
 -2.681707e+00 4.945523e+00 -7.359036e+00 9.347846e+00 -1.011362e+01 9.710332e+00 -8.252905e+00 6.068280e+00 -3.858421e+00 2.034655e+00 -8.164712e-01 2.073769e-01 8.758718e-03 -8.140826e-03 3.180883e-02 -3.427019e-02 4.639076e-02 -5.315524e-02 5.776690e-02 -5.446160e-02 4.722922e-02 -3.621330e-02 1.799463e-02 -8.353099e-03 6.167199e-03 1.025433e-02 -5.613421e-03 2.662901e-02 -3.064356e-02 4.274229e-02 -3.562887e-02 3.150185e-02 -1.805672e-02 8.927278e-03 -3.063064e-03 7.908575e-04
<VARIANCE> 36
 3.681396e-01 2.149680e+00 7.541465e+00 1.686123e+01 2.644050e+01 2.991915e+01 2.609633e+01 1.710197e+01 8.036313e+00 2.747174e+00 5.738933e-01 4.473596e-02 5.017697e-02 2.605008e-01 9.659377e-01 2.146830e+00 3.458628e+00 3.948317e+00 3.480740e+00 2.304091e+00 1.087764e+00 3.720264e-01 7.374217e-02 5.901304e-03 1.042315e-02 6.398416e-02 2.280296e-01 5.202214e-01 8.412628e-01 9.736197e-01 8.617209e-01 5.708168e-01 2.701055e-01 9.010556e-02 1.771796e-02 1.352695e-03
<GCONST> 5.071706e+01
<STATE> 5
<MEAN> 36
 -1.336038e+00 2.050368e+00 -1.929305e+00 2.483225e+00 -2.159977e+00 2.311461e+00 -1.783492e+00 1.534118e+00 -9.104955e-01 5.664296e-01 -2.428465e-01 1.247845e-01 5.505729e-04 2.970187e-02 -1.430843e-02 -3.057053e-02 6.694070e-02 -1.150804e-01 1.081065e-01 -1.008074e-01 7.027157e-02 -5.327939e-02 2.139232e-02 -1.087667e-02 3.574232e-02 -1.010962e-01 5.043810e-02 -6.846755e-02 4.371248e-02 -7.107057e-02 5.190255e-02 -6.299971e-02 2.961791e-02 -2.059152e-02 8.162035e-04 -2.214326e-05
<VARIANCE> 36
 6.550523e-01 2.215525e+00 5.098728e+00 8.461959e+00 1.125887e+01 1.031905e+01 8.333042e+00 4.628024e+00 2.359552e+00 8.355672e-01 2.103148e-01 3.390733e-02 4.782918e-02 1.398514e-01 1.368948e-01 1.483002e-01 1.566142e-01 1.682252e-01 1.212879e-01 1.018895e-01 5.467120e-02 3.278176e-02 8.528463e-03 2.937590e-03 1.151590e-02 2.438710e-02 2.556141e-02 2.854876e-02 3.445598e-02 3.143657e-02 2.143560e-02 1.525185e-02 8.623562e-03 6.017984e-03 1.733757e-03 6.220870e-04
<GCONST> -1.326970e+01
<STATE> 6
<MEAN> 36
 -9.169423e-01 5.790485e-01 -3.255067e-01 4.760671e-01 -2.937916e-01 3.876822e-01 -2.954913e-01 2.832397e-01 -2.291511e-01 1.853954e-01 -1.444705e-01 1.167724e-01 1.135640e-02 -1.322867e-02 8.165974e-03 -1.000974e-02 4.476312e-03 -1.054641e-02 5.167174e-03 -8.479618e-03 3.188398e-03 -1.827183e-03 2.233320e-04 7.467821e-05 8.618339e-04 -6.777195e-04 1.102862e-04 6.001713e-04 -1.232643e-03 1.694673e-03 -1.888673e-03 1.641322e-03 -3.896771e-04 4.959310e-04 1.203402e-04 7.326410e-05
<VARIANCE> 36
 3.682310e-01 5.635599e-01 4.717944e-01 5.361953e-01 3.352127e-01 2.978225e-01 2.110129e-01 1.842543e-01 8.922290e-02 7.940787e-02 3.704588e-02 1.702868e-02 3.253447e-02 5.343662e-02 2.905988e-02 2.527198e-02 1.808067e-02 1.654512e-02 9.964390e-03 1.186148e-02 6.102135e-03 5.351067e-03 3.061916e-03 1.350095e-03 5.895121e-03 9.528205e-03 6.058572e-03 5.085005e-03 3.991150e-03 3.289444e-03 2.267242e-03 2.301661e-03 1.351415e-03 1.030102e-03 6.446874e-04 2.694101e-04
<GCONST> -8.073761e+01
<STATE> 7
<MEAN> 36
 -1.838190e+00 3.224481e+00 -4.089015e+00 4.806167e+00 -4.579960e+00 3.864464e+00 -2.815142e+00 1.711988e+00 -8.704656e-01 2.958792e-01 -8.579316e-02 3.175247e-02 1.724049e-02 -6.793306e-02 6.338640e-02 -1.303877e-01 1.543509e-01 -2.032486e-01 1.906937e-01 -1.707118e-01 1.259114e-01 -8.195873e-02 3.878925e-02 -9.058144e-03 -8.360502e-03 1.671471e-02 -1.931087e-02 3.198562e-02 -4.137374e-02 4.858013e-02 -4.402690e-02 3.711225e-02 -2.615682e-02 1.217901e-02 -5.186814e-03 1.415209e-03
<VARIANCE> 36
 1.379737e+00 8.141561e+00 3.213931e+01 8.003621e+01 1.442817e+02 1.940927e+02 1.926069e+02 1.394228e+02 7.475352e+01 2.734741e+01 5.397990e+00 3.085829e-01 5.508044e-02 4.244201e-01 2.109602e+00 5.821705e+00 1.091243e+01 1.500909e+01 1.497408e+01 1.088258e+01 5.821556e+00 2.154785e+00 4.301428e-01 2.504886e-02 8.279955e-03 8.958229e-02 4.621156e-01 1.301481e+00 2.453576e+00 3.383941e+00 3.355912e+00 2.430307e+00 1.282981e+00 4.748412e-01 9.440806e-02 5.483323e-03
<GCONST> 1.003878e+02
<TRANSP> 8
 0.000000e+00 1.707318e-01 8.292682e-01 0.000000e+00 0.000000e+00 0.000000e+00 0.000000e+00 0.000000e+00
 0.000000e+00 3.636285e-01 0.000000e+00 6.363716e-01 0.000000e+00 0.000000e+00 0.000000e+00 0.000000e+00
 0.000000e+00 0.000000e+00 4.434488e-01 1.636839e-02 5.401829e-01 0.000000e+00 0.000000e+00 0.000000e+00
 0.000000e+00 0.000000e+00 0.000000e+00 9.344365e-01 6.556349e-02 0.000000e+00 0.000000e+00 0.000000e+00
 0.000000e+00 0.000000e+00 0.000000e+00 0.000000e+00 3.812433e-01 6.187567e-01 0.000000e+00 0.000000e+00
 0.000000e+00 0.000000e+00 0.000000e+00 0.000000e+00 0.000000e+00 9.561795e-01 4.382050e-02 0.000000e+00
 0.000000e+00 0.000000e+00 0.000000e+00 0.000000e+00 0.000000e+00 0.000000e+00 6.940150e-01 3.059851e-01
 0.000000e+00 0.000000e+00 0.000000e+00 0.000000e+00 0.000000e+00 0.000000e+00 0.000000e+00 0.000000e+00
<ENDHMM>
