~o
<STREAMINFO> 1 36
<VECSIZE> 36<NULLD><LPC_D_A><DIAGC>
~h "sembilan"
<BEGINHMM>
<NUMSTATES> 8
<STATE> 2
<MEAN> 36
 -8.236837e-01 2.606933e-01 -4.069948e-01 4.138518e-01 -2.848912e-01 3.598182e-01 -3.123597e-01 2.791640e-01 -2.266003e-01 1.829771e-01 -1.701544e-01 1.303121e-01 -1.071538e-03 -2.644956e-02 -5.887950e-03 -1.252068e-02 -1.708543e-03 -5.557803e-03 7.539650e-06 -6.411217e-03 -2.992095e-03 -3.309512e-03 4.750070e-04 -1.554142e-03 1.125659e-03 3.324365e-04 2.509913e-04 -1.338390e-05 -4.379498e-04 1.044773e-03 -8.241055e-04 1.272323e-04 -7.452265e-04 7.340414e-04 -1.850166e-04 -3.821886e-04
<VARIANCE> 36
 1.798782e-01 1.950881e-01 1.842711e-01 1.770834e-01 1.169393e-01 7.524901e-02 7.475269e-02 8.265064e-02 3.498209e-02 2.920151e-02 2.713402e-02 1.358002e-02 1.736419e-02 2.204081e-02 6.914824e-03 1.497894e-02 4.936794e-03 6.416171e-03 3.508694e-03 4.109296e-03 2.094005e-03 2.320542e-03 1.631720e-03 1.193761e-03 2.956502e-03 4.016047e-03 1.301479e-03 2.877233e-03 1.011850e-03 1.176595e-03 6.816426e-04 7.207465e-04 3.831816e-04 3.730490e-04 3.177887e-04 2.368304e-04
<GCONST> -1.133216e+02
<STATE> 3
<MEAN> 36
 -2.597890e+00 4.575223e+00 -6.708971e+00 8.353651e+00 -8.841816e+00 8.467381e+00 -7.120223e+00 5.241100e+00 -3.335643e+00 1.805029e+00 -7.250085e-01 1.937559e-01 -4.754085e-02 5.950171e-02 -1.130981e-01 1.101103e-01 -1.159674e-01 6.871452e-02 -4.588254e-02 3.115273e-03 8.034997e-03 -1.713227e-02 6.859104e-03 -6.401745e-03 7.308265e-03 -5.061178e-03 7.274927e-03 -2.867397e-03 3.339347e-04 -2.094636e-03 3.931757e-03 -5.480115e-03 6.805069e-03 -6.978125e-03 3.228248e-03 -1.598045e-03
<VARIANCE> 36
 3.717628e-01 1.771403e+00 5.565832e+00 1.139301e+01 1.734115e+01 1.861409e+01 1.677865e+01 1.116646e+01 5.644371e+00 2.013866e+00 4.965916e-01 5.015138e-02 3.598129e-02 2.214735e-01 7.066829e-01 1.652550e+00 2.603134e+00 2.959477e+00 2.670545e+00 1.814733e+00 8.956963e-01 3.232172e-01 7.286528e-02 5.917994e-03 6.125010e-03 4.063596e-02 1.277205e-01 2.983184e-01 4.639724e-01 5.194445e-01 4.594618e-01 3.111782e-01 1.532168e-01 5.566966e-02 1.296408e-02 1.203474e-03
<GCONST> 3.883161e+01
<STATE> 4
<MEAN> 36
 -9.391735e-01 2.317739e-02 -3.108833e-02 1.510792e-01 -1.207899e-01 1.819357e-01 -5.386748e-02 1.018628e-01 -1.597458e-01 2.774714e-02 -6.389411e-02 8.065787e-02 1.142117e-02 -1.367630e-02 -3.869704e-03 -1.040750e-02 -6.325854e-03 -7.373278e-03 1.139658e-03 -4.302690e-03 -2.505086e-04 -4.087045e-03 7.779457e-04 -1.637287e-03 -5.242279e-04 4.949799e-03 2.814046e-03 1.564089e-03 -2.764827e-03 1.278780e-04 2.422837e-04 1.140779e-03 1.266062e-03 4.707015e-04 1.219144e-03 4.434997e-04
<VARIANCE> 36
 3.635650e-01 4.396826e-01 2.948384e-01 2.012930e-01 1.488738e-01 9.820540e-02 1.117642e-01 9.657793e-02 3.920521e-02 6.523889e-02 3.935236e-02 1.672577e-02 4.285165e-02 6.176870e-02 2.507317e-02 2.049188e-02 1.767585e-02 1.054807e-02 7.523192e-03 8.429393e-03 4.358465e-03 4.612292e-03 3.047504e-03 1.963660e-03 7.772801e-03 1.262566e-02 4.896953e-03 4.868840e-03 3.804270e-03 2.389005e-03 1.783736e-03 1.753082e-03 9.678513e-04 1.014760e-03 6.639683e-04 4.195648e-04
<GCONST> -8.822950e+01
<STATE> 5
<MEAN> 36
 -3.395846e+00 7.147722e+00 -1.198810e+01 1.660087e+01 -1.968116e+01 2.044450e+01 -1.856985e+01 1.454515e+01 -9.753858e+00 5.415615e+00 -2.253664e+00 5.251654e-01 6.601142e-02 -1.529672e-01 2.276995e-01 -3.092099e-01 3.345527e-01 -2.972433e-01 2.337605e-01 -1.517783e-01 7.828971e-02 -3.403195e-02 5.528572e-03 2.075983e-03 2.606588e-02 -8.098961e-02 1.517667e-01 -2.306207e-01 2.943515e-01 -3.178009e-01 2.915871e-01 -2.320711e-01 1.530140e-01 -7.901830e-02 3.456070e-02 -9.501921e-03
<VARIANCE> 36
 7.386013e+00 1.163083e+02 5.492912e+02 1.457139e+03 2.666989e+03 3.611829e+03 3.583559e+03 2.608424e+03 1.408594e+03 5.243134e+02 1.081321e+02 6.533400e+00 8.325917e-01 1.308242e+01 6.113706e+01 1.609036e+02 2.927239e+02 3.939962e+02 3.882227e+02 2.812241e+02 1.514213e+02 5.608404e+01 1.149623e+01 6.899605e-01 1.638293e-01 2.596689e+00 1.214929e+01 3.197864e+01 5.824607e+01 7.839245e+01 7.718337e+01 5.589518e+01 3.010950e+01 1.115202e+01 2.281172e+00 1.363942e-01
<GCONST> 2.112251e+02
<STATE> 6
<MEAN> 36
 -1.354824e+00 1.427427e+00 -1.870623e+00 1.861169e+00 -1.666996e+00 1.272112e+00 -8.059227e-01 5.031704e-01 -2.802152e-01 8.059984e-02 -5.168319e-02 3.215712e-02 -1.361730e-02 2.275640e-02 3.164540e-02 -3.968389e-02 6.941058e-02 -1.010684e-01 1.067620e-01 -9.839367e-02 7.572831e-02 -4.600924e-02 3.111913e-02 -1.194505e-02 -9.180937e-03 1.043102e-02 -1.294010e-02 2.721168e-02 -2.450440e-02 2.891068e-02 -3.424734e-02 2.238441e-02 -1.292851e-02 1.081263e-02 -3.944295e-03 1.511312e-03
<VARIANCE> 36
 8.013628e-01 2.377238e+00 3.617991e+00 4.472354e+00 3.733618e+00 2.530521e+00 1.608757e+00 1.001817e+00 6.189776e-01 2.868353e-01 1.005756e-01 2.082616e-02 3.695862e-02 1.016639e-01 1.505391e-01 2.405177e-01 2.746256e-01 2.683796e-01 2.272439e-01 1.628333e-01 9.384162e-02 3.827098e-02 1.169752e-02 2.208021e-03 6.442082e-03 2.018073e-02 3.184713e-02 5.300732e-02 6.305753e-02 6.097962e-02 4.912809e-02 3.354196e-02 1.749981e-02 6.522314e-03 1.919204e-03 3.816503e-04
<GCONST> -1.708838e+01
<STATE> 7
<MEAN> 36
 -1.728233e+00 2.595985e+00 -3.758761e+00 4.467705e+00 -4.621052e+00 4.132771e+00 -3.257995e+00 2.246382e+00 -1.355838e+00 6.541466e-01 -2.549867e-01 8.759930e-02 -3.805702e-02 6.556682e-02 -5.487151e-02 1.147249e-01 -1.296350e-01 1.203517e-01 -1.191190e-01 8.146282e-02 -4.493467e-02 2.992341e-02 -4.958919e-03 3.606702e-03 1.890819e-03 -1.679498e-02 1.975910e-02 -1.681639e-02 1.816727e-02 1.935841e-03 -1.539974e-02 1.379492e-02 -1.254081e-02 8.024053e-03 -5.966474e-03 2.379419e-03
<VARIANCE> 36
 1.535781e+00 6.458442e+00 1.466298e+01 2.600508e+01 3.402641e+01 3.615382e+01 3.083906e+01 1.979420e+01 9.339992e+00 3.136510e+00 6.183494e-01 4.987866e-02 3.238254e-02 1.851359e-01 6.113174e-01 1.408303e+00 2.342811e+00 2.976495e+00 2.897329e+00 2.068556e+00 1.089297e+00 4.185097e-01 9.502712e-02 7.458310e-03 6.386741e-03 3.119706e-02 1.006932e-01 2.379710e-01 4.024939e-01 5.286312e-01 5.274934e-01 3.831311e-01 2.021300e-01 7.549369e-02 1.655863e-02 1.413271e-03
<GCONST> 4.801387e+01
<TRANSP> 8
 0.000000e+00 7.622975e-01 2.377025e-01 0.000000e+00 0.000000e+00 0.000000e+00 0.000000e+00 0.000000e+00
 0.000000e+00 9.375218e-01 0.000000e+00 6.247819e-02 0.000000e+00 0.000000e+00 0.000000e+00 0.000000e+00
 0.000000e+00 0.000000e+00 9.283507e-01 1.136449e-02 6.028484e-02 0.000000e+00 0.000000e+00 0.000000e+00
 0.000000e+00 0.000000e+00 0.000000e+00 8.954007e-01 0.000000e+00 1.045993e-01 0.000000e+00 0.000000e+00
 0.000000e+00 0.000000e+00 0.000000e+00 0.000000e+00 6.190302e-01 3.809698e-01 0.000000e+00 0.000000e+00
 0.000000e+00 0.000000e+00 0.000000e+00 0.000000e+00 0.000000e+00 5.462060e-01 4.537940e-01 0.000000e+00
 0.000000e+00 0.000000e+00 0.000000e+00 0.000000e+00 0.000000e+00 0.000000e+00 4.133388e-01 5.866612e-01
 0.000000e+00 0.000000e+00 0.000000e+00 0.000000e+00 0.000000e+00 0.000000e+00 0.000000e+00 0.000000e+00
<ENDHMM>
