~o
<STREAMINFO> 1 39
<VECSIZE> 39<NULLD><PLP_D_A_0><DIAGC>
~h "sil"
<BEGINHMM>
<NUMSTATES> 8
<STATE> 2
<MEAN> 39
 -1.423162e+00 -5.128901e-01 -1.227066e+00 -8.719635e-01 -7.536108e-01 -5.038535e-01 -2.466799e-01 -3.608381e-01 -5.398934e-01 -3.121151e-01 1.633819e-01 3.002801e-01 2.792048e+00 -7.750001e-03 1.083919e-02 -5.800014e-02 -6.842311e-03 1.540914e-02 -8.132007e-03 -5.042805e-04 -1.455702e-02 -1.164533e-02 1.279525e-02 1.274046e-02 3.581377e-03 -2.012665e-02 3.713226e-03 -6.406154e-03 1.932038e-02 1.831369e-03 -4.999537e-03 9.409343e-04 -5.211981e-03 -2.311880e-04 4.139530e-03 3.514645e-04 -1.373020e-03 -2.763676e-03 1.277942e-02
<VARIANCE> 39
 2.292041e-01 3.998871e-01 6.378759e-01 4.022005e-01 2.294327e-01 3.286227e-01 3.252813e-01 3.705788e-01 3.168438e-01 2.572234e-01 3.423601e-01 1.440035e-01 7.613766e-01 1.651184e-02 3.993594e-02 4.473818e-02 3.322878e-02 2.704803e-02 3.437021e-02 2.897641e-02 3.313303e-02 3.018037e-02 2.960006e-02 3.138826e-02 1.443313e-02 3.537133e-02 2.219265e-03 5.786226e-03 6.769525e-03 5.993102e-03 4.855715e-03 6.705930e-03 5.473585e-03 6.517088e-03 5.838559e-03 6.151091e-03 6.255333e-03 2.910447e-03 4.060826e-03
<GCONST> -5.699320e+01
<STATE> 3
<MEAN> 39
 -1.239705e+00 -1.293396e+00 -3.327130e-01 -1.198684e+00 1.602879e-01 -7.459311e-01 5.330014e-01 -7.038739e-01 7.190347e-03 -3.302925e-01 2.558385e-01 2.182480e-02 4.787000e+00 -6.709656e-03 1.536333e-02 -5.198420e-03 1.691091e-02 5.602513e-03 -2.829453e-03 -2.905305e-03 2.236948e-03 1.056307e-03 -4.258810e-03 -8.322965e-03 -5.357563e-03 -2.076106e-02 -1.069228e-03 4.270778e-03 6.309086e-03 1.586760e-03 1.914103e-03 -1.821555e-03 4.171132e-04 2.478119e-03 1.579886e-03 -4.215789e-03 -2.665844e-03 -6.239590e-04 1.362468e-03
<VARIANCE> 39
 2.110821e-01 4.266489e-01 4.980605e-01 3.001114e-01 5.356076e-01 2.681683e-01 5.384947e-01 2.258146e-01 2.666622e-01 1.892958e-01 1.872919e-01 1.103567e-01 5.207282e-01 7.177033e-03 1.401451e-02 1.208712e-02 1.562951e-02 1.169584e-02 1.111821e-02 9.334956e-03 1.158846e-02 1.178799e-02 1.068456e-02 1.017023e-02 6.211783e-03 9.376646e-03 1.381886e-03 2.019632e-03 2.044456e-03 2.664992e-03 2.244930e-03 2.147568e-03 1.723040e-03 2.157999e-03 2.145043e-03 1.902600e-03 1.689853e-03 1.208219e-03 1.596433e-03
<GCONST> -8.497794e+01
<STATE> 4
<MEAN> 39
 -1.756082e+00 -6.141083e-01 -1.010238e+00 -7.833622e-01 -7.200280e-01 -7.061020e-01 -4.259518e-01 -3.724976e-01 -2.233673e-01 -1.678240e-01 -3.525059e-02 1.496325e-01 4.470148e+00 -1.273023e-03 1.731987e-03 9.565326e-04 1.260261e-03 -4.043457e-04 -1.872839e-03 2.963625e-03 3.817688e-03 2.567421e-04 -8.919802e-04 -1.098531e-03 -1.747142e-03 -1.564311e-03 5.458069e-04 -4.457112e-04 1.671266e-04 -2.717711e-04 -1.977830e-05 4.211218e-04 -4.805392e-04 -3.855144e-04 1.598772e-04 -2.726068e-04 4.213183e-05 2.046372e-04 8.508517e-04
<VARIANCE> 39
 8.872749e-03 3.768054e-02 2.885797e-02 2.518607e-02 2.925126e-02 8.174609e-02 7.845046e-02 1.291915e-01 2.765836e-02 2.782322e-02 8.458810e-02 4.559347e-02 3.409412e-03 2.845830e-04 5.627626e-04 1.047537e-03 1.262971e-03 1.694728e-03 1.821843e-03 2.068143e-03 2.343861e-03 2.329717e-03 2.179192e-03 2.183247e-03 1.077511e-03 1.181897e-04 5.576023e-05 1.163172e-04 1.921556e-04 2.564931e-04 3.421890e-04 3.647563e-04 4.128068e-04 4.776063e-04 4.735190e-04 4.427929e-04 4.413591e-04 2.172542e-04 2.439703e-05
<GCONST> -1.700654e+02
<STATE> 5
<MEAN> 39
 -1.824561e+00 -5.243250e-01 -8.254024e-01 -5.199440e-01 -4.258440e-01 -4.664817e-01 -1.873709e-01 -5.092455e-01 -3.115522e-01 -1.769245e-01 9.131568e-02 1.376843e-01 3.716319e+00 -1.243269e-02 1.050487e-02 1.189279e-02 1.064800e-02 9.124163e-03 9.520327e-05 6.262486e-05 1.196955e-02 1.308715e-02 -4.388833e-03 -1.137560e-02 -5.479143e-03 -1.171630e-02 5.645437e-03 -1.823336e-03 1.049851e-02 3.516215e-03 3.083536e-04 -5.895597e-04 -9.813410e-04 -5.169664e-03 -4.109160e-03 -2.008942e-03 -1.264244e-03 -7.477274e-04 1.302926e-02
<VARIANCE> 39
 1.131122e-01 1.280692e-01 1.674378e-01 1.419242e-01 1.321866e-01 1.062764e-01 1.389338e-01 1.359899e-01 1.031337e-01 8.555581e-02 1.074562e-01 4.246197e-02 9.182399e-01 2.245367e-03 3.756485e-03 6.153854e-03 6.111905e-03 5.211536e-03 5.707094e-03 5.569690e-03 6.517051e-03 5.876907e-03 5.561511e-03 5.443386e-03 2.736261e-03 1.402697e-03 1.059906e-03 1.259198e-03 1.418143e-03 1.776964e-03 1.388731e-03 1.457338e-03 1.330237e-03 1.425583e-03 1.411290e-03 1.276016e-03 1.179066e-03 6.040956e-04 8.647961e-04
<GCONST> -1.124064e+02
<STATE> 6
<MEAN> 39
 -1.759395e+00 -5.584828e-01 -7.821894e-01 -6.977139e-01 -5.377354e-01 -5.568800e-01 -2.070709e-01 -4.167914e-01 -2.295410e-01 -2.136921e-01 1.820961e-02 1.192336e-01 3.746603e+00 3.052697e-02 -1.929258e-03 7.431871e-02 4.228682e-02 1.470762e-02 -6.962511e-03 -2.635426e-02 -3.492333e-02 -1.703176e-02 -1.632350e-02 -4.432266e-04 -1.283099e-02 8.748195e-02 3.298458e-02 -9.581294e-03 1.600495e-02 1.248713e-02 5.095404e-03 -1.956464e-02 -1.863982e-02 -1.341303e-02 -1.688914e-02 -1.451023e-02 -3.712788e-04 -4.602937e-05 4.826962e-02
<VARIANCE> 39
 1.563319e-01 2.464342e-01 2.641425e-01 2.410749e-01 2.843678e-01 1.912032e-01 2.173359e-01 1.912449e-01 1.489798e-01 1.043747e-01 1.525697e-01 6.515069e-02 9.758746e-01 2.756255e-02 3.436054e-02 2.872314e-02 2.790557e-02 2.155031e-02 2.118580e-02 1.873619e-02 2.102965e-02 1.838352e-02 1.532235e-02 1.661349e-02 7.894217e-03 2.737979e-02 4.937791e-03 6.326963e-03 4.777528e-03 4.846668e-03 4.320089e-03 3.865202e-03 4.103403e-03 4.069859e-03 3.552616e-03 2.694821e-03 3.088068e-03 1.599557e-03 5.025495e-03
<GCONST> -7.167410e+01
<STATE> 7
<MEAN> 39
 -1.222421e+00 -8.384510e-01 -4.205253e-01 -7.093604e-01 -3.863985e-01 -9.143212e-01 -2.365427e-01 -6.512720e-01 -3.238116e-01 -4.703927e-01 -1.395667e-02 1.203258e-01 4.431499e+00 1.182352e-01 -3.236261e-02 5.774013e-02 2.200603e-02 -6.108760e-03 -7.498958e-02 -5.300567e-02 -2.722889e-02 -3.141100e-02 -4.532064e-02 -2.245930e-02 -4.545705e-04 1.816074e-01 7.700510e-03 2.009171e-03 -1.060079e-02 -6.314587e-03 -2.369126e-03 -9.314386e-04 -9.765454e-04 9.446428e-03 6.708413e-03 2.074645e-03 -1.415950e-03 1.039834e-03 -3.594907e-03
<VARIANCE> 39
 7.605578e-01 7.707871e-01 7.255833e-01 6.737028e-01 6.983867e-01 5.187211e-01 7.004626e-01 4.726881e-01 4.588461e-01 3.420738e-01 3.683824e-01 2.161909e-01 1.815628e+00 5.967403e-02 7.581044e-02 5.215857e-02 5.726674e-02 6.109900e-02 4.313170e-02 4.693845e-02 4.115605e-02 4.981206e-02 3.350953e-02 4.120838e-02 2.193086e-02 5.879464e-02 1.045331e-02 1.524448e-02 1.027340e-02 9.868694e-03 1.091713e-02 8.107037e-03 8.145211e-03 8.196361e-03 9.432357e-03 6.684696e-03 8.079264e-03 4.614725e-03 1.183262e-02
<GCONST> -3.631009e+01
<TRANSP> 8
 0.000000e+00 3.256561e-01 6.743439e-01 0.000000e+00 0.000000e+00 0.000000e+00 0.000000e+00 0.000000e+00
 0.000000e+00 8.851982e-01 1.148018e-01 0.000000e+00 0.000000e+00 0.000000e+00 0.000000e+00 0.000000e+00
 0.000000e+00 0.000000e+00 7.926481e-01 8.383624e-02 1.235156e-01 0.000000e+00 0.000000e+00 0.000000e+00
 0.000000e+00 0.000000e+00 0.000000e+00 9.593269e-01 2.817004e-02 1.250309e-02 0.000000e+00 0.000000e+00
 0.000000e+00 0.000000e+00 0.000000e+00 0.000000e+00 7.889761e-01 2.110240e-01 0.000000e+00 0.000000e+00
 0.000000e+00 0.000000e+00 0.000000e+00 0.000000e+00 0.000000e+00 6.141613e-01 3.858387e-01 0.000000e+00
 0.000000e+00 0.000000e+00 0.000000e+00 0.000000e+00 0.000000e+00 0.000000e+00 7.472253e-01 2.527747e-01
 0.000000e+00 0.000000e+00 0.000000e+00 0.000000e+00 0.000000e+00 0.000000e+00 0.000000e+00 0.000000e+00
<ENDHMM>
