~o
<STREAMINFO> 1 39
<VECSIZE> 39<NULLD><MFCC_D_A_0><DIAGC>
~h "tambah"
<BEGINHMM>
<NUMSTATES> 6
<STATE> 2
<MEAN> 39
 -5.297504e+00 -7.706542e-01 7.184905e-01 -1.721402e+00 -3.279454e+00 -1.558716e+00 2.400477e+00 -6.015256e+00 -2.287563e+00 -4.617867e+00 2.905517e+00 6.974830e-01 6.722601e+01 1.395862e+00 3.855337e-02 -1.363993e-01 -1.205868e-01 -3.857814e-01 -4.053909e-02 1.682984e-01 -3.549057e-02 -7.195985e-02 -2.932783e-01 2.359932e-01 6.500885e-01 1.157832e+00 8.031804e-02 2.380309e-01 -3.435844e-02 -4.387573e-03 1.444274e-01 -3.398151e-02 -7.962774e-02 1.549331e-01 1.540066e-01 -3.748684e-02 -1.618419e-01 -9.546647e-03 -1.005662e-01
<VARIANCE> 39
 7.618600e+01 5.475338e+01 3.854248e+01 5.447401e+01 9.407522e+01 4.453851e+01 5.774459e+01 6.502929e+01 4.128302e+01 4.248054e+01 3.173831e+01 4.484009e+01 1.384503e+02 5.753630e+00 8.230937e+00 3.420409e+00 4.294205e+00 7.468926e+00 4.485785e+00 4.428984e+00 5.365653e+00 4.186086e+00 3.781102e+00 3.599427e+00 3.381357e+00 6.912004e+00 6.899304e-01 1.572887e+00 6.638936e-01 8.642499e-01 1.370367e+00 9.664600e-01 9.369147e-01 9.940572e-01 8.321366e-01 7.482093e-01 7.213069e-01 5.706111e-01 1.280806e+00
<GCONST> 1.429353e+02
<STATE> 3
<MEAN> 39
 3.398570e+00 5.042861e+00 -2.425765e+00 -2.367428e+00 -8.095967e+00 -3.541341e+00 1.321978e+00 -9.374164e-01 2.284782e+00 -5.695963e+00 -7.957203e-01 4.316098e+00 7.317760e+01 3.820169e-02 1.431867e+00 1.159780e-01 9.411775e-01 1.539635e+00 -3.797503e-01 -6.752388e-01 6.788643e-01 9.540751e-01 1.347533e-01 -1.491756e+00 -1.744925e+00 -9.892184e-01 -4.996936e-01 -5.280543e-02 2.213343e-01 4.755208e-01 5.092066e-01 3.053693e-01 2.790716e-02 -2.832170e-01 -8.385779e-02 1.142462e-01 -2.191897e-01 -6.246415e-01 -3.617216e-01
<VARIANCE> 39
 1.087148e+01 3.531101e+01 2.196684e+01 5.137209e+01 3.781819e+01 3.960128e+01 4.398482e+01 6.083710e+01 2.636129e+01 2.059725e+01 2.657156e+01 5.933373e+01 8.768557e+01 1.204280e+00 1.266496e+00 1.586451e+00 2.695895e+00 4.917992e+00 2.213645e+00 1.932189e+00 2.155369e+00 2.401167e+00 1.929360e+00 2.482065e+00 4.537535e+00 1.093291e+00 2.506676e-01 2.147202e-01 2.016815e-01 3.240594e-01 6.497034e-01 4.166339e-01 4.217652e-01 3.179832e-01 3.990458e-01 4.008553e-01 4.052999e-01 5.288807e-01 1.930962e-01
<GCONST> 1.137437e+02
<STATE> 4
<MEAN> 39
 3.739530e-01 1.321551e+01 8.250082e-02 7.646014e+00 4.724335e+00 -1.141363e+00 -2.521795e+00 1.130622e-01 6.328574e+00 -4.579534e+00 -1.071764e+01 -1.025356e+01 6.597704e+01 -1.335002e-01 5.030488e-01 3.065270e-01 1.731911e-01 3.094171e-01 1.791046e-01 -1.229033e-01 -1.883380e-01 -5.473347e-02 7.530315e-02 -3.028214e-01 -5.337481e-01 -3.312030e-01 1.688761e-01 -2.445459e-01 -8.077514e-02 -4.687327e-01 -7.188818e-01 -1.626223e-01 9.189248e-02 -3.553329e-02 -1.905446e-01 -1.021987e-01 4.616942e-01 7.451175e-01 2.898716e-01
<VARIANCE> 39
 7.125191e+00 1.358820e+01 1.423307e+01 1.465362e+01 1.594432e+01 2.845885e+01 1.418247e+01 5.121477e+01 2.930221e+01 2.156495e+01 2.143025e+01 1.687038e+01 7.371599e+01 2.774760e-01 4.088130e-01 4.745276e-01 1.856627e+00 3.676319e+00 1.168139e+00 8.218474e-01 7.998587e-01 1.439681e+00 9.933155e-01 2.632813e+00 4.291902e+00 4.257670e-01 4.530305e-02 1.302350e-01 1.192809e-01 1.867150e-01 3.688129e-01 2.254374e-01 1.535210e-01 1.775801e-01 2.592747e-01 2.422094e-01 2.634782e-01 4.230748e-01 7.796373e-02
<GCONST> 8.905845e+01
<STATE> 5
<MEAN> 39
 -3.386585e-02 -3.913666e-01 9.305282e-01 -5.334725e+00 -3.740957e+00 -2.416896e+00 6.272779e+00 -6.541688e+00 3.024205e+00 -6.991492e+00 -1.823140e+00 6.738376e-01 7.060320e+01 -2.882282e-01 -3.474414e-01 6.917335e-02 1.271147e-02 -2.829196e-02 9.837665e-02 1.042394e-01 -1.162989e-01 -2.436374e-01 4.676261e-02 3.091264e-01 3.374053e-01 -8.230594e-02 -3.831872e-02 2.768043e-02 1.022087e-02 6.834394e-02 1.104941e-01 1.587641e-02 -1.718492e-02 1.386070e-02 2.519937e-02 2.418325e-02 -6.175944e-02 -1.212672e-01 -3.340552e-02
<VARIANCE> 39
 4.936862e+01 7.617432e+01 6.792174e+01 1.262804e+02 8.427988e+01 6.347392e+01 8.017498e+01 1.179793e+02 5.747385e+01 4.332595e+01 5.669973e+01 5.969784e+01 1.105212e+02 1.562454e+00 3.419500e+00 2.136916e+00 3.187334e+00 5.674062e+00 3.139667e+00 2.768867e+00 3.122466e+00 3.148714e+00 2.884907e+00 3.191855e+00 4.372709e+00 2.425045e+00 2.046939e-01 4.550921e-01 3.493615e-01 4.677397e-01 7.629197e-01 5.820559e-01 4.636656e-01 5.504116e-01 5.683175e-01 4.824514e-01 4.602813e-01 5.340232e-01 3.244271e-01
<GCONST> 1.315326e+02
<TRANSP> 6
 0.000000e+00 6.930329e-01 3.069671e-01 0.000000e+00 0.000000e+00 0.000000e+00
 0.000000e+00 8.844537e-01 1.155463e-01 0.000000e+00 0.000000e+00 0.000000e+00
 0.000000e+00 0.000000e+00 7.532599e-01 1.833006e-01 6.343957e-02 0.000000e+00
 0.000000e+00 0.000000e+00 0.000000e+00 8.858676e-01 1.141324e-01 0.000000e+00
 0.000000e+00 0.000000e+00 0.000000e+00 0.000000e+00 9.568521e-01 4.314792e-02
 0.000000e+00 0.000000e+00 0.000000e+00 0.000000e+00 0.000000e+00 0.000000e+00
<ENDHMM>
