~o
<STREAMINFO> 1 36
<VECSIZE> 36<NULLD><LPC_D_A><DIAGC>
~h "tiga"
<BEGINHMM>
<NUMSTATES> 8
<STATE> 2
<MEAN> 36
 -1.012882e+00 1.561415e-01 9.820379e-02 -3.646486e-02 -7.125960e-02 1.494890e-01 2.971171e-02 -1.287298e-02 -8.700384e-02 8.742055e-03 -4.523167e-02 3.117440e-02 -2.371912e-02 -1.967791e-02 -1.331290e-03 7.945070e-03 3.719375e-03 4.626074e-03 -5.696443e-03 -2.701971e-03 -2.983714e-03 2.637372e-03 7.269048e-05 3.697324e-03 1.587898e-02 -3.470989e-03 -4.969841e-03 9.984857e-04 -1.381260e-03 -6.073313e-04 -1.626204e-03 1.053954e-03 -4.339091e-04 -1.599416e-04 4.309057e-04 2.183040e-04
<VARIANCE> 36
 4.193594e-01 3.423294e-01 1.870622e-01 1.314536e-01 8.338480e-02 5.602897e-02 5.422623e-02 5.306982e-02 3.136824e-02 3.819570e-02 3.203991e-02 1.579521e-02 6.945150e-02 4.601727e-02 2.310586e-02 1.382546e-02 1.186011e-02 7.404441e-03 6.036426e-03 5.995838e-03 3.944192e-03 4.203014e-03 3.651844e-03 1.657838e-03 1.539027e-02 1.033110e-02 5.385790e-03 2.992302e-03 2.800629e-03 1.486304e-03 1.352447e-03 1.280035e-03 8.463860e-04 8.772663e-04 8.112761e-04 3.713578e-04
<GCONST> -9.596635e+01
<STATE> 3
<MEAN> 36
 -2.683086e+00 5.023746e+00 -7.535228e+00 9.370008e+00 -9.896459e+00 9.098264e+00 -7.286113e+00 5.035163e+00 -2.938680e+00 1.353559e+00 -4.527803e-01 7.776094e-02 -5.319260e-02 1.208495e-01 -2.038589e-01 2.780566e-01 -3.194481e-01 3.218177e-01 -2.899124e-01 2.324717e-01 -1.621599e-01 9.780552e-02 -4.471568e-02 1.284291e-02 1.125769e-02 -2.938952e-02 5.602913e-02 -8.359043e-02 1.000608e-01 -9.869207e-02 8.063515e-02 -5.625027e-02 3.286173e-02 -1.475622e-02 5.758894e-03 -2.410294e-03
<VARIANCE> 36
 6.034610e-01 5.110276e+00 1.806038e+01 4.116021e+01 6.443683e+01 7.405064e+01 6.349791e+01 4.044647e+01 1.842832e+01 5.686751e+00 9.809852e-01 7.604899e-02 8.343865e-02 6.320525e-01 2.118638e+00 4.582426e+00 6.771135e+00 7.407990e+00 6.218354e+00 3.972202e+00 1.849068e+00 5.908986e-01 1.045690e-01 8.012805e-03 1.344097e-02 9.995487e-02 3.243444e-01 6.914350e-01 1.012297e+00 1.115341e+00 9.588783e-01 6.386667e-01 3.097376e-01 1.027718e-01 1.841069e-02 1.451918e-03
<GCONST> 6.928203e+01
<STATE> 4
<MEAN> 36
 -8.044275e-01 2.911984e-01 -5.646642e-01 4.935893e-01 -4.389668e-01 4.293637e-01 -4.217816e-01 3.706923e-01 -3.472353e-01 2.528197e-01 -2.781494e-01 1.570580e-01 4.894476e-03 -6.152030e-03 2.682178e-03 -5.700652e-03 -4.554889e-04 -7.009630e-03 5.230493e-04 -1.605688e-03 1.684599e-03 -1.689484e-03 2.435714e-03 3.492460e-03 9.995113e-03 1.662254e-03 2.172660e-03 -2.532090e-03 2.568158e-03 -7.059690e-04 2.231556e-03 -2.871993e-03 1.129745e-03 -1.752975e-03 2.644874e-03 -3.074646e-04
<VARIANCE> 36
 2.334325e-01 1.033470e-01 1.297727e-01 1.057499e-01 6.289239e-02 7.604434e-02 4.152560e-02 5.323707e-02 2.652941e-02 2.535890e-02 2.530080e-02 1.115183e-02 3.447561e-02 1.257632e-02 7.722793e-03 1.297854e-02 6.626835e-03 7.575238e-03 4.317083e-03 4.633723e-03 2.901581e-03 2.830117e-03 2.254205e-03 1.216165e-03 6.835172e-03 2.408111e-03 1.415423e-03 2.660402e-03 1.350391e-03 1.585490e-03 8.652093e-04 9.677944e-04 5.880946e-04 6.178598e-04 5.197400e-04 2.315266e-04
<GCONST> -1.122838e+02
<STATE> 5
<MEAN> 36
 -2.779452e+00 4.963683e+00 -7.311406e+00 9.058114e+00 -9.714274e+00 9.282009e+00 -7.945954e+00 5.961310e+00 -3.863951e+00 2.055943e+00 -8.068784e-01 1.953274e-01 5.662971e-02 -2.133441e-01 3.905683e-01 -5.866093e-01 7.385235e-01 -8.102893e-01 7.760890e-01 -6.515765e-01 4.643951e-01 -2.742297e-01 1.237331e-01 -3.277138e-02 1.947965e-02 -4.434095e-02 8.167322e-02 -1.192959e-01 1.516664e-01 -1.749401e-01 1.796996e-01 -1.583913e-01 1.174359e-01 -7.074791e-02 3.166956e-02 -7.779639e-03
<VARIANCE> 36
 2.492760e-01 1.892402e+00 5.787561e+00 1.213393e+01 1.825210e+01 2.115307e+01 1.937379e+01 1.373294e+01 7.130572e+00 2.566804e+00 5.513036e-01 4.217078e-02 3.258400e-02 2.376664e-01 7.092050e-01 1.436987e+00 2.119412e+00 2.468583e+00 2.323073e+00 1.692601e+00 9.087048e-01 3.343108e-01 7.053433e-02 5.116400e-03 1.073520e-02 8.176138e-02 2.807279e-01 6.738864e-01 1.152245e+00 1.449361e+00 1.347478e+00 9.069118e-01 4.271562e-01 1.324118e-01 2.343314e-02 1.446573e-03
<GCONST> 4.825847e+01
<STATE> 6
<MEAN> 36
 -1.525348e+00 2.126773e+00 -3.252548e+00 3.961626e+00 -4.120262e+00 3.731138e+00 -2.954224e+00 2.052561e+00 -1.302201e+00 6.532327e-01 -2.999365e-01 1.370658e-01 4.504322e-02 -1.129366e-02 -3.142498e-03 1.531622e-03 -3.146564e-02 6.782217e-02 -7.782346e-02 7.267701e-02 -6.909589e-02 3.878577e-02 -5.908688e-03 2.105594e-03 -1.543255e-02 3.186243e-02 -4.981814e-02 8.362730e-02 -1.148752e-01 1.381903e-01 -1.427024e-01 1.269233e-01 -9.361487e-02 5.799949e-02 -2.498038e-02 4.799677e-03
<VARIANCE> 36
 2.210709e+00 2.038045e+01 9.019160e+01 2.577640e+02 5.065351e+02 7.092077e+02 7.080676e+02 4.998509e+02 2.450536e+02 7.841062e+01 1.373331e+01 7.609627e-01 1.307013e-01 1.651560e+00 8.696266e+00 2.658293e+01 5.386256e+01 7.623238e+01 7.608130e+01 5.343473e+01 2.599401e+01 8.207668e+00 1.423739e+00 7.910433e-02 2.789398e-02 3.382414e-01 1.763529e+00 5.327700e+00 1.071024e+01 1.505923e+01 1.494930e+01 1.045570e+01 5.077600e+00 1.600375e+00 2.779128e-01 1.542665e-02
<GCONST> 1.458788e+02
<STATE> 7
<MEAN> 36
 -1.353612e+00 1.618142e+00 -2.275547e+00 2.533324e+00 -2.513535e+00 2.236060e+00 -1.809421e+00 1.294538e+00 -8.567200e-01 4.625436e-01 -2.087080e-01 1.084711e-01 5.702250e-03 3.716075e-02 -6.825186e-02 9.239613e-02 -1.162032e-01 1.220632e-01 -1.116977e-01 9.000683e-02 -7.164372e-02 4.361852e-02 -1.575458e-02 3.243421e-03 -4.359807e-03 1.143201e-03 7.943242e-03 -4.917409e-05 4.457372e-03 -7.327435e-03 8.990102e-03 -7.898040e-03 8.896871e-03 -6.562390e-03 1.132190e-03 -1.319913e-04
<VARIANCE> 36
 1.182856e+00 4.202084e+00 8.113787e+00 1.264717e+01 1.450269e+01 1.353551e+01 1.010442e+01 5.760650e+00 2.469426e+00 7.677859e-01 1.443161e-01 2.043517e-02 6.547067e-02 1.614996e-01 3.524652e-01 6.629649e-01 8.931572e-01 9.460594e-01 7.649268e-01 4.703708e-01 2.170935e-01 7.246819e-02 1.528670e-02 2.491410e-03 1.201370e-02 2.297992e-02 3.992733e-02 6.371616e-02 7.735222e-02 8.357093e-02 7.373640e-02 4.876066e-02 2.646811e-02 1.025436e-02 2.303381e-03 5.251828e-04
<GCONST> 8.358237e+00
<TRANSP> 8
 0.000000e+00 7.594923e-01 2.405077e-01 0.000000e+00 0.000000e+00 0.000000e+00 0.000000e+00 0.000000e+00
 0.000000e+00 8.773100e-01 0.000000e+00 1.226900e-01 0.000000e+00 0.000000e+00 0.000000e+00 0.000000e+00
 0.000000e+00 0.000000e+00 8.729854e-01 6.685024e-03 1.203296e-01 0.000000e+00 0.000000e+00 0.000000e+00
 0.000000e+00 0.000000e+00 0.000000e+00 8.894851e-01 0.000000e+00 1.105149e-01 0.000000e+00 0.000000e+00
 0.000000e+00 0.000000e+00 0.000000e+00 0.000000e+00 8.304510e-01 1.695490e-01 0.000000e+00 0.000000e+00
 0.000000e+00 0.000000e+00 0.000000e+00 0.000000e+00 0.000000e+00 2.402980e-01 7.597020e-01 0.000000e+00
 0.000000e+00 0.000000e+00 0.000000e+00 0.000000e+00 0.000000e+00 0.000000e+00 5.219648e-01 4.780352e-01
 0.000000e+00 0.000000e+00 0.000000e+00 0.000000e+00 0.000000e+00 0.000000e+00 0.000000e+00 0.000000e+00
<ENDHMM>
