~o
<STREAMINFO> 1 39
<VECSIZE> 39<NULLD><MFCC_D_A_0><DIAGC>
~h "tujuh"
<BEGINHMM>
<NUMSTATES> 6
<STATE> 2
<MEAN> 39
 -1.046564e+00 1.319946e-01 1.294111e+00 9.483971e+00 2.731321e+00 1.599704e-01 -4.894681e+00 1.922752e+00 -6.537933e-01 -1.118819e+01 8.174558e-01 2.753114e+00 5.529851e+01 3.483968e-01 7.357109e-02 3.975106e-02 4.023406e-02 5.052496e-02 9.778019e-03 -5.927581e-02 1.385402e-02 -2.877927e-02 -1.229510e-01 -8.366066e-02 4.273139e-02 3.156736e-01 3.615095e-02 9.325708e-02 4.746565e-03 1.297606e-02 4.113517e-02 7.323135e-02 -2.884982e-03 -1.700544e-02 -8.940638e-03 3.604596e-03 -3.756683e-02 -3.939204e-02 -4.168462e-02
<VARIANCE> 39
 7.034857e+01 8.791201e+01 5.805508e+01 7.016602e+01 6.405439e+01 5.798479e+01 6.453648e+01 6.953621e+01 4.987234e+01 6.219957e+01 3.944635e+01 3.466624e+01 9.971429e+01 4.193468e+00 1.095654e+01 4.921081e+00 4.464995e+00 6.772566e+00 5.126320e+00 6.865950e+00 5.697209e+00 4.215542e+00 6.185147e+00 4.183232e+00 3.216331e+00 4.738267e+00 7.132926e-01 2.227744e+00 8.600351e-01 6.992847e-01 1.291497e+00 9.834266e-01 1.240831e+00 1.071001e+00 8.100066e-01 1.141332e+00 8.156840e-01 6.142886e-01 8.056147e-01
<GCONST> 1.462505e+02
<STATE> 3
<MEAN> 39
 -1.339970e+00 -6.999918e+00 1.470546e+01 -8.359630e+00 5.994004e+00 -1.655155e+01 1.130780e+01 -1.198110e+01 -2.987096e+00 -1.442047e+01 4.602181e-01 -6.725715e+00 7.583595e+01 4.042864e-02 -3.364167e-02 -2.972899e-01 -2.068383e-01 -4.323525e-02 9.460121e-02 1.483181e-01 -8.352124e-02 1.617617e-01 1.185038e-01 -1.131861e-01 2.361917e-01 -4.323925e-03 -1.511373e-02 -4.949316e-02 -5.714634e-02 5.063531e-03 1.492262e-02 6.569481e-03 -7.179937e-03 -1.238235e-02 -1.381904e-02 3.682172e-02 3.601829e-02 1.747723e-02 2.143218e-02
<VARIANCE> 39
 3.431485e+01 4.290438e+01 4.116585e+01 6.772346e+01 1.212182e+02 1.047160e+02 7.379788e+01 5.404409e+01 8.395704e+01 3.577831e+01 4.880963e+01 3.352924e+01 3.450309e+01 3.143111e+00 3.931420e+00 3.074079e+00 2.771264e+00 5.575793e+00 4.389859e+00 5.087963e+00 4.704697e+00 8.855664e+00 3.626491e+00 3.450756e+00 2.331176e+00 3.227619e+00 5.989678e-01 6.452905e-01 5.771148e-01 4.439577e-01 6.918275e-01 6.273558e-01 9.828601e-01 8.180770e-01 1.602784e+00 6.911944e-01 5.786237e-01 4.299883e-01 4.865597e-01
<GCONST> 1.359753e+02
<STATE> 4
<MEAN> 39
 -5.826912e+00 2.206643e+00 3.684261e+00 1.086047e+01 9.411819e+00 1.105736e+00 -5.568163e+00 -5.118876e+00 -3.517998e+00 -7.492017e+00 -2.818133e-01 -5.068712e-01 6.880851e+01 2.576398e-01 9.066297e-02 6.683360e-03 -1.102344e-01 -5.337921e-02 1.335563e-01 -6.200809e-02 5.611014e-03 -4.619302e-02 -1.763914e-01 -1.564520e-01 4.243992e-02 1.275367e-01 -5.455521e-02 -6.941237e-03 -2.509597e-02 -7.853686e-02 -1.133937e-01 -5.520368e-02 6.154709e-02 5.886434e-02 5.397313e-02 3.624576e-02 -1.061634e-02 -1.380375e-03 -4.259890e-02
<VARIANCE> 39
 3.683490e+01 7.784469e+01 4.284904e+01 7.110894e+01 6.450925e+01 6.559833e+01 6.013652e+01 5.355414e+01 4.198921e+01 4.376574e+01 2.506943e+01 2.254281e+01 3.922576e+01 3.589477e+00 6.450976e+00 2.889197e+00 2.387923e+00 3.125360e+00 3.211497e+00 3.950085e+00 4.129431e+00 3.786452e+00 2.469764e+00 1.835314e+00 1.662076e+00 2.108506e+00 5.578413e-01 1.026882e+00 5.769550e-01 4.399713e-01 5.044520e-01 6.295972e-01 6.889363e-01 7.764630e-01 6.861122e-01 4.284152e-01 3.433129e-01 3.018445e-01 3.364210e-01
<GCONST> 1.275978e+02
<STATE> 5
<MEAN> 39
 -3.221778e+00 6.652654e+00 -1.532066e-01 8.874475e-01 -1.358500e+00 -4.808693e+00 -3.240810e+00 -1.969817e+00 -2.602009e+00 -9.983155e+00 -4.822042e+00 -2.525145e+00 6.883701e+01 -3.346007e-01 -3.070281e-02 -2.470246e-01 -1.340606e-01 -2.599659e-01 -1.405317e-01 2.301037e-01 8.427525e-02 2.060338e-01 3.810207e-01 1.314457e-01 4.322921e-02 -3.336083e-01 -2.179853e-02 -8.577719e-02 -1.300957e-02 2.855594e-02 6.706759e-02 2.032567e-02 -2.024090e-02 -6.477940e-02 -3.032682e-02 3.157848e-02 5.977060e-02 3.560460e-02 3.121458e-02
<VARIANCE> 39
 4.034216e+01 3.539449e+01 3.167704e+01 4.736842e+01 4.163241e+01 5.051523e+01 4.421608e+01 3.574664e+01 3.680918e+01 5.024950e+01 2.731447e+01 2.730017e+01 5.483132e+01 5.122036e-01 9.244463e-01 9.470018e-01 1.072607e+00 1.355641e+00 1.957534e+00 1.521255e+00 1.277428e+00 1.762930e+00 1.868093e+00 1.366886e+00 1.039326e+00 5.583978e-01 5.107592e-02 1.096437e-01 1.323330e-01 1.763333e-01 2.196176e-01 3.195365e-01 2.424644e-01 2.385642e-01 2.517363e-01 2.993404e-01 2.611549e-01 2.034120e-01 4.312127e-02
<GCONST> 9.816744e+01
<TRANSP> 6
 0.000000e+00 7.924813e-01 2.075187e-01 0.000000e+00 0.000000e+00 0.000000e+00
 0.000000e+00 9.083418e-01 0.000000e+00 9.165826e-02 0.000000e+00 0.000000e+00
 0.000000e+00 0.000000e+00 9.741772e-01 1.867243e-02 7.150438e-03 0.000000e+00
 0.000000e+00 0.000000e+00 0.000000e+00 9.300511e-01 3.599047e-02 3.395841e-02
 0.000000e+00 0.000000e+00 0.000000e+00 0.000000e+00 9.432873e-01 5.671269e-02
 0.000000e+00 0.000000e+00 0.000000e+00 0.000000e+00 0.000000e+00 0.000000e+00
<ENDHMM>
