~o
<STREAMINFO> 1 63
<VECSIZE> 63<NULLD><MFCC_D_A_0><DIAGC>
~h "b"
<BEGINHMM>
<NUMSTATES> 8
<STATE> 2
<MEAN> 63
 -1.419115e+01 3.728626e+00 -2.999858e+00 4.816391e-01 -6.996335e-01 1.352619e+00 2.713815e+00 4.249866e+00 1.486888e+00 2.085591e+00 -2.243385e+00 -3.219758e+00 -5.169439e+00 -2.892725e+00 -6.606587e-01 3.410710e-01 3.751772e-01 -2.660871e-02 1.270101e-01 1.177260e-01 6.125045e+01 -1.478855e-03 1.920319e-02 3.269026e-02 -3.461919e-05 -3.246910e-02 -3.274777e-02 2.539976e-02 3.780892e-02 5.703216e-03 -2.624629e-02 -2.144282e-02 -4.825566e-03 2.110990e-02 1.153365e-02 1.906103e-03 -1.441927e-02 -1.348423e-02 -1.276798e-04 3.024640e-04 -4.199504e-04 1.538970e-02 1.005950e-02 -1.672315e-02 3.255430e-02 2.855058e-02 3.517038e-02 2.993319e-02 -1.411920e-02 -1.124565e-02 5.325408e-03 2.889360e-03 4.655924e-03 6.933096e-03 -2.951768e-03 -5.271927e-03 1.708731e-03 1.186170e-03 -9.339140e-03 -8.057569e-03 -3.221262e-03 -4.500420e-03 3.277399e-02
<VARIANCE> 63
 1.598706e+01 2.595093e+00 2.985133e+00 1.842404e+00 3.260609e+00 2.778626e+00 4.423881e+00 4.966432e+00 3.722858e+00 3.082827e+00 3.739105e+00 3.412518e+00 4.790522e+00 2.600385e+00 1.520225e+00 1.083290e+00 6.749633e-01 4.902939e-01 3.306281e-01 1.590052e-01 2.877132e+02 4.568562e-02 9.404453e-02 1.209337e-01 1.736053e-01 2.219543e-01 2.647792e-01 2.882192e-01 3.434891e-01 2.710974e-01 2.446508e-01 2.789538e-01 2.306737e-01 2.176475e-01 1.852072e-01 1.431276e-01 1.156002e-01 7.390989e-02 4.960414e-02 2.773655e-02 1.450870e-02 2.150178e-01 2.067406e-02 2.987516e-02 4.100460e-02 5.151653e-02 6.684488e-02 6.318656e-02 6.017644e-02 7.271028e-02 6.018795e-02 4.940955e-02 6.343029e-02 4.891230e-02 4.389121e-02 3.597391e-02 2.844770e-02 2.150057e-02 1.522703e-02 1.040015e-02 6.094398e-03 3.173727e-03 2.226774e-02
<GCONST> 2.063438e+01
<STATE> 3
<MEAN> 63
 -3.141737e+00 -3.012889e+00 -6.880252e+00 1.516131e+00 4.665030e+00 -3.370024e+00 -5.788641e+00 3.306660e+00 2.663756e-01 6.276926e-02 3.193785e+00 5.484622e+00 -1.382233e+00 8.805109e-02 3.972151e+00 -2.112152e+00 -4.794155e+00 -7.298459e-01 7.747091e-01 -1.020497e+00 7.890910e+01 9.762735e-02 -8.186691e-02 -2.735600e-02 -1.002699e-01 5.908022e-03 -3.119576e-02 -8.111645e-02 -1.628376e-02 3.288920e-02 -8.515662e-03 7.625443e-02 1.354644e-01 9.843435e-02 3.466283e-02 4.683029e-03 -2.796450e-02 -4.825187e-02 -7.307452e-03 1.948885e-02 -9.364770e-03 1.559361e-01 -3.542283e-02 7.750048e-03 1.409333e-02 -2.130122e-02 -1.481360e-02 6.455833e-03 1.296222e-02 -5.972181e-03 1.192841e-03 1.840238e-03 -7.943425e-03 -1.419051e-02 2.682490e-03 7.126546e-04 -9.606605e-03 -5.483062e-04 6.257479e-03 2.791606e-03 3.497974e-04 2.510191e-03 -1.570317e-02
<VARIANCE> 63
 4.559621e+01 2.701953e+01 6.568598e+01 7.924509e+01 4.881904e+01 4.856020e+01 3.819730e+01 3.585281e+01 3.733780e+01 2.014327e+01 3.540757e+01 4.123784e+01 2.411157e+01 2.181993e+01 2.744937e+01 1.233729e+01 7.637876e+00 3.187886e+00 2.303239e+00 1.213636e+00 2.526377e+01 3.730339e+00 2.738542e+00 4.293199e+00 4.696887e+00 3.551093e+00 3.955285e+00 3.534095e+00 2.840977e+00 3.118259e+00 2.029468e+00 2.478807e+00 2.507326e+00 2.418365e+00 1.881063e+00 2.516139e+00 8.753843e-01 6.545184e-01 3.152128e-01 2.217268e-01 1.161794e-01 2.215339e+00 5.567961e-01 5.016984e-01 6.117785e-01 6.765496e-01 6.075532e-01 6.750028e-01 6.647658e-01 5.167456e-01 5.854530e-01 3.979196e-01 4.666701e-01 4.010939e-01 4.850971e-01 3.514388e-01 4.429518e-01 1.613900e-01 1.231959e-01 6.249426e-02 4.400554e-02 2.282711e-02 3.592543e-01
<GCONST> 1.672632e+02
<STATE> 4
<MEAN> 63
 -2.067092e+00 8.303529e-01 -1.552716e+00 3.346598e+00 -2.939135e+00 4.604533e-01 -3.557934e+00 3.516099e+00 1.380548e+00 -8.139528e+00 -1.968457e+00 3.718094e+00 -2.224899e+00 -3.239470e-01 -4.293447e-01 -2.949971e+00 -1.603183e-01 1.113026e+00 -2.263018e-01 -3.422164e-01 5.551273e+01 -2.268665e-03 -4.689117e-05 2.216723e-04 -2.510864e-03 -1.400811e-03 -2.352509e-03 -1.805602e-03 -5.539936e-04 2.505259e-03 -3.723099e-04 -3.019789e-03 -1.496645e-03 4.603626e-04 7.219973e-04 -1.316268e-04 -1.774016e-03 -1.959034e-03 -7.503030e-04 1.179289e-04 8.281962e-05 2.264375e-03 -1.838976e-03 1.072245e-03 8.421707e-04 -2.060607e-04 -5.593598e-04 4.102831e-04 1.463051e-04 9.849317e-05 -3.792650e-05 -1.335245e-04 3.656044e-04 1.009876e-03 7.857656e-04 -2.655655e-05 4.922578e-05 7.064583e-04 6.550911e-04 9.807063e-05 -4.006544e-05 4.461007e-05 1.709156e-03
<VARIANCE> 63
 7.533425e+01 9.823402e+01 7.860852e+01 8.551151e+01 8.069531e+01 5.535624e+01 5.250497e+01 5.988705e+01 8.441718e+01 5.969624e+01 5.132074e+01 5.206006e+01 3.668573e+01 2.418141e+01 2.226429e+01 1.747638e+01 1.055290e+01 4.921702e+00 2.390199e+00 1.443916e+00 6.775401e+01 3.931032e+00 9.084115e+00 7.045471e+00 6.168214e+00 9.695508e+00 5.864622e+00 5.431486e+00 5.460728e+00 6.511269e+00 6.251184e+00 5.255834e+00 5.958699e+00 3.639380e+00 2.472555e+00 2.179972e+00 2.009991e+00 1.036727e+00 5.430610e-01 2.916591e-01 1.636982e-01 4.324609e+00 6.484936e-01 1.707017e+00 1.379385e+00 1.167377e+00 1.974211e+00 1.171548e+00 1.098136e+00 1.076885e+00 1.260806e+00 1.213398e+00 1.013940e+00 1.182055e+00 7.363443e-01 5.112431e-01 4.427345e-01 4.102614e-01 2.067794e-01 1.151039e-01 6.208278e-02 3.368650e-02 8.012871e-01
<GCONST> 2.013674e+02
<STATE> 5
<MEAN> 63
 -7.968104e+00 3.127619e+00 2.282841e+00 4.320295e+00 -8.306745e-01 -4.140874e-01 1.897763e+00 -5.525239e+00 -3.008668e+00 -3.623699e+00 1.338764e+00 1.696350e+00 4.518394e-01 1.108571e+00 2.500381e+00 -1.630987e+00 -1.111402e+00 4.415296e-01 4.186362e-01 -3.600152e-01 7.129578e+01 -2.323435e-02 6.984902e-03 8.449269e-03 -6.792874e-03 -7.474461e-03 3.562061e-03 9.425483e-03 -5.871733e-03 1.691741e-03 -5.379207e-04 -5.757490e-03 -8.773121e-03 -7.738524e-04 -4.127626e-03 -2.879714e-03 -4.393048e-04 3.943487e-03 6.072049e-04 4.067228e-05 3.616226e-04 4.198166e-02 1.930240e-03 -1.384412e-03 -4.981865e-03 1.778000e-03 5.124963e-04 -4.560059e-04 -4.368114e-04 1.177867e-03 -6.512713e-05 -3.256515e-04 -2.887563e-04 -9.319442e-04 -3.310617e-03 -2.364593e-03 9.367199e-04 -4.354079e-04 1.572016e-05 -1.290502e-04 1.106725e-04 2.331428e-04 -4.957012e-03
<VARIANCE> 63
 1.081375e+02 7.554779e+01 5.799787e+01 6.083920e+01 5.803048e+01 5.225101e+01 4.130520e+01 3.990723e+01 3.849359e+01 4.015531e+01 3.394205e+01 4.052407e+01 2.265451e+01 1.496339e+01 1.545637e+01 1.135428e+01 8.172828e+00 3.496295e+00 1.392694e+00 7.815372e-01 1.278884e+02 6.716197e+00 6.318397e+00 4.781653e+00 4.177254e+00 4.981200e+00 3.543881e+00 3.400031e+00 3.019538e+00 3.326460e+00 2.970474e+00 3.060437e+00 4.530092e+00 1.840552e+00 1.317490e+00 1.237386e+00 9.132425e-01 7.554979e-01 3.198039e-01 1.399211e-01 6.983226e-02 5.636029e+00 1.112525e+00 1.157989e+00 8.962932e-01 7.738191e-01 9.912493e-01 7.309648e-01 6.434081e-01 5.968420e-01 6.732855e-01 5.925718e-01 5.855138e-01 9.427178e-01 3.605342e-01 2.684437e-01 2.484323e-01 1.817039e-01 1.562845e-01 6.517385e-02 2.795763e-02 1.411469e-02 1.011115e+00
<GCONST> 1.750385e+02
<STATE> 6
<MEAN> 63
 -4.151166e+00 -9.128387e+00 8.316190e+00 -1.400731e+01 5.775692e+00 -1.515924e+01 1.656293e+01 -1.396655e+01 1.739072e+00 -8.902926e+00 1.067087e+00 -3.370228e+00 -5.969862e-01 -4.756521e+00 -1.322273e+00 -1.235814e+00 -1.263301e+00 -1.182128e+00 -1.440704e+00 -1.071033e+00 8.281033e+01 -1.125182e-02 1.981743e-03 4.521346e-03 -3.451691e-03 -6.054950e-03 4.311459e-03 3.196020e-03 -3.794266e-03 -2.027440e-03 1.373627e-03 -3.573750e-03 -6.906937e-03 -3.652682e-03 -7.333772e-04 -1.548141e-03 1.180563e-03 2.002974e-03 2.086096e-04 -5.407136e-05 7.561388e-04 -6.660535e-03 2.887249e-03 -5.257472e-04 -1.870339e-03 4.502357e-03 2.550858e-03 -4.165060e-04 -1.863890e-03 6.935832e-04 -1.467484e-03 4.760821e-04 -3.020912e-04 4.426834e-04 -1.699071e-03 6.618207e-04 1.504415e-03 6.374068e-04 1.426795e-04 3.818522e-04 3.198518e-05 1.263072e-04 -1.861753e-03
<VARIANCE> 63
 6.308934e+01 4.823132e+01 6.496561e+01 6.836795e+01 1.256412e+02 1.277384e+02 6.770359e+01 7.363277e+01 7.988554e+01 4.584353e+01 7.563958e+01 4.363980e+01 5.100230e+01 3.597416e+01 2.506911e+01 1.531268e+01 1.084536e+01 7.193648e+00 4.670871e+00 2.548177e+00 6.810596e+01 4.160134e+00 5.098582e+00 4.828589e+00 4.974764e+00 7.990996e+00 6.910971e+00 4.905834e+00 5.919150e+00 6.053572e+00 3.758590e+00 5.457010e+00 4.083905e+00 4.276860e+00 2.811606e+00 2.042968e+00 1.212095e+00 8.963422e-01 5.524656e-01 3.654693e-01 1.990591e-01 5.296505e+00 6.889159e-01 9.300619e-01 7.855763e-01 8.587859e-01 1.326798e+00 1.304224e+00 9.428952e-01 1.137388e+00 1.166368e+00 7.498147e-01 1.030163e+00 7.777550e-01 8.154313e-01 5.063918e-01 3.831570e-01 2.422255e-01 1.808782e-01 1.069671e-01 6.975587e-02 3.811143e-02 9.624393e-01
<GCONST> 1.990590e+02
<STATE> 7
<MEAN> 63
 -9.774072e+00 2.616617e+00 -2.940597e+00 -2.721651e+00 -3.490328e+00 -6.205922e+00 -2.886189e+00 -3.779378e+00 -8.899809e-01 -5.784165e+00 -1.772371e+00 -1.952436e+00 2.832620e-01 -1.202063e+00 -1.650362e-01 -1.692794e+00 -8.392869e-01 -3.564695e-01 -7.918836e-02 -6.572123e-01 7.368819e+01 -1.676712e-02 2.305107e-02 -2.491647e-03 4.492922e-02 1.006892e-02 7.193541e-03 1.634055e-02 8.983384e-03 -1.188398e-02 1.530677e-03 -1.977373e-02 -3.495781e-02 -3.163391e-02 -1.057512e-02 2.031551e-03 1.004242e-02 1.338721e-02 1.728638e-03 -6.555592e-03 2.036453e-03 -4.651020e-02 8.036275e-03 -1.199779e-06 -2.203300e-03 2.432831e-03 1.752420e-03 -3.644987e-03 -2.526630e-03 2.163564e-03 9.870747e-04 -1.125098e-03 2.303941e-03 3.553754e-03 2.161787e-03 9.987019e-04 1.865160e-03 -1.966769e-04 -1.549676e-03 -4.930514e-04 -9.439189e-05 -6.455750e-04 4.090883e-03
<VARIANCE> 63
 6.038280e+01 3.030300e+01 3.347725e+01 3.579359e+01 4.429599e+01 3.717351e+01 3.331507e+01 2.280166e+01 3.260924e+01 3.314334e+01 2.140264e+01 1.677582e+01 1.981649e+01 1.070058e+01 8.043814e+00 7.018091e+00 4.385256e+00 2.900904e+00 1.546989e+00 7.330321e-01 6.711740e+01 2.505721e+00 1.610056e+00 1.780108e+00 1.946711e+00 2.173132e+00 2.023224e+00 1.638518e+00 1.415344e+00 2.154252e+00 1.754761e+00 1.385867e+00 1.286877e+00 1.039208e+00 7.563949e-01 5.621814e-01 4.749417e-01 3.485548e-01 1.821149e-01 1.057048e-01 5.597891e-02 1.844374e+00 3.752614e-01 2.923287e-01 2.890485e-01 3.077531e-01 3.666253e-01 3.791933e-01 3.101420e-01 2.753374e-01 4.096224e-01 3.288857e-01 2.606369e-01 2.270699e-01 1.821332e-01 1.449504e-01 1.091195e-01 8.448888e-02 6.356228e-02 3.397097e-02 2.079378e-02 1.116813e-02 2.625556e-01
<GCONST> 1.335338e+02
<TRANSP> 8
 0.000000e+00 1.000000e+00 0.000000e+00 0.000000e+00 0.000000e+00 0.000000e+00 0.000000e+00 0.000000e+00
 0.000000e+00 9.381637e-01 5.054517e-02 1.129113e-02 0.000000e+00 0.000000e+00 0.000000e+00 0.000000e+00
 0.000000e+00 0.000000e+00 9.872528e-01 0.000000e+00 1.274728e-02 0.000000e+00 0.000000e+00 0.000000e+00
 0.000000e+00 0.000000e+00 0.000000e+00 9.982073e-01 1.378356e-03 4.143975e-04 0.000000e+00 0.000000e+00
 0.000000e+00 0.000000e+00 0.000000e+00 0.000000e+00 9.923738e-01 7.626260e-03 0.000000e+00 0.000000e+00
 0.000000e+00 0.000000e+00 0.000000e+00 0.000000e+00 0.000000e+00 9.918550e-01 8.145009e-03 0.000000e+00
 0.000000e+00 0.000000e+00 0.000000e+00 0.000000e+00 0.000000e+00 0.000000e+00 9.946640e-01 5.336070e-03
 0.000000e+00 0.000000e+00 0.000000e+00 0.000000e+00 0.000000e+00 0.000000e+00 0.000000e+00 0.000000e+00
<ENDHMM>
