~o
<STREAMINFO> 1 39
<VECSIZE> 39<NULLD><MFCC_D_A_0><DIAGC>
~h "belas"
<BEGINHMM>
<NUMSTATES> 6
<STATE> 2
<MEAN> 39
 4.391667e+00 5.222439e+00 -2.310153e+00 8.205269e+00 1.427563e+00 -3.896966e-01 -3.072109e+00 4.093196e+00 2.116772e+00 -9.988940e+00 -5.965090e+00 4.971043e+00 5.750791e+01 2.694619e-01 -8.559373e-01 3.087189e-01 -2.041292e-01 -8.335978e-01 2.609933e-01 -3.811377e-01 -7.051909e-01 -1.149523e-01 -2.732918e-01 5.304464e-01 7.476263e-01 6.193089e-01 7.341272e-04 -4.225005e-02 -3.675293e-02 -1.168765e-02 -3.619335e-03 -5.096280e-02 -1.971301e-02 3.937327e-02 -1.874606e-02 8.391011e-03 1.470305e-01 7.042803e-02 1.256107e-02
<VARIANCE> 39
 3.224992e+01 5.693808e+01 4.852594e+01 2.759400e+01 9.059883e+01 5.245958e+01 3.200924e+01 7.841696e+01 5.807751e+01 4.690795e+01 4.560916e+01 5.513416e+01 8.393207e+01 1.459550e+00 2.845295e+00 4.379960e+00 2.248235e+00 5.704907e+00 6.001633e+00 3.324450e+00 2.964252e+00 4.600043e+00 3.310559e+00 3.853314e+00 3.121005e+00 1.233891e+00 2.147281e-01 4.286394e-01 7.060617e-01 4.243732e-01 1.050784e+00 9.559724e-01 5.838463e-01 6.126009e-01 7.422280e-01 5.922520e-01 5.639691e-01 5.026637e-01 1.904228e-01
<GCONST> 1.294541e+02
<STATE> 3
<MEAN> 39
 3.269342e+00 -4.352073e+00 -1.147293e+01 -5.978252e-01 4.126332e-02 -6.466193e+00 -6.182220e+00 4.968461e-01 -1.218201e+00 -6.780537e-01 6.154268e+00 1.213235e+01 7.446828e+01 -7.375024e-02 -1.600121e-01 9.184466e-02 -5.085584e-01 -1.713146e-01 1.688695e-01 1.474986e-01 1.904916e-01 5.226207e-01 3.332447e-01 3.354622e-01 3.909688e-01 1.684019e-01 -1.291540e-01 8.688898e-02 1.398970e-01 -2.447942e-03 1.115141e-01 1.683062e-01 9.109224e-02 2.322294e-02 1.279179e-02 2.367591e-02 -5.997641e-02 -1.262649e-01 -7.855792e-02
<VARIANCE> 39
 3.365592e+00 2.139403e+01 4.663312e+01 3.407378e+01 3.308882e+01 3.123190e+01 1.459224e+01 2.944343e+01 6.083131e+01 4.367371e+01 2.061727e+01 1.622924e+01 2.346967e+01 2.592043e-01 1.082725e+00 1.003036e+00 1.289066e+00 1.111127e+00 1.354775e+00 1.173355e+00 1.158942e+00 2.244419e+00 1.959148e+00 1.461143e+00 8.987164e-01 3.414501e-01 6.891386e-02 1.575956e-01 1.331533e-01 2.121121e-01 1.799911e-01 2.526004e-01 2.478434e-01 2.053877e-01 4.090869e-01 3.636933e-01 2.389841e-01 2.017190e-01 4.155732e-02
<GCONST> 9.128705e+01
<STATE> 4
<MEAN> 39
 -1.491580e+01 -5.935521e+00 4.635294e+00 -1.335452e+01 -2.675101e+00 5.040844e+00 -2.186007e+00 -3.536653e+00 4.252428e+00 1.810260e+00 4.942392e+00 8.432960e+00 7.262883e+01 -9.615417e-01 -3.956885e-02 6.809859e-01 -1.405143e-01 6.397028e-02 6.343616e-01 2.002971e-01 -1.198866e-01 -5.440295e-02 1.082748e-01 -1.798651e-01 -5.941338e-01 -5.174649e-01 8.624496e-02 -1.926503e-02 -1.420960e-01 9.502354e-02 2.615517e-02 -7.155908e-02 -1.716228e-02 5.920564e-02 -2.619635e-02 4.661801e-02 -3.051249e-02 -4.011637e-02 -2.196685e-02
<VARIANCE> 39
 8.715905e+01 6.055007e+00 2.829603e+01 5.475763e+01 1.909316e+01 1.627271e+01 1.301390e+01 1.690447e+01 1.198025e+01 2.829181e+01 1.477167e+01 2.800357e+01 3.041689e+01 2.739182e+00 4.184340e-01 2.139790e+00 2.774324e+00 1.579776e+00 1.445820e+00 1.119126e+00 1.637733e+00 9.269508e-01 9.165163e-01 1.096203e+00 9.622301e-01 4.292974e-01 2.689547e-01 1.306844e-01 2.127647e-01 3.474323e-01 2.653842e-01 2.516607e-01 2.223888e-01 2.711653e-01 1.724290e-01 1.989030e-01 1.783874e-01 2.175042e-01 6.825960e-02
<GCONST> 9.330982e+01
<STATE> 5
<MEAN> 39
 -1.018723e+01 -1.153298e+01 7.589590e+00 -1.094912e+00 -6.902766e+00 6.104950e+00 -2.705213e+00 -2.251975e+00 -2.624366e+00 -3.224034e+00 4.071493e+00 4.747293e+00 5.639309e+01 -5.845774e-01 1.604074e-01 -3.656751e-01 -1.061032e-01 1.703002e-01 -3.827145e-01 8.804842e-02 -1.359503e-02 -3.577930e-01 2.998420e-01 -1.953199e-01 -5.376903e-01 -5.759135e-01 1.009858e-01 7.611834e-02 -7.108828e-02 -4.742677e-03 -3.742905e-02 -7.767819e-02 -2.980587e-02 -1.914241e-02 1.502929e-02 -8.353870e-02 -7.432445e-02 4.594685e-02 2.991565e-02
<VARIANCE> 39
 8.676867e+01 1.028169e+02 8.196333e+01 6.934595e+01 5.099424e+01 6.329042e+01 6.800703e+01 5.636287e+01 6.928493e+01 6.683134e+01 3.358169e+01 3.631617e+01 1.059505e+02 2.943583e+00 7.943938e+00 5.952213e+00 5.227323e+00 4.688743e+00 5.445701e+00 3.773236e+00 4.006317e+00 5.479537e+00 5.135950e+00 3.361889e+00 3.039320e+00 2.471648e+00 2.634240e-01 1.068550e+00 8.250620e-01 8.657424e-01 9.142300e-01 1.014363e+00 7.214453e-01 8.266110e-01 9.648463e-01 8.695180e-01 6.241199e-01 5.659677e-01 3.779262e-01
<GCONST> 1.406853e+02
<TRANSP> 6
 0.000000e+00 8.853496e-01 1.146505e-01 0.000000e+00 0.000000e+00 0.000000e+00
 0.000000e+00 9.004474e-01 9.955256e-02 0.000000e+00 0.000000e+00 0.000000e+00
 0.000000e+00 0.000000e+00 8.938280e-01 1.061721e-01 0.000000e+00 0.000000e+00
 0.000000e+00 0.000000e+00 0.000000e+00 8.789865e-01 1.210135e-01 0.000000e+00
 0.000000e+00 0.000000e+00 0.000000e+00 0.000000e+00 9.299912e-01 7.000875e-02
 0.000000e+00 0.000000e+00 0.000000e+00 0.000000e+00 0.000000e+00 0.000000e+00
<ENDHMM>
