~o
<STREAMINFO> 1 39
<VECSIZE> 39<NULLD><MFCC_D_A_0><DIAGC>
~h "delapan"
<BEGINHMM>
<NUMSTATES> 6
<STATE> 2
<MEAN> 39
 2.148665e+00 3.179876e+00 -4.539864e+00 9.691762e+00 5.039093e+00 -9.185531e-01 -4.096198e+00 2.647496e+00 -6.157628e-01 -6.996223e+00 -2.715482e+00 3.826181e+00 5.465994e+01 6.641191e-01 -3.284790e-01 -2.590531e-01 -2.150353e-01 -3.010274e-01 -2.091719e-01 -3.734257e-01 -1.121347e-01 1.077245e-02 -3.569128e-01 4.695282e-02 4.832152e-01 6.146990e-01 -4.320302e-02 -7.871632e-02 7.196264e-02 -1.583109e-01 -2.897499e-01 3.788736e-02 1.176989e-01 4.597630e-03 1.410129e-01 1.113510e-01 5.693925e-02 6.796518e-02 2.534946e-02
<VARIANCE> 39
 5.403227e+01 5.608751e+01 4.457280e+01 4.830160e+01 7.807690e+01 4.466555e+01 4.443573e+01 5.235032e+01 5.684054e+01 4.860659e+01 7.237228e+01 3.277747e+01 1.128576e+02 2.997835e+00 6.691011e+00 4.934103e+00 4.543452e+00 8.028381e+00 5.534081e+00 4.545435e+00 4.861034e+00 5.114561e+00 4.973040e+00 4.645007e+00 3.468150e+00 2.633163e+00 3.907584e-01 1.293656e+00 8.407389e-01 6.866980e-01 1.114781e+00 1.026553e+00 8.388039e-01 8.808516e-01 9.629231e-01 1.015486e+00 8.361079e-01 5.667884e-01 3.266310e-01
<GCONST> 1.403930e+02
<STATE> 3
<MEAN> 39
 2.177089e+00 2.600476e+00 1.533090e-01 4.196943e+00 -7.114078e+00 1.730309e+00 -1.184203e+00 1.010825e+00 5.099164e+00 -7.413880e+00 -4.037280e+00 8.280227e+00 5.528617e+01 -3.539348e-02 1.069003e-01 3.761123e-02 1.240334e-01 1.349155e-01 -7.606588e-02 1.546575e-01 2.164447e-01 -7.942559e-02 1.594565e-01 1.755336e-01 -1.443351e-01 -6.976462e-02 -2.210170e-02 1.430980e-01 -1.119112e-01 1.672116e-01 3.188652e-01 -1.260009e-01 -3.304689e-02 1.085112e-01 -4.553615e-02 -1.622443e-03 -9.870651e-02 -1.593362e-01 -1.051148e-01
<VARIANCE> 39
 5.145579e+01 5.946455e+01 3.341231e+01 2.817643e+01 6.521306e+01 3.808508e+01 2.886925e+01 6.137948e+01 5.070696e+01 3.345872e+01 3.741436e+01 3.994574e+01 1.066777e+02 3.547039e+00 4.752770e+00 3.660291e+00 3.930763e+00 1.040023e+01 3.390352e+00 2.773569e+00 3.490583e+00 4.446369e+00 2.470182e+00 3.933181e+00 4.211296e+00 3.493882e+00 4.707384e-01 7.589063e-01 6.827686e-01 7.384394e-01 1.870305e+00 6.899304e-01 5.802549e-01 6.953274e-01 8.104621e-01 4.638493e-01 8.389192e-01 7.433745e-01 3.829611e-01
<GCONST> 1.342654e+02
<STATE> 4
<MEAN> 39
 1.089500e+00 -3.076787e+00 -1.372597e+01 -2.281640e+00 3.222013e-01 -6.210394e+00 -2.332455e+00 7.440538e+00 1.999905e+00 3.469802e-01 3.980024e+00 9.724209e+00 7.269531e+01 -1.471078e-01 1.559325e-01 1.067427e-01 2.845649e-02 4.749163e-02 1.852860e-01 2.171108e-01 1.880220e-01 1.660675e-01 -1.441430e-02 -2.104275e-01 -1.195302e-01 -1.703587e-01 -2.118878e-02 2.745878e-02 3.235290e-02 5.049719e-02 4.270061e-02 3.398646e-02 -1.783874e-02 -4.341745e-02 -5.388734e-02 -3.465078e-02 -2.141329e-02 -4.239266e-02 -3.042356e-02
<VARIANCE> 39
 1.498798e+01 2.360166e+01 1.326532e+01 2.419275e+01 3.472865e+01 3.673892e+01 1.432024e+01 1.577298e+01 2.241151e+01 1.508661e+01 2.129616e+01 1.358424e+01 2.538663e+01 8.865218e-01 1.281490e+00 8.905319e-01 1.476400e+00 1.342007e+00 1.520895e+00 1.171156e+00 1.306519e+00 1.785088e+00 1.329043e+00 1.704347e+00 1.027135e+00 1.274343e+00 1.227720e-01 1.802644e-01 1.520771e-01 2.192471e-01 1.688268e-01 2.591296e-01 1.799150e-01 1.954682e-01 2.790997e-01 2.397951e-01 3.125125e-01 1.807400e-01 1.497772e-01
<GCONST> 9.265458e+01
<STATE> 5
<MEAN> 39
 1.423288e-01 9.956831e+00 -1.061046e+00 1.166399e+01 8.363336e+00 -4.109753e-01 -2.698767e+00 4.874485e+00 3.292595e+00 -5.043470e+00 -5.959468e+00 -1.042917e+00 5.453315e+01 -3.085129e-01 1.570687e-01 -2.048656e-01 -2.781611e-01 2.576181e-03 -2.607004e-01 -2.703534e-01 -2.392118e-01 -1.618701e-01 8.733615e-02 4.972265e-04 -2.762966e-01 -3.107114e-01 1.151588e-01 -2.701016e-01 -7.414651e-02 -2.506089e-01 -3.358929e-01 2.295110e-02 -7.552155e-02 -1.241566e-01 -2.282934e-02 -7.012353e-02 1.606506e-01 2.972302e-01 1.928582e-01
<VARIANCE> 39
 3.573452e+01 3.020456e+01 3.241537e+01 3.706569e+01 3.941403e+01 2.773400e+01 2.250644e+01 9.870332e+01 3.892392e+01 3.274658e+01 3.215467e+01 2.421326e+01 1.121325e+02 1.663747e+00 3.203320e+00 3.287065e+00 3.064079e+00 5.326058e+00 2.726320e+00 2.636014e+00 4.348075e+00 3.915909e+00 2.943266e+00 2.759373e+00 3.072611e+00 1.458312e+00 2.629867e-01 3.625242e-01 6.326323e-01 4.022794e-01 6.915697e-01 6.063598e-01 5.134650e-01 8.021012e-01 7.065574e-01 6.104880e-01 3.885329e-01 4.331598e-01 1.844082e-01
<GCONST> 1.232514e+02
<TRANSP> 6
 0.000000e+00 8.440071e-01 1.559929e-01 0.000000e+00 0.000000e+00 0.000000e+00
 0.000000e+00 9.313172e-01 3.816558e-02 3.051728e-02 0.000000e+00 0.000000e+00
 0.000000e+00 0.000000e+00 9.579638e-01 0.000000e+00 4.203619e-02 0.000000e+00
 0.000000e+00 0.000000e+00 0.000000e+00 9.787505e-01 1.417723e-02 7.072269e-03
 0.000000e+00 0.000000e+00 0.000000e+00 0.000000e+00 8.975084e-01 1.024916e-01
 0.000000e+00 0.000000e+00 0.000000e+00 0.000000e+00 0.000000e+00 0.000000e+00
<ENDHMM>
