~o
<STREAMINFO> 1 36
<VECSIZE> 36<NULLD><LPC_D_A><DIAGC>
~h "dua"
<BEGINHMM>
<NUMSTATES> 8
<STATE> 2
<MEAN> 36
 -1.809283e+00 2.603163e+00 -3.663752e+00 4.089418e+00 -4.095052e+00 3.526625e+00 -2.671178e+00 1.731320e+00 -9.490362e-01 4.009538e-01 -1.392870e-01 7.600977e-02 -5.932419e-02 5.309825e-02 -9.619440e-02 1.281038e-01 -1.452617e-01 1.502018e-01 -1.360548e-01 1.195243e-01 -8.168490e-02 5.002306e-02 -2.367795e-02 9.571553e-03 1.018368e-03 7.054633e-03 -7.555863e-03 2.187820e-02 -3.183004e-02 3.800093e-02 -3.921805e-02 3.595008e-02 -2.911410e-02 1.736765e-02 -9.204459e-03 2.811386e-03
<VARIANCE> 36
 1.118369e+00 4.714304e+00 9.136212e+00 1.436458e+01 1.651276e+01 1.585893e+01 1.221098e+01 7.291930e+00 3.404860e+00 1.114896e+00 2.406393e-01 2.777281e-02 2.997916e-02 1.023869e-01 2.718685e-01 5.720215e-01 8.683933e-01 1.027139e+00 9.682378e-01 7.100183e-01 3.892899e-01 1.499299e-01 3.502702e-02 3.290910e-03 5.719353e-03 2.364553e-02 6.338883e-02 1.340983e-01 2.027054e-01 2.382027e-01 2.171678e-01 1.517246e-01 8.007177e-02 2.999301e-02 7.062620e-03 7.121881e-04
<GCONST> 2.068897e+01
<STATE> 3
<MEAN> 36
 -3.200771e+00 5.866929e+00 -8.497493e+00 1.035943e+01 -1.074803e+01 9.628955e+00 -7.679235e+00 5.313931e+00 -3.077909e+00 1.470346e+00 -5.621979e-01 1.607306e-01 -9.821758e-03 -1.177958e-01 5.191253e-01 -1.136158e+00 1.842384e+00 -2.405545e+00 2.573015e+00 -2.252789e+00 1.619933e+00 -9.156461e-01 3.680207e-01 -8.311557e-02 6.422129e-02 -2.079820e-01 4.069059e-01 -6.342384e-01 8.123187e-01 -8.931457e-01 8.522943e-01 -7.000537e-01 4.790948e-01 -2.647643e-01 1.086567e-01 -2.357838e-02
<VARIANCE> 36
 4.673105e-01 6.407346e+00 2.857919e+01 7.379664e+01 1.295603e+02 1.701376e+02 1.719570e+02 1.324430e+02 7.511747e+01 2.842171e+01 5.742423e+00 3.322873e-01 2.186278e-01 3.991060e+00 2.292130e+01 7.139441e+01 1.443478e+02 2.035348e+02 2.030702e+02 1.430729e+02 6.968601e+01 2.175752e+01 3.533418e+00 1.627674e-01 2.972145e-02 4.665626e-01 2.507707e+00 7.633444e+00 1.523947e+01 2.147878e+01 2.163832e+01 1.549564e+01 7.708673e+00 2.475186e+00 4.191511e-01 2.037449e-02
<GCONST> 1.463257e+02
<STATE> 4
<MEAN> 36
 -1.048826e+00 6.607243e-01 -6.339273e-01 -1.247895e-01 9.622926e-01 -1.796969e+00 2.157675e+00 -1.889366e+00 1.333047e+00 -6.935328e-01 1.786927e-01 2.021360e-02 -4.288403e-02 -3.862882e-02 5.047045e-02 -5.531659e-02 4.442829e-02 -2.740362e-02 9.913724e-03 2.369489e-02 -2.750597e-02 2.425401e-02 -1.629459e-02 1.487958e-02 1.611046e-02 1.798738e-02 -6.112582e-02 1.559138e-01 -2.565072e-01 3.230989e-01 -3.361295e-01 2.813387e-01 -1.997027e-01 1.069527e-01 -4.035333e-02 1.128336e-02
<VARIANCE> 36
 1.887565e+00 2.523812e+01 1.504255e+02 4.945782e+02 1.044792e+03 1.517339e+03 1.539967e+03 1.092459e+03 5.313809e+02 1.640686e+02 2.603406e+01 1.189517e+00 3.712168e-02 5.630048e-02 1.486319e-01 2.826534e-01 3.874764e-01 4.021394e-01 3.209337e-01 2.065902e-01 1.040591e-01 3.971783e-02 1.136371e-02 1.774362e-03 2.064647e-02 2.804865e-01 1.672912e+00 5.376598e+00 1.113152e+01 1.597106e+01 1.611544e+01 1.142581e+01 5.572293e+00 1.734605e+00 2.805842e-01 1.330443e-02
<GCONST> 9.857113e+01
<STATE> 5
<MEAN> 36
 -3.412315e+00 6.814335e+00 -1.082906e+01 1.456881e+01 -1.667728e+01 1.648224e+01 -1.436006e+01 1.083134e+01 -6.865803e+00 3.579813e+00 -1.439596e+00 3.572789e-01 -5.492916e-02 6.215475e-01 -2.007046e+00 4.007659e+00 -6.138455e+00 7.650544e+00 -7.883359e+00 6.738647e+00 -4.754056e+00 2.656931e+00 -1.052958e+00 2.231554e-01 1.115259e-01 -3.926493e-01 8.375263e-01 -1.400693e+00 1.912953e+00 -2.205022e+00 2.165354e+00 -1.804884e+00 1.258574e+00 -7.118770e-01 2.977087e-01 -6.681640e-02
<VARIANCE> 36
 5.822229e-01 9.041429e+00 4.536637e+01 1.300448e+02 2.480907e+02 3.330984e+02 3.204693e+02 2.201795e+02 1.057316e+02 3.348420e+01 5.803857e+00 2.945864e-01 2.632682e-01 6.188896e+00 4.081617e+01 1.362820e+02 2.882056e+02 4.181398e+02 4.234873e+02 2.994817e+02 1.452347e+02 4.472506e+01 7.099943e+00 3.228891e-01 2.665389e-02 5.831131e-01 3.680093e+00 1.193595e+01 2.484864e+01 3.574131e+01 3.601010e+01 2.540663e+01 1.235279e+01 3.843967e+00 6.205825e-01 2.846709e-02
<GCONST> 1.629230e+02
<STATE> 6
<MEAN> 36
 -1.779528e+00 2.358233e+00 -3.280936e+00 3.688286e+00 -3.724563e+00 3.258051e+00 -2.534742e+00 1.719570e+00 -9.664814e-01 4.302125e-01 -1.628683e-01 6.920256e-02 3.080917e-02 -1.340592e-01 2.373967e-01 -3.374557e-01 4.185487e-01 -4.533704e-01 4.292482e-01 -3.524079e-01 2.417999e-01 -1.401879e-01 6.159489e-02 -1.077282e-02 -9.864067e-03 4.965881e-02 -7.356171e-02 1.023911e-01 -1.164839e-01 1.136201e-01 -1.019181e-01 7.606583e-02 -5.413369e-02 3.224861e-02 -1.260226e-02 2.522499e-03
<VARIANCE> 36
 1.023511e+00 4.779500e+00 9.048611e+00 1.437081e+01 1.700565e+01 1.680250e+01 1.367708e+01 8.589815e+00 4.207820e+00 1.510410e+00 3.297116e-01 3.514328e-02 5.984395e-02 3.047754e-01 8.566050e-01 1.791430e+00 2.728972e+00 3.200801e+00 2.917547e+00 2.021190e+00 1.023824e+00 3.580654e-01 7.415260e-02 5.991750e-03 1.045333e-02 6.222830e-02 2.294831e-01 6.090244e-01 1.146891e+00 1.574528e+00 1.577896e+00 1.140727e+00 5.751192e-01 1.899013e-01 3.456790e-02 2.102650e-03
<GCONST> 5.220444e+01
<STATE> 7
<MEAN> 36
 -8.830558e-01 2.216503e-01 -3.899851e-01 3.596244e-01 -4.205979e-01 3.697565e-01 -3.251677e-01 2.548445e-01 -2.202711e-01 1.656119e-01 -1.437500e-01 1.311313e-01 7.856075e-03 7.646699e-03 -1.248712e-02 1.990818e-02 -1.892809e-02 2.816666e-02 -3.155477e-02 2.103987e-02 -2.031290e-02 1.344617e-02 -4.834856e-03 1.623202e-03 2.750142e-03 3.751102e-03 -3.712519e-03 3.932158e-03 -4.148454e-03 4.912684e-03 -3.279661e-03 2.893103e-03 -1.562085e-03 3.108225e-04 -2.366753e-04 -9.350657e-04
<VARIANCE> 36
 4.055616e-01 5.801067e-01 9.071604e-01 1.133225e+00 1.147165e+00 1.000672e+00 7.644815e-01 4.923174e-01 2.260086e-01 1.055279e-01 4.731080e-02 1.723429e-02 3.623866e-02 7.262012e-02 2.082271e-01 4.988553e-01 8.416605e-01 1.050969e+00 1.029853e+00 7.933441e-01 4.383804e-01 1.677717e-01 3.990231e-02 3.943576e-03 5.694880e-03 5.394698e-03 5.787831e-03 1.055791e-02 1.598132e-02 2.011091e-02 1.947180e-02 1.475946e-02 7.930397e-03 3.263274e-03 1.202310e-03 3.453334e-04
<GCONST> -2.838661e+01
<TRANSP> 8
 0.000000e+00 9.586772e-01 4.132277e-02 0.000000e+00 0.000000e+00 0.000000e+00 0.000000e+00 0.000000e+00
 0.000000e+00 5.638946e-01 3.383567e-02 4.022698e-01 0.000000e+00 0.000000e+00 0.000000e+00 0.000000e+00
 0.000000e+00 0.000000e+00 7.073805e-01 1.920361e-01 1.005835e-01 0.000000e+00 0.000000e+00 0.000000e+00
 0.000000e+00 0.000000e+00 0.000000e+00 8.490495e-03 4.427067e-02 9.472389e-01 0.000000e+00 0.000000e+00
 0.000000e+00 0.000000e+00 0.000000e+00 0.000000e+00 4.737015e-01 5.262985e-01 0.000000e+00 0.000000e+00
 0.000000e+00 0.000000e+00 0.000000e+00 0.000000e+00 0.000000e+00 4.979418e-01 5.020581e-01 0.000000e+00
 0.000000e+00 0.000000e+00 0.000000e+00 0.000000e+00 0.000000e+00 0.000000e+00 9.105674e-01 8.943261e-02
 0.000000e+00 0.000000e+00 0.000000e+00 0.000000e+00 0.000000e+00 0.000000e+00 0.000000e+00 0.000000e+00
<ENDHMM>
