~o
<STREAMINFO> 1 39
<VECSIZE> 39<NULLD><MFCC_D_A_0><DIAGC>
~h "empat"
<BEGINHMM>
<NUMSTATES> 6
<STATE> 2
<MEAN> 39
 -1.416573e+00 -5.574524e+00 2.646271e+00 -1.000148e+01 2.623261e+00 -1.179961e+01 1.683322e+01 -8.323998e+00 3.104641e+00 -1.033345e+01 -1.933156e+00 -4.587777e+00 7.200290e+01 6.831612e-02 1.571999e-01 6.375448e-02 1.344354e-01 2.358406e-01 1.329053e-01 -1.845221e-01 1.823365e-01 -6.424525e-02 -5.461291e-02 -1.122734e-01 -9.958763e-02 -1.391239e-01 -1.814118e-02 -4.152599e-02 -4.180294e-02 -5.477951e-02 -2.884893e-02 -2.185106e-02 1.918035e-02 -1.727647e-02 5.377933e-02 3.085505e-02 8.919166e-03 1.285938e-02 3.601113e-02
<VARIANCE> 39
 3.083088e+01 7.291901e+01 5.864190e+01 7.327800e+01 8.930224e+01 8.316697e+01 8.475237e+01 8.225989e+01 6.671565e+01 3.581573e+01 7.076470e+01 4.482972e+01 1.159117e+02 2.201714e+00 3.421361e+00 2.660724e+00 2.457829e+00 4.721742e+00 3.205149e+00 2.784648e+00 4.467716e+00 3.776841e+00 2.919826e+00 4.184466e+00 3.096049e+00 5.552427e+00 2.712261e-01 5.042183e-01 4.374498e-01 4.258290e-01 7.516270e-01 5.095026e-01 4.409009e-01 7.123469e-01 6.050559e-01 4.595684e-01 5.779154e-01 4.779284e-01 6.073258e-01
<GCONST> 1.330751e+02
<STATE> 3
<MEAN> 39
 -6.593761e+00 8.535908e+00 5.696668e-01 8.275067e+00 6.117908e+00 1.217742e+00 8.480176e-01 2.941262e+00 2.169990e+00 -3.415801e+00 -6.281421e+00 -5.889552e+00 6.347826e+01 -5.144854e-01 -1.347553e-01 -5.590314e-02 -1.970675e-01 -1.431246e-01 1.479113e-01 1.453113e-01 -8.888610e-02 1.520556e-02 1.718736e-01 1.248074e-01 5.977069e-02 -3.702482e-01 -3.450393e-02 -1.126888e-01 -7.019509e-02 -1.206389e-01 -1.152047e-01 -6.466581e-02 -3.295597e-02 -6.844884e-02 -4.550672e-02 3.761439e-02 1.288898e-01 1.086963e-01 3.565909e-02
<VARIANCE> 39
 2.244854e+01 3.025247e+01 1.985095e+01 2.752323e+01 2.822630e+01 2.963560e+01 2.151408e+01 3.937006e+01 1.802945e+01 1.267985e+01 1.948731e+01 1.957592e+01 2.215240e+01 9.257382e-01 7.782058e-01 7.811549e-01 9.132934e-01 1.051258e+00 9.844590e-01 1.035223e+00 9.394287e-01 1.157904e+00 9.281804e-01 1.091376e+00 1.148850e+00 5.239348e-01 1.946748e-01 1.151238e-01 1.210502e-01 1.367413e-01 1.829892e-01 2.026805e-01 1.816496e-01 1.595191e-01 2.129622e-01 1.774521e-01 1.778667e-01 1.998428e-01 1.636939e-01
<GCONST> 8.828153e+01
<STATE> 4
<MEAN> 39
 -2.160145e+00 4.138080e+00 -1.287719e+00 1.977989e+00 -3.035505e+00 -2.323948e+00 -1.025393e+00 1.343480e-01 1.153244e+00 -5.933304e+00 -2.664341e+00 1.544509e+00 5.891398e+01 5.598991e-01 -1.709569e-01 -2.606376e-01 -3.799726e-01 -4.576569e-01 -3.377061e-01 -1.433228e-01 -7.015209e-02 -7.754332e-04 -1.417794e-01 1.294377e-01 3.565172e-01 6.219087e-01 -1.784400e-02 -2.207786e-02 -1.528923e-02 9.673297e-03 1.963847e-02 1.633222e-02 -4.240092e-03 3.350934e-02 2.039866e-02 -2.431571e-02 -2.188054e-02 1.663557e-03 -1.731321e-02
<VARIANCE> 39
 6.530887e+01 6.370686e+01 3.907930e+01 5.541363e+01 8.045582e+01 6.231101e+01 3.553588e+01 6.846433e+01 6.429901e+01 5.600085e+01 4.231052e+01 6.013953e+01 1.878145e+02 5.874208e+00 5.222375e+00 4.030873e+00 4.617342e+00 6.515288e+00 4.867272e+00 3.179901e+00 4.226332e+00 5.411776e+00 3.677950e+00 4.138305e+00 4.555317e+00 6.603971e+00 8.455414e-01 8.500142e-01 6.794839e-01 8.253049e-01 1.041698e+00 8.839887e-01 6.331854e-01 8.093983e-01 9.302696e-01 6.663575e-01 7.691209e-01 7.372865e-01 8.819827e-01
<GCONST> 1.426605e+02
<STATE> 5
<MEAN> 39
 -2.551427e+00 5.827618e-01 -9.592533e+00 -5.733298e+00 -6.992283e+00 -5.301034e+00 -2.688808e+00 -6.867254e-01 2.103302e+00 -3.949435e+00 -3.277853e-01 5.403511e+00 6.955148e+01 -5.257536e-01 1.812945e-01 1.292608e-01 1.496188e-01 2.999934e-01 2.520554e-01 8.224405e-02 -1.375742e-01 -2.821143e-01 7.026298e-02 8.771416e-02 -1.086347e-01 -5.634649e-01 -3.719005e-02 4.854469e-02 6.630009e-02 4.892346e-02 4.139668e-02 2.162976e-03 8.271662e-03 4.700240e-03 -1.253106e-02 1.352198e-02 -8.472290e-03 -5.467653e-02 -3.240912e-02
<VARIANCE> 39
 4.932862e+01 4.059871e+01 5.580350e+01 3.472642e+01 4.250015e+01 3.252348e+01 1.670771e+01 4.078763e+01 4.749599e+01 3.428294e+01 1.874120e+01 5.593397e+01 6.951542e+01 7.801507e-01 8.305855e-01 1.318577e+00 1.170166e+00 1.176851e+00 1.369779e+00 1.344947e+00 1.482103e+00 1.697945e+00 1.132912e+00 1.140527e+00 1.438972e+00 8.206884e-01 1.047265e-01 1.425053e-01 2.158341e-01 1.857858e-01 1.975833e-01 2.423824e-01 2.555787e-01 2.928697e-01 3.089365e-01 2.265064e-01 2.476741e-01 2.603618e-01 1.058825e-01
<GCONST> 1.006167e+02
<TRANSP> 6
 0.000000e+00 7.026048e-01 2.973952e-01 0.000000e+00 0.000000e+00 0.000000e+00
 0.000000e+00 9.131059e-01 1.962646e-02 6.726769e-02 0.000000e+00 0.000000e+00
 0.000000e+00 0.000000e+00 9.247329e-01 7.526717e-02 0.000000e+00 0.000000e+00
 0.000000e+00 0.000000e+00 0.000000e+00 9.225674e-01 3.602315e-02 4.140944e-02
 0.000000e+00 0.000000e+00 0.000000e+00 0.000000e+00 9.503899e-01 4.961018e-02
 0.000000e+00 0.000000e+00 0.000000e+00 0.000000e+00 0.000000e+00 0.000000e+00
<ENDHMM>
