~o
<STREAMINFO> 1 39
<VECSIZE> 39<NULLD><MFCC_D_A_0><DIAGC>
~h "enam"
<BEGINHMM>
<NUMSTATES> 6
<STATE> 2
<MEAN> 39
 2.489638e+00 6.115772e+00 -1.497156e+00 7.157743e+00 3.073431e+00 -2.105696e-01 -7.618593e-01 4.599846e+00 4.182029e+00 -6.654266e+00 -3.567166e+00 2.155229e+00 5.635428e+01 2.256189e-01 1.781959e-01 8.465982e-02 4.869299e-02 -1.863645e-02 2.767660e-03 3.030640e-02 -2.701771e-02 1.635754e-02 -6.586343e-02 -2.281530e-01 -1.727035e-01 1.402271e-01 -1.865799e-02 -3.583230e-02 -1.482607e-02 1.921387e-03 -8.049076e-03 -5.542642e-02 -3.925254e-02 -2.376457e-02 -4.232707e-02 -1.471318e-02 2.726114e-03 -1.744903e-02 -1.899726e-02
<VARIANCE> 39
 4.404440e+01 5.019291e+01 2.832087e+01 6.436211e+01 8.890097e+01 5.244639e+01 4.595470e+01 8.832951e+01 5.301822e+01 3.641012e+01 5.365368e+01 7.241085e+01 1.162789e+02 1.862867e+00 3.196998e+00 2.552783e+00 4.662960e+00 6.346278e+00 3.269804e+00 3.701343e+00 2.857108e+00 2.981871e+00 2.803314e+00 4.224885e+00 5.430693e+00 1.836935e+00 2.306759e-01 4.506871e-01 4.270153e-01 6.536705e-01 7.829577e-01 5.947823e-01 6.012052e-01 4.864632e-01 5.525649e-01 5.038633e-01 6.308095e-01 7.564678e-01 2.354189e-01
<GCONST> 1.307472e+02
<STATE> 3
<MEAN> 39
 -1.811933e+00 9.576230e+00 1.211543e+00 1.052291e+01 7.868816e+00 -1.589434e+00 -7.275673e+00 -4.595942e+00 -4.502369e-01 -4.051040e+00 -4.172744e+00 -1.113076e+00 6.681218e+01 2.632290e-01 1.956931e-03 -9.464738e-02 -1.168998e-01 -2.941748e-02 -2.421948e-02 -2.088640e-01 -1.871084e-01 -1.344837e-01 -1.214072e-01 1.235753e-01 1.907509e-01 2.527444e-01 -2.533939e-02 -1.745448e-01 -1.312738e-01 -2.635340e-01 -2.537399e-01 1.015277e-02 2.234456e-01 7.579012e-02 5.955372e-03 3.545517e-02 1.694336e-01 1.288636e-01 7.782277e-02
<VARIANCE> 39
 7.537267e+00 2.948889e+01 1.483036e+01 1.931504e+01 4.423146e+01 5.511080e+01 2.124616e+01 2.891218e+01 1.797345e+01 1.848514e+01 1.676950e+01 1.883913e+01 1.170080e+01 3.933809e-01 7.529654e-01 9.486919e-01 1.269380e+00 1.244024e+00 9.497399e-01 1.642520e+00 7.187348e-01 8.587781e-01 8.384498e-01 1.029954e+00 1.078903e+00 4.064939e-01 7.163136e-02 1.199638e-01 1.610696e-01 1.809891e-01 1.921445e-01 2.028790e-01 2.473667e-01 1.467763e-01 1.538226e-01 1.632581e-01 1.822164e-01 2.286329e-01 6.849508e-02
<GCONST> 8.476162e+01
<STATE> 4
<MEAN> 39
 1.406107e+00 -5.039206e+00 2.993883e+00 -8.378382e+00 4.980485e+00 -1.663685e+01 1.646955e+01 -1.622242e+01 -2.956164e+00 -9.883197e+00 -4.100230e+00 -1.538254e+00 7.646653e+01 8.408175e-02 -3.272080e-01 -3.254784e-01 -4.942600e-01 -4.413936e-01 5.512977e-02 1.801209e-01 3.467568e-01 1.644014e-01 2.991909e-03 2.541334e-01 2.941900e-01 2.348286e-01 -3.450262e-02 3.066751e-02 4.497093e-02 3.915053e-02 2.587199e-02 2.321483e-02 -5.673615e-02 3.410902e-02 5.784154e-02 5.055061e-03 -5.808504e-02 -3.759706e-02 -3.338724e-02
<VARIANCE> 39
 2.075280e+01 6.782631e+01 5.094415e+01 7.232536e+01 8.802676e+01 1.348512e+02 1.739375e+02 1.124942e+02 4.770842e+01 5.655558e+01 7.184956e+01 6.603374e+01 6.014758e+01 9.593387e-01 3.270540e+00 2.555036e+00 3.500786e+00 3.950331e+00 2.879341e+00 3.999580e+00 2.650728e+00 2.199941e+00 2.046747e+00 4.353955e+00 3.242195e+00 2.159943e+00 1.562175e-01 4.246520e-01 3.773116e-01 5.026516e-01 5.223476e-01 4.815251e-01 5.856715e-01 4.157463e-01 3.378318e-01 3.497101e-01 6.760058e-01 4.269350e-01 2.822828e-01
<GCONST> 1.281012e+02
<STATE> 5
<MEAN> 39
 -1.097156e+00 4.975283e+00 -4.521084e+00 -1.804431e-01 -3.967420e-01 -2.555444e+00 8.642688e-01 2.970724e+00 1.546370e+00 -6.322626e+00 -3.000491e+00 7.478707e-01 7.030769e+01 -3.002362e-01 5.856480e-02 1.501735e-01 1.875676e-01 9.210633e-02 -3.182933e-02 -5.187480e-02 -3.197495e-02 -5.448339e-02 3.622088e-02 -1.232255e-01 -1.767025e-01 -3.402247e-01 -3.366987e-03 2.788728e-03 1.700187e-02 2.815359e-02 1.055569e-02 -2.680702e-02 -3.715452e-02 -6.009220e-02 -4.361720e-02 1.313189e-03 3.494212e-02 3.749720e-03 -2.945892e-03
<VARIANCE> 39
 3.512448e+01 5.327253e+01 4.521589e+01 6.048853e+01 6.632535e+01 5.207347e+01 3.032359e+01 5.654208e+01 3.005842e+01 3.535117e+01 2.757695e+01 5.188872e+01 6.324655e+01 4.046294e-01 7.879447e-01 7.802965e-01 1.422151e+00 1.729254e+00 1.252899e+00 1.209051e+00 1.389221e+00 1.364645e+00 1.382959e+00 1.259742e+00 1.552802e+00 4.594762e-01 4.618908e-02 8.941964e-02 1.059129e-01 2.168323e-01 2.576509e-01 2.097729e-01 1.924884e-01 2.088892e-01 2.344177e-01 2.488993e-01 2.114585e-01 2.319629e-01 5.336992e-02
<GCONST> 9.770077e+01
<TRANSP> 6
 0.000000e+00 7.963786e-01 2.036214e-01 0.000000e+00 0.000000e+00 0.000000e+00
 0.000000e+00 9.214225e-01 2.691553e-02 5.166192e-02 0.000000e+00 0.000000e+00
 0.000000e+00 0.000000e+00 9.134554e-01 7.529473e-02 1.124988e-02 0.000000e+00
 0.000000e+00 0.000000e+00 0.000000e+00 9.128040e-01 4.314919e-02 4.404682e-02
 0.000000e+00 0.000000e+00 0.000000e+00 0.000000e+00 9.627230e-01 3.727697e-02
 0.000000e+00 0.000000e+00 0.000000e+00 0.000000e+00 0.000000e+00 0.000000e+00
<ENDHMM>
