~o
<STREAMINFO> 1 39
<VECSIZE> 39<NULLD><MFCC_D_A_0><DIAGC>
~h "kali"
<BEGINHMM>
<NUMSTATES> 6
<STATE> 2
<MEAN> 39
 -3.266078e+00 -1.521750e+00 1.108021e+00 3.590526e+00 1.687629e-01 -2.608902e+00 -2.174434e+00 -4.221833e+00 -2.393916e+00 -6.737397e+00 2.338559e+00 2.108202e+00 6.152070e+01 4.237476e-01 4.483083e-02 -1.254519e-01 1.625969e-02 -4.422083e-02 -2.673973e-01 -1.895203e-01 7.795366e-02 2.322305e-01 9.984511e-02 -9.984003e-02 -4.028614e-03 4.046901e-01 -2.708876e-02 1.389134e-02 -6.887132e-03 -5.511386e-02 -4.488936e-02 8.353719e-04 2.687679e-02 5.038865e-02 6.410510e-02 -1.523143e-02 -1.025950e-02 3.814010e-02 -9.152058e-03
<VARIANCE> 39
 9.196389e+01 6.115247e+01 8.379914e+01 1.576333e+02 8.726369e+01 7.178625e+01 9.625188e+01 3.964957e+01 5.160692e+01 5.901274e+01 3.219622e+01 3.444349e+01 9.379560e+01 4.992351e+00 5.433784e+00 4.983082e+00 5.233564e+00 4.918166e+00 5.973258e+00 5.252461e+00 3.773142e+00 5.729042e+00 3.347271e+00 3.383400e+00 3.154969e+00 3.214403e+00 6.519891e-01 9.821925e-01 8.109262e-01 8.381297e-01 8.760089e-01 1.159097e+00 1.062857e+00 7.111549e-01 1.093222e+00 6.319171e-01 6.236839e-01 5.376386e-01 5.247154e-01
<GCONST> 1.425778e+02
<STATE> 3
<MEAN> 39
 3.175077e+00 -4.447703e+00 -5.285972e+00 -1.228613e+01 -6.875038e+00 -1.171564e+01 6.867855e+00 -7.390450e+00 1.967463e-01 -8.539998e+00 -6.435799e-01 -1.847423e-01 8.051778e+01 3.048331e-02 2.894489e-01 4.612452e-01 7.176062e-01 4.174313e-01 -2.523756e-01 -3.055273e-01 -4.403749e-01 -8.979692e-01 -3.795246e-01 -5.973066e-02 1.760925e-01 -2.925902e-01 -8.181337e-02 3.537803e-02 1.210095e-01 1.341482e-01 1.568967e-01 1.350382e-02 -2.729551e-02 -6.027657e-02 -1.234551e-01 -1.914552e-02 2.230686e-02 -9.210785e-02 -6.717880e-02
<VARIANCE> 39
 2.844714e+00 1.045378e+02 3.869388e+01 3.529846e+01 4.092189e+01 4.015025e+01 1.817359e+02 6.462635e+01 5.587146e+01 4.104424e+01 6.043140e+01 7.521712e+01 1.662523e+01 2.072661e-01 3.484115e-01 7.412768e-01 1.068757e+00 1.183533e+00 1.464764e+00 1.343160e+00 1.517377e+00 2.657717e+00 1.437364e+00 1.745187e+00 1.829903e+00 2.070164e-01 5.960317e-02 7.702085e-02 1.284549e-01 1.569304e-01 1.846310e-01 2.556098e-01 3.051366e-01 2.737800e-01 3.918360e-01 2.513968e-01 3.056402e-01 3.227049e-01 3.282506e-02
<GCONST> 9.679101e+01
<STATE> 4
<MEAN> 39
 -4.057842e-02 1.124504e+00 -1.843966e+00 1.161731e+01 7.768587e+00 -4.997833e+00 -7.840381e+00 4.282906e-01 -3.181824e+00 -3.578951e+00 2.260864e+00 2.001731e+00 6.199296e+01 -2.176085e-01 7.171658e-02 3.427246e-01 1.220465e-01 1.172298e-01 1.135435e-01 5.318537e-02 1.339236e-01 2.610609e-01 6.911973e-03 -2.665014e-01 -2.387370e-01 -1.171933e-01 -1.478984e-02 -2.039328e-02 3.042357e-03 -6.163085e-02 -6.903999e-02 6.056369e-02 5.322402e-02 -1.428663e-02 6.362421e-02 3.308091e-03 4.815741e-03 4.073615e-02 1.585541e-02
<VARIANCE> 39
 4.417609e+01 6.767197e+01 5.401911e+01 6.195634e+01 4.796457e+01 4.246149e+01 3.851245e+01 3.528333e+01 4.999264e+01 3.414997e+01 4.774277e+01 3.171198e+01 1.222940e+02 1.446694e+00 2.766477e+00 2.507943e+00 2.927839e+00 3.577541e+00 2.111748e+00 3.313067e+00 2.006063e+00 2.542138e+00 1.727065e+00 2.079551e+00 1.929801e+00 1.255515e+00 1.757662e-01 4.385971e-01 3.734924e-01 3.573974e-01 4.545939e-01 4.049056e-01 6.164866e-01 3.567329e-01 4.658211e-01 3.101346e-01 3.974565e-01 3.190911e-01 1.700958e-01
<GCONST> 1.190397e+02
<STATE> 5
<MEAN> 39
 -6.841408e+00 -4.022927e-01 5.274000e+00 1.962183e+00 3.883632e+00 -1.634091e+01 -1.410814e+00 -1.205069e+01 -5.360914e+00 -9.775337e+00 -4.231656e+00 -5.768261e+00 7.170031e+01 -3.455901e-01 3.399549e-02 9.489605e-02 -8.259539e-02 1.550358e-01 6.113422e-02 -5.415735e-02 1.683918e-01 3.485601e-01 2.125338e-01 1.310557e-01 -3.665389e-02 -1.924358e-01 3.763334e-02 -4.172185e-03 -2.456291e-02 -4.965559e-02 -5.890157e-02 -4.808956e-03 2.207736e-02 4.040553e-02 1.999721e-02 2.416165e-02 -8.618489e-03 3.155240e-02 1.490613e-02
<VARIANCE> 39
 4.474607e+01 7.378039e+01 8.026202e+01 6.120539e+01 5.313961e+01 1.330329e+02 1.005205e+02 7.757554e+01 3.624709e+01 2.664746e+01 3.201067e+01 2.138378e+01 6.318433e+01 1.188008e+00 1.165282e+00 1.238894e+00 2.313315e+00 1.882541e+00 4.275779e+00 2.139584e+00 2.297673e+00 2.411933e+00 1.498125e+00 2.765461e+00 1.762981e+00 8.944744e-01 1.516373e-01 1.881103e-01 1.455897e-01 2.418430e-01 2.550039e-01 6.130859e-01 3.487029e-01 4.179988e-01 4.741584e-01 3.104668e-01 4.790167e-01 2.988839e-01 1.315942e-01
<GCONST> 1.148928e+02
<TRANSP> 6
 0.000000e+00 8.600702e-01 1.399297e-01 0.000000e+00 0.000000e+00 0.000000e+00
 0.000000e+00 9.259968e-01 3.874034e-02 3.526285e-02 0.000000e+00 0.000000e+00
 0.000000e+00 0.000000e+00 9.339569e-01 2.239486e-02 4.364835e-02 0.000000e+00
 0.000000e+00 0.000000e+00 0.000000e+00 9.164905e-01 1.357580e-27 8.350955e-02
 0.000000e+00 0.000000e+00 0.000000e+00 0.000000e+00 9.691845e-01 3.081551e-02
 0.000000e+00 0.000000e+00 0.000000e+00 0.000000e+00 0.000000e+00 0.000000e+00
<ENDHMM>
