~o
<STREAMINFO> 1 39
<VECSIZE> 39<NULLD><MFCC_D_A_0><DIAGC>
~h "kurang"
<BEGINHMM>
<NUMSTATES> 6
<STATE> 2
<MEAN> 39
 2.854430e+00 -1.357545e+00 3.928102e+00 7.898093e-01 -9.655957e+00 6.341913e+00 -8.199656e+00 2.911970e+00 9.898806e+00 -1.869308e+01 -6.584247e+00 1.095161e+01 5.352659e+01 7.368002e-01 -1.523590e-01 -3.011407e-02 1.344866e-01 8.256534e-01 1.169764e+00 -1.054608e+00 -6.430322e-01 1.532530e+00 -4.034528e-01 -9.251648e-01 1.582398e+00 5.606638e-01 2.701818e-02 9.914111e-02 7.650007e-02 -7.415814e-02 -2.613068e-01 -1.718277e-01 9.713169e-02 1.388574e-01 7.109258e-02 8.818068e-02 9.223431e-02 2.542965e-03 -1.533888e-02
<VARIANCE> 39
 2.615137e+01 4.150876e+01 6.268449e+01 3.182771e+01 1.084550e+02 5.876068e+01 5.282763e+01 5.385912e+01 5.921150e+01 4.357063e+01 3.995862e+01 5.415599e+01 2.680582e+01 2.525175e+00 4.309799e+00 8.295331e+00 3.926899e+00 9.785304e+00 3.247251e+00 3.686089e+00 5.032119e+00 5.475777e+00 5.789839e+00 4.262595e+00 4.103935e+00 2.385393e+00 5.937209e-01 8.363120e-01 1.729625e+00 7.872411e-01 2.035777e+00 8.424811e-01 8.795544e-01 9.286051e-01 1.153091e+00 1.419667e+00 9.860749e-01 9.869947e-01 5.706377e-01
<GCONST> 1.410903e+02
<STATE> 3
<MEAN> 39
 6.821751e+00 1.469997e+00 3.807995e+00 2.331344e+00 -9.008473e+00 8.263430e+00 -6.793489e+00 2.290848e+00 1.806173e+01 -1.283006e+01 -7.347719e+00 1.866382e+01 5.481014e+01 -2.889797e-01 9.446543e-01 -1.622550e-01 8.429499e-01 1.297447e-01 -1.040603e+00 2.055425e+00 9.372932e-01 -6.585142e-01 2.216586e+00 4.952306e-01 -1.650035e+00 -6.727931e-01 -2.123373e-01 2.025866e-01 -3.324911e-01 2.466520e-01 8.032395e-01 -1.648041e-01 -5.812723e-02 1.596673e-01 -2.667468e-01 2.106154e-01 -6.975719e-02 -6.217880e-01 -2.791449e-01
<VARIANCE> 39
 2.971630e+00 1.296115e+01 8.913108e+00 1.075033e+01 3.326396e+01 1.548640e+01 5.659581e+01 1.567505e+01 2.519658e+01 5.107809e+01 1.906339e+01 3.357647e+01 5.151423e+00 3.430320e-01 1.468058e+00 9.871792e-01 8.944867e-01 5.569401e+00 1.864130e+00 3.791792e+00 1.730765e+00 2.525524e+00 2.465485e+00 3.314480e+00 3.010936e+00 5.799069e-01 9.282182e-02 2.414787e-01 1.281094e-01 2.858766e-01 3.185297e-01 4.260694e-01 1.221970e+00 3.609451e-01 8.983729e-01 7.483993e-01 7.222171e-01 5.147186e-01 6.112354e-02
<GCONST> 1.010774e+02
<STATE> 4
<MEAN> 39
 3.743798e+00 1.188291e+01 -7.871232e-01 1.030058e+01 6.280826e+00 -1.012030e+00 -3.210393e+00 1.085167e+01 1.345815e+01 -2.191707e+00 -8.633678e+00 1.044818e+00 4.777468e+01 -3.609949e-01 8.011491e-01 -9.745089e-02 5.713114e-01 1.292832e+00 -4.124532e-01 1.174537e-02 3.807754e-01 -5.214874e-01 4.068817e-01 -1.891214e-01 -1.407437e+00 -5.624190e-01 -2.194659e-02 -3.085561e-01 1.613829e-01 -1.798105e-01 -4.467189e-01 3.125604e-01 8.494861e-02 -3.201521e-01 -1.106303e-01 -1.962890e-01 1.453678e-01 3.799154e-01 1.274579e-01
<VARIANCE> 39
 5.598618e+00 1.588945e+01 1.417219e+01 1.265732e+01 2.930878e+01 3.474970e+01 1.692536e+01 3.524426e+01 2.886259e+01 2.395403e+01 2.927466e+01 4.989076e+01 5.874323e+00 5.029894e-01 1.130737e+00 1.910530e+00 1.796064e+00 3.381984e+00 4.382568e+00 2.018805e+00 4.237413e+00 3.478124e+00 3.420868e+00 3.667546e+00 5.085681e+00 3.990733e-01 7.883856e-02 3.397135e-01 3.331340e-01 2.941531e-01 7.095730e-01 7.702852e-01 4.688474e-01 8.292951e-01 8.048496e-01 6.505551e-01 8.498898e-01 8.806196e-01 7.823078e-02
<GCONST> 1.092863e+02
<STATE> 5
<MEAN> 39
 -4.932955e-01 4.243484e+00 1.285885e+00 7.986094e+00 -6.624137e-02 2.819556e+00 -2.645012e+00 4.202867e+00 5.625637e+00 -5.912432e+00 -3.022856e+00 4.010940e+00 4.798477e+01 3.900546e-03 -1.744778e+00 2.662523e-01 -4.307680e-01 -1.494643e+00 3.676964e-01 -5.753039e-01 -1.164207e+00 -8.268283e-01 -9.590003e-01 8.852748e-01 8.740768e-01 6.952912e-01 9.970228e-02 8.909686e-02 2.987605e-02 3.254275e-02 -2.411322e-02 -1.361608e-01 -7.882996e-02 1.183470e-01 1.687216e-01 -6.284826e-02 -1.102293e-01 1.059304e-02 4.167850e-02
<VARIANCE> 39
 3.828586e+01 1.366078e+02 5.694864e+01 3.295494e+01 9.466507e+01 6.047399e+01 7.929156e+01 6.010428e+01 7.173296e+01 7.402944e+01 5.746452e+01 4.678632e+01 3.768288e+01 2.333465e+00 1.100225e+01 6.145934e+00 3.427970e+00 9.073197e+00 5.591904e+00 6.383580e+00 6.227899e+00 5.669093e+00 6.306896e+00 4.932345e+00 5.367533e+00 2.521327e+00 3.322655e-01 2.153152e+00 1.300841e+00 6.032061e-01 1.657794e+00 1.017754e+00 1.204050e+00 1.190293e+00 8.145850e-01 1.187561e+00 9.142969e-01 1.064169e+00 4.931044e-01
<GCONST> 1.462201e+02
<TRANSP> 6
 0.000000e+00 9.500028e-01 4.999726e-02 0.000000e+00 0.000000e+00 0.000000e+00
 0.000000e+00 8.957989e-01 1.042011e-01 0.000000e+00 0.000000e+00 0.000000e+00
 0.000000e+00 0.000000e+00 8.502868e-01 1.497132e-01 0.000000e+00 0.000000e+00
 0.000000e+00 0.000000e+00 0.000000e+00 8.928919e-01 9.642374e-02 1.068432e-02
 0.000000e+00 0.000000e+00 0.000000e+00 0.000000e+00 8.955278e-01 1.044722e-01
 0.000000e+00 0.000000e+00 0.000000e+00 0.000000e+00 0.000000e+00 0.000000e+00
<ENDHMM>
