~o
<STREAMINFO> 1 39
<VECSIZE> 39<NULLD><MFCC_D_A_0><DIAGC>
~h "lima"
<BEGINHMM>
<NUMSTATES> 6
<STATE> 2
<MEAN> 39
 2.005478e+00 5.225295e+00 -2.982936e-01 1.027208e+01 4.401803e+00 -4.160807e+00 -3.255939e+00 3.304844e+00 1.117277e+00 -7.013952e+00 -1.045910e+00 5.363755e-01 5.712526e+01 2.274817e-01 1.413258e-01 4.118235e-02 1.387157e-01 7.440379e-02 -3.015349e-01 -2.184367e-01 4.421300e-02 8.067846e-03 -6.476521e-02 -1.090298e-01 -4.391697e-02 1.964565e-01 -5.294116e-02 -2.973232e-02 -9.154554e-03 -9.035251e-02 -4.278926e-02 4.247697e-02 2.579246e-02 3.279011e-02 4.236017e-02 -1.036258e-02 4.475804e-03 3.310536e-02 -3.217972e-02
<VARIANCE> 39
 4.397820e+01 5.057040e+01 5.439503e+01 8.153390e+01 7.189293e+01 5.633410e+01 6.900704e+01 1.112141e+02 7.260568e+01 4.839706e+01 5.128053e+01 6.169678e+01 1.074703e+02 2.114626e+00 3.198877e+00 3.746473e+00 3.903099e+00 5.276703e+00 4.496731e+00 5.499601e+00 3.823009e+00 4.022562e+00 3.848609e+00 3.823496e+00 4.046929e+00 2.373270e+00 3.104132e-01 5.089518e-01 5.947418e-01 5.053177e-01 7.820365e-01 8.116586e-01 8.994591e-01 6.074420e-01 7.795972e-01 6.728064e-01 6.849721e-01 6.122335e-01 3.250043e-01
<GCONST> 1.363400e+02
<STATE> 3
<MEAN> 39
 3.442799e-01 -7.272403e+00 7.946210e+00 -1.088388e+01 5.704937e+00 -2.153382e+01 1.857761e+01 -1.539458e+01 -4.065269e+00 -1.118102e+01 -7.011462e+00 -3.746696e+00 7.776163e+01 1.591404e-02 -2.031373e-01 -1.267719e-01 -1.753520e-01 -1.483953e-01 1.985930e-01 1.350664e-01 6.094462e-02 1.019941e-01 -2.347342e-02 1.567754e-01 2.188638e-01 1.080288e-02 -2.216812e-02 5.751540e-03 -2.744604e-03 9.734684e-03 1.807572e-02 1.906439e-02 -8.828452e-03 -8.658002e-03 2.446738e-02 2.513364e-02 3.071244e-02 5.099673e-03 -2.094014e-02
<VARIANCE> 39
 2.588825e+01 5.717188e+01 6.160406e+01 8.456673e+01 9.981081e+01 1.736432e+02 1.076698e+02 6.691791e+01 4.965643e+01 3.559242e+01 5.490016e+01 5.653347e+01 4.553596e+01 8.151453e-01 2.885361e+00 2.066981e+00 2.710922e+00 4.250667e+00 4.225005e+00 3.076005e+00 4.197245e+00 2.851607e+00 2.706224e+00 3.373374e+00 3.053079e+00 2.256658e+00 1.359818e-01 3.989125e-01 2.877240e-01 3.719223e-01 6.465813e-01 6.430372e-01 4.327283e-01 7.079999e-01 5.769585e-01 5.107331e-01 5.939606e-01 5.303768e-01 2.905731e-01
<GCONST> 1.279059e+02
<STATE> 4
<MEAN> 39
 -2.115731e+00 7.697763e+00 1.820071e+00 1.043572e+01 7.299005e+00 -5.447672e+00 -8.864403e+00 -2.451823e+00 -1.764586e+00 -4.053552e+00 -1.719432e+00 -3.673433e+00 6.836962e+01 2.825294e-01 5.117870e-02 -4.780497e-01 -7.697902e-01 -5.384771e-01 -2.177980e-02 3.957821e-01 3.768478e-01 2.883951e-01 -1.864226e-02 -7.249882e-02 1.717084e-01 1.721181e-01 1.840620e-02 -1.017958e-01 -6.739832e-02 -1.249956e-01 -1.505734e-01 -2.978558e-03 1.060250e-01 2.952593e-02 -2.206134e-02 -2.830468e-02 1.126127e-01 1.619912e-01 6.751116e-02
<VARIANCE> 39
 1.409379e+01 5.913379e+01 4.312691e+01 7.026289e+01 7.622836e+01 3.408130e+01 3.604367e+01 3.689828e+01 3.041432e+01 2.500311e+01 2.759139e+01 2.620638e+01 2.312046e+01 4.854757e-01 1.279758e+00 1.582141e+00 2.632284e+00 2.824967e+00 2.390226e+00 2.265133e+00 1.595930e+00 1.286907e+00 1.322080e+00 2.180314e+00 2.519816e+00 6.382861e-01 7.344784e-02 1.372504e-01 2.054598e-01 2.980331e-01 3.230798e-01 3.846105e-01 3.530534e-01 2.461893e-01 2.174553e-01 2.457588e-01 2.961725e-01 2.929593e-01 6.436144e-02
<GCONST> 1.037292e+02
<STATE> 5
<MEAN> 39
 -7.150221e-01 3.355940e+00 -5.973490e+00 -3.291225e+00 -3.850307e+00 -4.579537e+00 8.463038e-01 2.893324e+00 2.401457e-01 -7.393723e+00 2.932186e-01 4.144176e+00 7.026943e+01 -3.858462e-01 -9.800707e-02 4.253152e-02 2.002084e-04 -2.639842e-03 2.668709e-01 1.002338e-01 -1.513318e-01 -7.408468e-02 4.347165e-02 2.356238e-02 1.163184e-01 -2.840124e-01 -5.044328e-02 8.283377e-02 7.119634e-02 1.160931e-01 1.197841e-01 1.166294e-02 -8.798425e-02 -6.580956e-02 1.426472e-02 5.076378e-02 -8.955016e-02 -1.563890e-01 -7.765397e-02
<VARIANCE> 39
 3.804958e+01 5.705010e+01 5.822062e+01 4.647387e+01 4.958453e+01 4.385803e+01 3.417402e+01 6.272049e+01 3.822595e+01 3.718298e+01 3.552810e+01 3.982652e+01 6.837411e+01 6.471323e-01 1.177739e+00 9.275685e-01 1.262459e+00 1.475830e+00 1.281993e+00 1.476086e+00 1.245099e+00 1.724338e+00 1.792873e+00 1.437068e+00 1.912828e+00 1.085927e+00 9.284544e-02 1.486918e-01 1.668270e-01 2.428376e-01 2.743485e-01 2.517731e-01 2.748880e-01 2.814595e-01 2.781910e-01 3.109887e-01 2.733409e-01 3.101303e-01 1.099088e-01
<GCONST> 1.048680e+02
<TRANSP> 6
 0.000000e+00 8.000371e-01 1.999629e-01 0.000000e+00 0.000000e+00 0.000000e+00
 0.000000e+00 9.237927e-01 9.241879e-03 6.696548e-02 0.000000e+00 0.000000e+00
 0.000000e+00 0.000000e+00 9.621751e-01 0.000000e+00 3.782492e-02 0.000000e+00
 0.000000e+00 0.000000e+00 0.000000e+00 9.255590e-01 5.641453e-02 1.802643e-02
 0.000000e+00 0.000000e+00 0.000000e+00 0.000000e+00 9.262003e-01 7.379970e-02
 0.000000e+00 0.000000e+00 0.000000e+00 0.000000e+00 0.000000e+00 0.000000e+00
<ENDHMM>
