~o
<STREAMINFO> 1 39
<VECSIZE> 39<NULLD><MFCC_D_A_0><DIAGC>
~h "puluh"
<BEGINHMM>
<NUMSTATES> 6
<STATE> 2
<MEAN> 39
 -3.870085e+00 3.000019e+00 -4.239619e+00 2.246840e+00 -3.717848e+00 -5.216081e+00 -4.988133e+00 3.578201e+00 3.424064e+00 -2.384740e+00 -2.814516e+00 4.432349e-01 5.423857e+01 5.695906e-01 -3.340062e-01 5.572913e-01 5.970606e-01 5.726796e-01 5.904711e-01 -3.132011e-01 -9.556381e-02 1.427814e-01 -7.616795e-02 4.178407e-01 -1.378777e-01 6.336269e-01 3.037103e-01 2.597939e-01 1.475517e-01 1.030133e-01 -1.193734e-01 -3.850087e-01 -2.166175e-01 3.366146e-01 2.902143e-01 -2.292595e-01 -3.350894e-01 -3.695901e-02 1.359156e-01
<VARIANCE> 39
 2.905188e+01 8.439609e+01 3.223013e+01 5.050726e+01 2.426063e+01 4.128323e+01 2.626442e+01 1.742391e+01 1.418427e+01 2.648015e+01 1.622039e+01 1.352036e+01 1.369767e+02 4.486301e+00 1.219597e+01 4.392353e+00 4.688069e+00 3.110546e+00 5.233581e+00 2.800795e+00 4.801886e+00 2.841295e+00 4.534583e+00 2.813211e+00 2.670385e+00 5.239611e+00 4.696130e-01 2.650770e+00 7.576253e-01 8.158869e-01 4.363288e-01 1.074868e+00 6.945587e-01 7.875188e-01 5.240791e-01 7.793811e-01 5.703367e-01 6.055287e-01 7.598499e-01
<GCONST> 1.309399e+02
<STATE> 3
<MEAN> 39
 8.007687e+00 4.387957e+00 -4.648914e-01 5.819342e+00 -3.870200e+00 -1.204414e-01 -5.957546e+00 5.767083e+00 9.314518e+00 -1.131404e+01 -9.105981e+00 1.080778e+00 5.493695e+01 -5.281278e-02 2.129598e-01 -2.946298e-01 -7.198805e-02 2.822421e-01 -1.623643e-01 2.559272e-01 5.514513e-01 -1.307854e-01 -1.342876e-02 2.573470e-01 -2.338767e-03 -1.748969e-01 -1.073766e-01 -4.327732e-02 -1.092660e-01 -4.202588e-02 -1.154733e-02 -3.033180e-02 1.755494e-01 9.578527e-03 -1.348800e-01 2.005167e-01 1.517892e-01 -4.211766e-02 -7.877384e-02
<VARIANCE> 39
 1.251498e+01 1.925536e+01 7.810500e+01 2.104815e+01 8.227824e+01 4.448367e+01 3.448102e+01 4.953392e+01 6.104649e+01 3.814664e+01 4.196433e+01 4.653034e+01 1.745410e+01 1.051527e+00 2.951025e+00 1.024104e+01 2.534831e+00 1.228868e+01 6.038489e+00 4.409444e+00 5.402116e+00 9.484772e+00 4.132975e+00 5.837067e+00 5.095213e+00 1.032744e+00 1.988578e-01 5.846327e-01 1.727919e+00 6.136984e-01 2.330381e+00 1.286489e+00 6.814331e-01 1.033660e+00 1.962479e+00 8.209407e-01 1.146561e+00 8.949019e-01 2.097026e-01
<GCONST> 1.349592e+02
<STATE> 4
<MEAN> 39
 -5.754149e-01 5.024683e+00 -3.082493e+00 5.268394e+00 2.366697e+00 -7.059056e+00 -8.172986e+00 5.915134e+00 4.572130e+00 -3.215310e+00 -6.914280e+00 -4.039964e+00 6.799837e+01 -2.739427e-01 -5.089899e-02 -8.300154e-02 -1.501254e-01 1.691534e-02 2.999617e-01 1.557535e-01 -1.570571e-01 -6.653105e-02 5.136519e-02 -1.775118e-02 2.498332e-02 -2.078011e-01 -4.112751e-02 -2.298427e-02 -2.439329e-02 -1.786615e-02 -8.702159e-03 5.575059e-02 5.596545e-02 -3.478102e-02 -4.267413e-03 2.365573e-02 2.470505e-02 3.005629e-02 -2.695790e-02
<VARIANCE> 39
 2.409149e+01 3.014948e+01 4.714229e+01 1.796632e+01 5.681487e+01 2.909909e+01 7.612680e+01 2.348860e+01 2.142799e+01 2.698657e+01 2.454696e+01 2.244823e+01 3.503944e+01 3.490178e-01 6.474113e-01 2.037438e+00 1.079554e+00 2.256325e+00 2.407829e+00 1.678477e+00 1.903877e+00 1.506762e+00 1.136099e+00 1.437034e+00 1.112997e+00 3.652873e-01 3.535148e-02 1.229833e-01 2.937072e-01 1.766760e-01 2.613639e-01 4.280094e-01 3.071086e-01 3.595667e-01 2.659639e-01 2.099116e-01 2.212808e-01 1.776934e-01 3.454493e-02
<GCONST> 9.601225e+01
<STATE> 5
<MEAN> 39
 -3.125054e+00 8.359643e+00 -5.391749e+00 -1.758807e+00 -4.772058e+00 -7.653102e-01 3.718780e+00 9.351352e+00 3.794432e+00 -2.197780e+00 -3.671117e-01 1.848250e-01 4.717033e+01 -5.124305e-01 -1.894938e-01 -4.257697e-02 -2.705413e-01 -1.436411e-01 -1.511568e-01 -6.973049e-02 -4.903131e-01 -3.058205e-01 1.799300e-01 7.293755e-02 -1.405724e-01 -2.429489e-01 2.294844e-02 -7.236148e-02 1.217047e-01 3.569992e-02 -7.933164e-03 -1.595952e-02 -1.731981e-01 -1.209601e-01 -2.799972e-02 -1.953167e-01 -6.066416e-02 7.348127e-02 8.081462e-02
<VARIANCE> 39
 4.040487e+01 5.660035e+01 4.874573e+01 4.717957e+01 5.861941e+01 5.328947e+01 5.296426e+01 4.033504e+01 3.674894e+01 6.169160e+01 2.621558e+01 3.024567e+01 6.898383e+01 1.949384e+00 5.948944e+00 5.077814e+00 5.765458e+00 4.238386e+00 4.632737e+00 6.889939e+00 3.732995e+00 4.010554e+00 7.628534e+00 3.427909e+00 4.300077e+00 2.331194e+00 2.425150e-01 1.149292e+00 9.177818e-01 1.065684e+00 6.233807e-01 9.483562e-01 1.322408e+00 8.103833e-01 8.933726e-01 1.301893e+00 7.664263e-01 9.526637e-01 3.293672e-01
<GCONST> 1.374819e+02
<TRANSP> 6
 0.000000e+00 6.249868e-01 3.750132e-01 0.000000e+00 0.000000e+00 0.000000e+00
 0.000000e+00 8.631971e-01 1.368029e-01 0.000000e+00 0.000000e+00 0.000000e+00
 0.000000e+00 0.000000e+00 9.022738e-01 5.497155e-02 4.275460e-02 0.000000e+00
 0.000000e+00 0.000000e+00 0.000000e+00 9.632884e-01 3.671164e-02 0.000000e+00
 0.000000e+00 0.000000e+00 0.000000e+00 0.000000e+00 8.974512e-01 1.025488e-01
 0.000000e+00 0.000000e+00 0.000000e+00 0.000000e+00 0.000000e+00 0.000000e+00
<ENDHMM>
