~o
<STREAMINFO> 1 39
<VECSIZE> 39<NULLD><MFCC_D_A_0><DIAGC>
~h "satu"
<BEGINHMM>
<NUMSTATES> 6
<STATE> 2
<MEAN> 39
 -1.796926e+01 -8.943057e+00 8.015105e+00 -7.495863e+00 5.459361e-01 4.057433e+00 1.789606e+00 -4.915498e+00 2.345641e+00 4.659564e+00 1.636346e+00 2.325378e+00 7.318573e+01 1.553397e+00 1.152582e-03 -1.435423e+00 -3.411999e-01 -5.938383e-02 -7.890960e-01 -4.815709e-01 5.581871e-01 3.391231e-01 -2.376135e-01 6.777248e-03 6.651703e-01 7.194235e-01 2.725581e-01 2.187546e-02 -3.082688e-01 1.496127e-01 1.561983e-02 -3.454693e-02 -3.410136e-02 1.996873e-01 1.449144e-05 -5.066703e-02 -4.522798e-02 5.759257e-02 -4.190175e-02
<VARIANCE> 39
 1.146478e+02 4.819191e+01 7.998899e+01 3.103963e+01 2.741360e+01 3.518339e+01 7.968808e+01 2.796073e+01 4.661201e+01 1.809698e+01 2.262872e+01 2.359889e+01 2.453938e+01 8.422522e+00 4.411325e+00 4.973177e+00 2.251624e+00 1.347028e+00 2.092412e+00 1.704429e+00 2.887806e+00 1.901430e+00 1.865815e+00 2.020052e+00 9.873102e-01 1.232612e+00 1.080181e+00 7.250811e-01 5.122374e-01 4.800647e-01 2.426380e-01 4.770595e-01 3.252227e-01 3.064531e-01 3.672730e-01 3.215139e-01 3.715859e-01 1.499071e-01 1.736912e-01
<GCONST> 1.168529e+02
<STATE> 3
<MEAN> 39
 -3.092921e+00 -2.989059e+00 -1.064941e+01 -5.085257e+00 -2.827507e+00 -6.823232e-01 -1.200648e+00 2.607656e+00 3.344203e+00 3.751275e-02 7.435507e-01 9.332966e+00 6.872726e+01 -5.580491e-01 2.577941e-01 -3.602124e-02 2.482868e-01 -1.490519e-01 1.531795e-01 1.467103e-01 -3.483735e-02 -2.049371e-01 -1.710088e-01 2.052197e-02 -2.429453e-01 -7.479181e-01 -5.224926e-02 3.381254e-02 1.703468e-01 7.191016e-02 7.383084e-02 5.809280e-03 -5.128689e-02 -5.564252e-02 -4.954167e-02 2.554099e-03 2.080853e-02 -8.193799e-02 1.139414e-02
<VARIANCE> 39
 3.324183e+01 3.455864e+01 5.936295e+01 4.260526e+01 1.817476e+01 2.871177e+01 3.591459e+01 3.809914e+01 3.130953e+01 1.968785e+01 2.172890e+01 2.356522e+01 8.220739e+01 6.178463e-01 1.072255e+00 1.369273e+00 8.932080e-01 1.083532e+00 9.624353e-01 1.390978e+00 1.424625e+00 1.231728e+00 1.325569e+00 9.221696e-01 1.334955e+00 8.441256e-01 8.930368e-02 2.096592e-01 2.703656e-01 2.509050e-01 2.186814e-01 2.566578e-01 3.221650e-01 3.125123e-01 3.276173e-01 2.398623e-01 2.022762e-01 1.794625e-01 1.320846e-01
<GCONST> 9.842529e+01
<STATE> 4
<MEAN> 39
 -2.273044e+00 -2.513279e-01 3.645647e+00 -1.677007e+00 -7.949329e+00 1.702020e+00 -6.333195e+00 2.078228e+00 3.721952e+00 -9.665428e+00 -2.198160e+00 5.040450e+00 5.303463e+01 3.000263e-01 3.862007e-01 2.173016e-01 2.477944e-01 2.111760e-02 -3.116672e-01 -1.296717e-01 2.814899e-01 1.570460e-01 -2.084995e-01 -1.919661e-01 -1.715588e-01 1.184971e-01 7.039341e-03 3.915136e-02 -1.702318e-03 -5.047375e-02 -4.329363e-02 -1.856299e-02 5.798263e-03 3.354665e-02 2.143510e-02 3.112197e-02 -1.809256e-04 -3.925223e-03 -1.530243e-02
<VARIANCE> 39
 5.443546e+01 1.260945e+02 6.982349e+01 5.515092e+01 7.078986e+01 6.697016e+01 7.988411e+01 5.465161e+01 1.144865e+02 8.185415e+01 3.211081e+01 4.607111e+01 1.078173e+02 4.207564e+00 8.356966e+00 6.053943e+00 4.711196e+00 6.319146e+00 6.668913e+00 6.422359e+00 5.333321e+00 8.576723e+00 7.286102e+00 3.592985e+00 4.462998e+00 6.061608e+00 5.368125e-01 1.498732e+00 9.559494e-01 8.036180e-01 1.168481e+00 1.203258e+00 1.109511e+00 1.133070e+00 1.461016e+00 1.304202e+00 7.540180e-01 8.345404e-01 8.117834e-01
<GCONST> 1.496966e+02
<STATE> 5
<MEAN> 39
 -3.131215e+00 7.594487e+00 3.152864e+00 4.563181e+00 -6.127804e+00 -9.118245e+00 -5.230889e+00 7.327210e+00 3.908973e+00 -4.492027e+00 -7.194178e-01 -4.465563e-01 6.626157e+01 -5.121550e-01 1.412231e-01 -1.585849e-01 -1.457042e-01 -1.744564e-02 2.287392e-01 4.264010e-01 -1.972636e-01 -7.318351e-02 4.746658e-01 -8.514371e-02 -1.457443e-01 -5.382915e-01 -2.782072e-02 -9.279329e-02 -9.175566e-02 -2.472625e-02 6.547321e-02 3.065750e-02 4.136332e-02 -8.446898e-02 -1.101352e-01 -7.462506e-03 1.548962e-02 3.309986e-02 1.864545e-02
<VARIANCE> 39
 2.096134e+01 3.631989e+01 5.518204e+01 2.095354e+01 3.111075e+01 5.664425e+01 5.263813e+01 3.014414e+01 2.865497e+01 6.078643e+01 1.316836e+01 1.738208e+01 7.339509e+01 4.383388e-01 7.614220e-01 9.148088e-01 9.437431e-01 1.282138e+00 1.460033e+00 1.655575e+00 1.544682e+00 1.482364e+00 1.287008e+00 1.034225e+00 7.754116e-01 5.276821e-01 8.279320e-02 9.386993e-02 1.047958e-01 1.584515e-01 1.867327e-01 2.398905e-01 3.708446e-01 2.351115e-01 2.305951e-01 2.180796e-01 2.101061e-01 1.629871e-01 8.040646e-02
<GCONST> 9.412294e+01
<TRANSP> 6
 0.000000e+00 5.625015e-01 4.374985e-01 0.000000e+00 0.000000e+00 0.000000e+00
 0.000000e+00 9.197070e-01 8.029301e-02 0.000000e+00 0.000000e+00 0.000000e+00
 0.000000e+00 0.000000e+00 9.109653e-01 8.903477e-02 0.000000e+00 0.000000e+00
 0.000000e+00 0.000000e+00 0.000000e+00 9.611765e-01 2.426435e-02 1.455923e-02
 0.000000e+00 0.000000e+00 0.000000e+00 0.000000e+00 9.435306e-01 5.646940e-02
 0.000000e+00 0.000000e+00 0.000000e+00 0.000000e+00 0.000000e+00 0.000000e+00
<ENDHMM>
