~o
<STREAMINFO> 1 39
<VECSIZE> 39<NULLD><MFCC_D_A_0><DIAGC>
~h "sebelas"
<BEGINHMM>
<NUMSTATES> 6
<STATE> 2
<MEAN> 39
 -1.833994e+01 -1.012192e+01 7.746587e+00 -3.023675e+00 -3.269459e+00 1.859969e+00 1.396223e+00 -5.422704e+00 -4.747694e+00 2.242588e-01 3.590018e+00 1.836023e+00 6.355468e+01 8.556893e-01 5.961491e-01 -2.274736e-01 3.661302e-01 3.350519e-01 -2.986300e-01 -3.691828e-01 -1.254779e-01 -1.969883e-01 -4.097938e-01 -1.276165e-01 1.852424e-01 1.237815e-01 4.528396e-01 4.727942e-01 -1.120054e-01 3.026116e-01 1.332786e-01 -1.259857e-01 -9.595401e-02 1.584657e-01 8.428141e-02 -2.984748e-01 -1.649670e-01 -4.713732e-03 -3.256287e-02
<VARIANCE> 39
 5.656247e+01 8.590671e+01 7.182610e+01 5.755375e+01 6.101575e+01 3.779989e+01 7.803878e+01 3.419811e+01 7.060950e+01 3.712712e+01 2.432239e+01 2.493277e+01 1.285947e+02 8.016477e+00 1.032762e+01 7.061346e+00 6.333323e+00 4.333764e+00 4.280662e+00 2.828701e+00 3.056806e+00 4.696284e+00 4.087940e+00 2.317059e+00 2.261384e+00 2.782705e+00 5.066984e-01 7.441996e-01 1.127835e+00 7.692547e-01 6.394273e-01 7.583413e-01 4.560780e-01 5.528214e-01 8.411530e-01 6.173181e-01 5.331287e-01 4.702096e-01 3.498177e-01
<GCONST> 1.358821e+02
<STATE> 3
<MEAN> 39
 -5.016921e+00 -8.706010e+00 1.110865e+01 -1.736184e+01 8.459823e+00 -1.317656e+01 1.844945e+01 -1.471267e+01 7.217860e-01 -7.990415e+00 8.209339e-01 -1.282404e-01 7.991209e+01 1.849504e-01 -7.120138e-02 -1.283012e-01 9.587131e-02 -1.131494e-01 5.198292e-02 -1.198469e-02 8.447403e-02 2.411166e-03 5.871252e-02 2.054601e-02 -1.069567e-02 -8.383070e-02 6.995787e-04 -1.078728e-02 -1.275805e-02 -7.073142e-03 4.910468e-03 3.247267e-03 5.152356e-03 -5.087292e-03 -5.485002e-03 7.048818e-03 3.493244e-03 3.653097e-03 -2.753966e-03
<VARIANCE> 39
 1.214273e+02 6.042841e+01 7.930653e+01 5.040339e+01 1.228264e+02 6.595376e+01 4.736377e+01 7.017361e+01 9.809937e+01 4.460747e+01 5.320460e+01 3.639550e+01 5.655028e+01 3.969499e+00 3.408929e+00 3.518221e+00 2.366226e+00 4.969831e+00 3.083105e+00 3.513299e+00 4.354126e+00 5.196482e+00 3.335814e+00 3.021435e+00 2.754593e+00 2.916677e+00 4.467437e-01 4.441172e-01 4.163767e-01 3.288049e-01 6.550286e-01 5.451308e-01 6.482146e-01 7.417316e-01 8.555571e-01 5.823756e-01 4.890662e-01 4.839442e-01 4.261640e-01
<GCONST> 1.338324e+02
<STATE> 4
<MEAN> 39
 -2.767698e+00 1.526784e+00 3.856717e+00 4.502575e+00 -2.229612e+00 8.147474e-01 -1.320383e+00 -2.277595e+00 -2.586137e+00 -8.659940e+00 -9.017434e-01 3.674261e+00 6.162701e+01 1.215218e-01 4.327590e-02 -1.341644e-01 1.857693e-03 -7.349180e-02 -1.669387e-01 1.228561e-02 4.844727e-02 -6.627384e-02 -7.946717e-02 -7.253174e-02 3.418563e-02 2.486870e-03 -9.523743e-02 -1.150433e-01 -4.774458e-03 -7.355992e-02 -3.873061e-02 2.415964e-03 2.120846e-02 -2.256592e-02 -3.160309e-02 5.769699e-02 5.231631e-02 1.079585e-02 9.713438e-03
<VARIANCE> 39
 8.156538e+01 1.227985e+02 5.855903e+01 5.053289e+01 7.626037e+01 7.093636e+01 4.277287e+01 6.954205e+01 5.113108e+01 5.248935e+01 5.317429e+01 4.106387e+01 1.222168e+02 4.301835e+00 4.987276e+00 4.409310e+00 3.077135e+00 4.169876e+00 5.046840e+00 3.249788e+00 3.134934e+00 3.635946e+00 3.864297e+00 3.522453e+00 2.715401e+00 2.322485e+00 6.323979e-01 6.674479e-01 7.125504e-01 5.287657e-01 7.118942e-01 8.939173e-01 6.484732e-01 5.842071e-01 6.704468e-01 7.090431e-01 5.917341e-01 4.891989e-01 3.621211e-01
<GCONST> 1.363896e+02
<STATE> 5
<MEAN> 39
 -8.287001e+00 -2.069838e+00 -1.655509e+00 -5.702153e+00 -5.176577e+00 -5.289237e+00 -1.400036e+00 -4.219586e+00 -1.941685e+00 -3.162568e+00 2.312734e+00 3.712839e+00 7.274822e+01 -3.306882e-01 -8.928984e-02 -1.994817e-03 -1.545230e-01 -2.641050e-02 1.995012e-01 6.690866e-02 -1.528315e-02 1.679654e-01 2.274226e-01 7.866622e-02 -6.952394e-02 -2.460291e-01 8.719338e-03 4.010110e-02 2.713138e-03 3.172407e-02 2.123370e-02 1.966964e-02 -4.737546e-03 5.619538e-03 1.290825e-02 -1.422393e-02 -1.983676e-02 -2.185456e-02 -2.634561e-02
<VARIANCE> 39
 1.300288e+02 5.255125e+01 8.670923e+01 6.391975e+01 3.451506e+01 5.776134e+01 3.563416e+01 4.119829e+01 5.053459e+01 5.206670e+01 2.882483e+01 3.555869e+01 5.097048e+01 2.057405e+00 1.370009e+00 1.828390e+00 1.884004e+00 1.138128e+00 1.392825e+00 1.146676e+00 1.416711e+00 1.880373e+00 1.344785e+00 1.283028e+00 9.835172e-01 6.860696e-01 2.157265e-01 1.794332e-01 1.840996e-01 2.674525e-01 1.954159e-01 2.546363e-01 2.107292e-01 2.556114e-01 2.993002e-01 2.231723e-01 2.265459e-01 1.657086e-01 7.557463e-02
<GCONST> 1.060021e+02
<TRANSP> 6
 0.000000e+00 8.048629e-01 1.951371e-01 0.000000e+00 0.000000e+00 0.000000e+00
 0.000000e+00 8.672440e-01 0.000000e+00 1.327560e-01 0.000000e+00 0.000000e+00
 0.000000e+00 0.000000e+00 9.839820e-01 6.678859e-03 9.339131e-03 0.000000e+00
 0.000000e+00 0.000000e+00 0.000000e+00 9.619366e-01 2.180897e-02 1.625442e-02
 0.000000e+00 0.000000e+00 0.000000e+00 0.000000e+00 9.720380e-01 2.796200e-02
 0.000000e+00 0.000000e+00 0.000000e+00 0.000000e+00 0.000000e+00 0.000000e+00
<ENDHMM>
