~o
<STREAMINFO> 1 39
<VECSIZE> 39<NULLD><MFCC_D_A_0><DIAGC>
~h "sembilan"
<BEGINHMM>
<NUMSTATES> 6
<STATE> 2
<MEAN> 39
 -1.717055e+01 -7.912201e+00 8.740517e+00 -1.394508e+00 -9.312603e-01 6.794570e-01 2.968200e+00 -6.024925e+00 -2.915697e+00 -2.822363e-01 4.478391e+00 6.194845e-01 6.622755e+01 1.300157e+00 1.038278e+00 -2.676395e-01 7.426425e-01 5.320055e-01 -3.768677e-01 -3.122307e-01 -6.575777e-02 -3.311423e-01 -2.949433e-01 -3.252020e-01 -4.681338e-02 7.100417e-02 3.307649e-01 3.267078e-01 -1.169974e-01 1.750993e-01 2.415531e-01 -5.680424e-02 -1.163287e-01 1.054443e-01 8.323875e-03 -1.200387e-01 -1.731641e-01 -4.546776e-02 -4.785626e-02
<VARIANCE> 39
 7.568150e+01 9.427921e+01 6.754665e+01 1.057229e+02 9.532710e+01 5.495043e+01 8.034811e+01 5.087495e+01 5.557656e+01 4.062370e+01 2.554865e+01 2.016526e+01 1.224726e+02 7.682707e+00 1.062334e+01 6.151591e+00 4.520866e+00 5.933686e+00 5.111719e+00 4.065452e+00 4.319835e+00 4.126852e+00 3.012739e+00 2.511079e+00 2.153640e+00 3.001517e+00 7.163984e-01 1.013773e+00 1.075679e+00 6.087395e-01 7.444436e-01 8.952150e-01 7.255265e-01 6.651925e-01 6.230884e-01 5.890909e-01 4.163196e-01 4.180924e-01 4.256686e-01
<GCONST> 1.389081e+02
<STATE> 3
<MEAN> 39
 2.700295e+00 5.179355e+00 1.018374e+00 1.161131e+01 5.073601e+00 -4.673923e-01 -3.046722e+00 6.571760e-01 -2.030646e-01 -6.785077e+00 -1.635534e+00 2.883707e+00 5.588908e+01 1.518907e-01 4.890886e-02 5.759120e-02 1.003039e-01 -4.038835e-03 3.189544e-02 -1.034485e-01 9.651292e-04 5.591213e-02 -1.526478e-01 -6.587435e-02 5.440743e-03 8.281325e-02 -1.112747e-01 -1.542758e-01 8.352993e-03 -7.882527e-02 -1.209945e-01 3.194192e-02 3.476708e-02 -6.433195e-02 -2.258278e-02 3.390489e-02 7.526248e-02 1.377476e-02 1.175751e-02
<VARIANCE> 39
 3.087690e+01 7.084548e+01 4.895741e+01 4.973981e+01 8.764753e+01 6.208104e+01 3.936314e+01 6.992288e+01 4.985003e+01 3.246415e+01 4.363389e+01 5.920064e+01 8.997361e+01 1.501359e+00 4.946667e+00 3.988355e+00 3.818517e+00 5.722394e+00 5.077851e+00 3.365512e+00 3.324357e+00 3.912306e+00 2.627109e+00 3.922475e+00 3.728085e+00 1.366386e+00 2.326249e-01 6.780751e-01 7.153068e-01 6.131778e-01 8.332195e-01 9.864596e-01 6.583368e-01 5.982456e-01 7.352210e-01 5.156205e-01 6.388878e-01 5.864921e-01 2.069962e-01
<GCONST> 1.319446e+02
<STATE> 4
<MEAN> 39
 1.078911e+00 -6.823191e+00 5.796153e+00 -8.737157e+00 7.325298e+00 -1.888763e+01 1.312896e+01 -1.776350e+01 -3.569518e+00 -8.949938e+00 -3.986758e+00 -2.686498e+00 7.751141e+01 2.589568e-02 -2.580008e-01 -1.333367e-01 -1.425739e-01 -2.560264e-01 1.488817e-01 2.154004e-01 7.848133e-02 2.040197e-01 8.447549e-02 9.018741e-02 2.436048e-02 1.053720e-01 -3.768122e-02 3.808174e-03 1.182896e-02 -2.438188e-02 6.147187e-03 4.458125e-02 8.963962e-04 3.743558e-02 4.959358e-02 2.245169e-02 1.995840e-02 3.878921e-03 -6.222672e-03
<VARIANCE> 39
 2.193976e+01 7.860706e+01 3.884959e+01 7.086895e+01 7.898131e+01 1.417225e+02 1.004541e+02 5.739175e+01 5.352428e+01 4.584742e+01 5.299834e+01 4.861662e+01 6.099069e+01 1.208933e+00 4.273574e+00 2.522024e+00 4.191461e+00 3.606278e+00 3.877037e+00 3.160201e+00 3.899914e+00 3.664145e+00 3.480826e+00 3.841224e+00 3.228701e+00 2.570799e+00 2.235490e-01 5.548440e-01 4.320062e-01 6.912503e-01 5.108128e-01 7.009600e-01 5.333179e-01 7.104390e-01 6.782157e-01 6.239516e-01 6.593939e-01 5.299838e-01 3.349392e-01
<GCONST> 1.316628e+02
<STATE> 5
<MEAN> 39
 -9.366519e-01 5.000813e+00 -1.600097e+00 4.490093e+00 1.203146e+00 -4.834378e+00 -4.928699e+00 -4.176272e+00 -2.562401e+00 -4.998281e+00 1.038040e+00 2.496705e+00 7.079507e+01 -6.771886e-02 -3.987213e-02 -1.851281e-01 -8.840778e-02 -5.643072e-02 -1.352770e-02 6.922486e-02 6.190936e-02 4.038456e-02 4.002181e-02 1.160734e-02 6.787459e-02 -8.538906e-02 -1.397807e-02 -2.405189e-02 9.698600e-04 -1.848963e-02 -8.637954e-03 -1.766991e-03 1.105519e-02 -9.699983e-03 -1.397167e-02 5.526107e-03 1.806735e-02 8.999700e-03 6.863555e-03
<VARIANCE> 39
 2.398637e+01 5.299010e+01 6.044521e+01 7.433076e+01 6.988812e+01 5.089153e+01 3.884828e+01 4.957806e+01 4.088600e+01 4.017501e+01 4.922243e+01 4.881917e+01 4.798858e+01 4.665351e-01 1.312693e+00 1.160846e+00 1.676660e+00 1.639889e+00 1.569706e+00 1.895623e+00 1.602982e+00 1.996796e+00 1.625450e+00 1.660804e+00 1.723799e+00 6.275957e-01 5.303234e-02 1.824315e-01 1.475845e-01 2.057661e-01 2.277167e-01 2.785510e-01 3.271768e-01 2.852774e-01 3.281510e-01 2.786406e-01 2.812144e-01 2.539970e-01 6.953084e-02
<GCONST> 1.050711e+02
<TRANSP> 6
 0.000000e+00 7.186486e-01 2.813514e-01 0.000000e+00 0.000000e+00 0.000000e+00
 0.000000e+00 8.847793e-01 9.698106e-02 1.823961e-02 0.000000e+00 0.000000e+00
 0.000000e+00 0.000000e+00 9.323809e-01 2.158482e-02 4.603435e-02 0.000000e+00
 0.000000e+00 0.000000e+00 0.000000e+00 9.639369e-01 2.308930e-03 3.375414e-02
 0.000000e+00 0.000000e+00 0.000000e+00 0.000000e+00 9.735216e-01 2.647840e-02
 0.000000e+00 0.000000e+00 0.000000e+00 0.000000e+00 0.000000e+00 0.000000e+00
<ENDHMM>
