~o
<STREAMINFO> 1 36
<VECSIZE> 36<NULLD><LPC_D_A><DIAGC>
~h "sepuluh"
<BEGINHMM>
<NUMSTATES> 8
<STATE> 2
<MEAN> 36
 -1.932112e+00 2.967687e+00 -3.428466e+00 3.876926e+00 -3.629774e+00 3.357169e+00 -2.558957e+00 1.852965e+00 -9.894205e-01 5.272652e-01 -1.815200e-01 8.018861e-02 -5.743644e-03 -3.181959e-02 3.006456e-02 -1.139697e-01 1.386030e-01 -1.730801e-01 1.720407e-01 -1.711612e-01 1.302128e-01 -9.124159e-02 4.880490e-02 -2.149180e-02 4.191128e-02 -5.969732e-02 4.260680e-02 -2.781428e-02 1.575447e-02 -1.323064e-02 6.614338e-03 -5.757065e-03 1.828849e-03 -5.346614e-03 -8.538549e-04 4.042108e-04
<VARIANCE> 36
 5.533363e-01 1.972231e+00 5.916567e+00 9.311730e+00 1.213118e+01 1.111188e+01 8.684518e+00 5.129766e+00 2.400206e+00 9.033731e-01 1.965066e-01 2.980275e-02 5.582440e-02 1.574378e-01 2.370262e-01 3.941512e-01 5.083896e-01 6.036569e-01 5.167984e-01 3.984686e-01 2.034336e-01 9.780696e-02 2.236212e-02 3.890796e-03 9.828830e-03 3.031252e-02 4.739247e-02 7.486803e-02 9.307763e-02 1.006835e-01 8.381166e-02 6.285717e-02 3.249475e-02 1.633034e-02 4.101315e-03 7.420383e-04
<GCONST> 7.540973e+00
<STATE> 3
<MEAN> 36
 -6.489230e-01 1.073539e-01 -2.508654e-01 2.736951e-01 -2.136374e-01 2.466850e-01 -1.934953e-01 2.051100e-01 -1.874345e-01 1.185791e-01 -1.185710e-01 1.202134e-01 1.537381e-02 -3.107186e-02 -4.771321e-04 -1.536097e-02 -3.187971e-03 -1.470354e-02 -1.025015e-03 -9.812428e-03 1.644010e-03 -6.496464e-03 -6.907266e-04 4.545112e-05 -2.034454e-03 6.568216e-03 -2.862928e-03 1.430751e-03 -9.812322e-05 5.856610e-04 -1.309699e-03 1.116907e-03 -1.133258e-03 1.878890e-03 -4.974432e-04 1.547240e-04
<VARIANCE> 36
 2.507048e-01 1.974111e-01 1.864118e-01 1.221000e-01 9.165094e-02 7.828102e-02 7.858689e-02 5.639519e-02 3.294582e-02 3.617246e-02 2.229427e-02 1.398037e-02 2.872438e-02 1.973334e-02 1.194501e-02 1.013618e-02 7.454044e-03 6.607052e-03 3.681741e-03 4.648288e-03 2.763281e-03 1.937753e-03 1.719672e-03 1.214183e-03 5.634458e-03 4.165941e-03 2.771355e-03 2.216805e-03 1.706526e-03 1.320201e-03 8.234070e-04 9.206951e-04 6.066507e-04 3.976027e-04 3.619246e-04 2.585124e-04
<GCONST> -1.095705e+02
<STATE> 4
<MEAN> 36
 -5.366281e-01 6.883759e-01 -1.110404e+00 1.170512e+00 -1.249365e+00 1.066897e+00 -9.055288e-01 6.108614e-01 -3.444517e-01 1.543917e-01 -1.115523e-01 7.426393e-02 1.966933e-02 4.768255e-02 -2.820861e-02 1.400810e-02 -9.749906e-03 2.752795e-02 -4.424520e-02 2.641268e-02 -4.006980e-02 3.671254e-02 -1.740890e-02 -8.568430e-04 -4.607404e-02 2.830214e-02 -2.342506e-02 3.980266e-02 -4.189016e-02 5.311741e-02 -3.798890e-02 4.134885e-02 -3.886344e-02 2.212445e-02 -1.070563e-02 8.304439e-03
<VARIANCE> 36
 7.827829e-01 2.289763e+00 3.832469e+00 6.717220e+00 7.399748e+00 7.982425e+00 5.598010e+00 3.606926e+00 1.508815e+00 5.672679e-01 1.222716e-01 2.896431e-02 3.027121e-02 2.449166e-02 2.615328e-02 1.546648e-02 2.973020e-02 1.915167e-02 2.395271e-02 1.467812e-02 1.368152e-02 6.729456e-03 3.209614e-03 1.145384e-03 4.344060e-03 8.610437e-03 2.344177e-02 5.401367e-02 7.945997e-02 9.309168e-02 8.222757e-02 6.006110e-02 3.062557e-02 1.256108e-02 3.646253e-03 7.678316e-04
<GCONST> -2.870189e+01
<STATE> 5
<MEAN> 36
 -2.661588e+00 4.692750e+00 -6.800968e+00 8.316430e+00 -8.827967e+00 8.262750e+00 -6.897802e+00 4.995388e+00 -3.098873e+00 1.606750e+00 -6.436490e-01 1.758372e-01 1.078986e-02 -9.100980e-03 -4.415599e-03 2.030007e-02 -4.594243e-02 5.005178e-02 -6.127185e-02 5.358037e-02 -4.996047e-02 2.888061e-02 -1.804258e-02 6.220931e-03 1.090442e-02 -1.965791e-02 3.250654e-02 -3.985279e-02 4.451159e-02 -3.871470e-02 3.185739e-02 -2.160027e-02 1.405544e-02 -7.845188e-03 4.116384e-03 -1.800994e-03
<VARIANCE> 36
 2.747839e-01 2.020552e+00 7.211824e+00 1.651019e+01 2.634280e+01 3.234683e+01 3.153390e+01 2.395652e+01 1.350351e+01 5.142414e+00 1.100426e+00 8.256458e-02 4.000016e-02 2.735629e-01 8.864775e-01 1.945265e+00 2.957626e+00 3.524727e+00 3.352103e+00 2.513323e+00 1.389613e+00 5.277356e-01 1.171310e-01 1.012917e-02 7.077625e-03 5.074458e-02 1.644738e-01 3.621006e-01 5.498155e-01 6.537551e-01 6.281243e-01 4.726143e-01 2.639935e-01 1.004614e-01 2.262411e-02 2.043853e-03
<GCONST> 5.242837e+01
<STATE> 6
<MEAN> 36
 -5.570336e-01 7.122026e-01 -1.155534e+00 1.244641e+00 -1.355253e+00 1.253883e+00 -1.140511e+00 8.201038e-01 -5.889351e-01 3.212075e-01 -2.029372e-01 9.919094e-02 1.558022e-02 -3.381615e-03 8.605215e-02 -1.213249e-01 1.531396e-01 -1.223509e-01 1.172079e-01 -8.316043e-02 4.328089e-02 -2.045619e-02 1.211170e-02 -7.022512e-03 -4.111984e-02 2.781462e-02 -2.855617e-02 4.609457e-02 -4.839874e-02 4.132319e-02 -1.286222e-02 1.077845e-02 4.350564e-04 -4.140970e-03 5.598113e-03 2.393292e-03
<VARIANCE> 36
 7.057173e-01 2.187195e+00 4.149775e+00 7.274091e+00 8.815553e+00 8.671272e+00 6.538534e+00 3.969640e+00 1.821102e+00 6.055758e-01 1.434392e-01 2.324943e-02 4.787706e-02 5.943517e-02 1.355936e-01 2.425527e-01 3.281513e-01 3.332965e-01 2.468693e-01 1.478327e-01 6.614072e-02 2.356805e-02 5.486302e-03 1.875525e-03 4.849212e-03 2.060994e-02 4.928249e-02 9.109952e-02 1.288271e-01 1.455622e-01 1.326422e-01 9.628180e-02 5.048284e-02 1.954092e-02 4.824802e-03 6.720345e-04
<GCONST> -3.270354e+00
<STATE> 7
<MEAN> 36
 -6.047351e-01 7.704346e-01 -1.070696e+00 1.039135e+00 -1.073383e+00 9.235660e-01 -7.830608e-01 5.562961e-01 -4.351339e-01 2.258396e-01 -1.465878e-01 6.845438e-02 -3.195251e-02 3.857986e-02 2.298892e-02 -2.359506e-02 3.669941e-02 -2.699189e-02 5.397279e-02 -3.305092e-02 2.309621e-02 -1.313433e-02 1.591360e-02 -2.479449e-03 -2.700770e-02 1.867362e-02 -3.621820e-02 6.110630e-02 -6.457453e-02 5.410340e-02 -3.611285e-02 1.988616e-02 -6.351465e-04 -3.209810e-03 4.518008e-03 3.210448e-03
<VARIANCE> 36
 7.031559e-01 1.555963e+00 2.694610e+00 4.249827e+00 4.753260e+00 4.545110e+00 3.377086e+00 2.072657e+00 9.834324e-01 3.830608e-01 9.540889e-02 1.711737e-02 3.885077e-02 8.593164e-02 2.417994e-01 4.934972e-01 7.322406e-01 8.381917e-01 7.312607e-01 5.075176e-01 2.566375e-01 9.248699e-02 2.058044e-02 3.052621e-03 5.195897e-03 1.210677e-02 2.248484e-02 3.339403e-02 4.380052e-02 4.141337e-02 3.052668e-02 1.773931e-02 8.625620e-03 3.662933e-03 9.168542e-04 2.617027e-04
<GCONST> -1.271354e+01
<TRANSP> 8
 0.000000e+00 4.833837e-01 5.166163e-01 0.000000e+00 0.000000e+00 0.000000e+00 0.000000e+00 0.000000e+00
 0.000000e+00 8.516278e-01 8.698299e-02 6.138922e-02 0.000000e+00 0.000000e+00 0.000000e+00 0.000000e+00
 0.000000e+00 0.000000e+00 9.608172e-01 3.918279e-02 0.000000e+00 0.000000e+00 0.000000e+00 0.000000e+00
 0.000000e+00 0.000000e+00 0.000000e+00 0.000000e+00 1.750000e-01 8.250000e-01 0.000000e+00 0.000000e+00
 0.000000e+00 0.000000e+00 0.000000e+00 0.000000e+00 9.453133e-01 5.468672e-02 0.000000e+00 0.000000e+00
 0.000000e+00 0.000000e+00 0.000000e+00 0.000000e+00 0.000000e+00 0.000000e+00 1.000000e+00 0.000000e+00
 0.000000e+00 0.000000e+00 0.000000e+00 0.000000e+00 0.000000e+00 0.000000e+00 9.085424e-02 9.091458e-01
 0.000000e+00 0.000000e+00 0.000000e+00 0.000000e+00 0.000000e+00 0.000000e+00 0.000000e+00 0.000000e+00
<ENDHMM>
