~o
<STREAMINFO> 1 39
<VECSIZE> 39<NULLD><MFCC_D_A_0><DIAGC>
~h "sil"
<BEGINHMM>
<NUMSTATES> 6
<STATE> 2
<MEAN> 39
 -1.241279e+01 3.587535e+00 -6.208618e+00 -3.017213e+00 -3.075165e+00 -7.461250e-01 3.929693e-01 -1.009726e+00 -4.625008e+00 -4.580165e+00 -5.538172e-01 8.921234e-01 3.838208e+01 -1.122797e-01 6.572425e-02 -1.049104e-01 4.032128e-02 8.533349e-02 -5.121971e-02 -4.986492e-02 -1.628115e-02 1.289270e-03 2.992596e-02 2.308394e-03 7.415660e-03 -3.654404e-02 8.484444e-03 -1.676911e-02 4.047331e-02 1.080776e-02 -4.467152e-03 6.256325e-03 -2.179572e-02 1.197180e-02 3.049811e-02 1.331410e-02 -6.978174e-03 -2.714060e-03 1.726258e-02
<VARIANCE> 39
 3.205124e+01 4.529471e+01 8.906024e+01 5.986044e+01 4.568282e+01 4.632887e+01 5.389922e+01 4.913761e+01 7.155466e+01 5.376208e+01 4.311870e+01 3.481273e+01 1.242948e+02 1.241440e+00 1.987362e+00 2.937354e+00 3.115675e+00 2.950203e+00 3.712753e+00 3.861099e+00 4.173450e+00 4.486614e+00 4.390656e+00 3.824475e+00 3.393803e+00 2.153680e+00 1.912823e-01 2.822848e-01 4.359277e-01 5.386889e-01 5.591944e-01 7.419686e-01 7.798738e-01 8.419852e-01 8.856001e-01 8.987383e-01 7.871971e-01 6.932427e-01 2.631520e-01
<GCONST> 1.302344e+02
<STATE> 3
<MEAN> 39
 -1.025052e+01 -6.002260e+00 2.897484e+00 -6.176287e+00 8.216189e+00 -3.311217e+00 1.247597e+01 -5.232800e+00 4.881010e+00 -2.541615e+00 6.754688e+00 1.832897e-01 6.267672e+01 -1.946386e-02 7.148953e-02 -3.818237e-02 1.063784e-01 6.158242e-02 1.237495e-02 -4.448997e-02 2.240377e-02 3.016849e-02 -2.030525e-02 -4.177965e-02 -2.852956e-02 -1.024812e-01 -4.488386e-04 5.352606e-03 2.657919e-02 -3.884261e-03 7.122478e-03 -1.302392e-02 1.109378e-02 -1.180837e-02 -4.712205e-03 -2.025992e-02 -1.430066e-03 -1.062507e-02 2.818664e-02
<VARIANCE> 39
 2.731243e+01 4.774648e+01 4.347334e+01 4.663194e+01 5.888880e+01 3.439959e+01 6.835562e+01 3.083553e+01 5.449149e+01 3.076682e+01 3.156505e+01 1.939811e+01 4.571338e+01 4.551656e-01 7.917935e-01 8.499024e-01 1.239717e+00 1.116308e+00 1.182909e+00 1.262812e+00 1.568317e+00 1.587306e+00 1.554161e+00 1.341723e+00 1.166282e+00 5.953393e-01 8.098876e-02 1.167483e-01 1.437784e-01 2.205548e-01 2.097994e-01 2.362719e-01 2.508579e-01 3.081081e-01 2.945061e-01 3.102092e-01 2.555242e-01 2.341727e-01 1.051443e-01
<GCONST> 9.908289e+01
<STATE> 4
<MEAN> 39
 -1.597488e+01 2.276714e+00 -4.356870e+00 -3.548539e-01 -1.325131e+00 -1.047835e+00 2.466022e-02 -1.011931e+00 -4.946578e-01 -8.724363e-01 -2.614080e-01 -1.263721e+00 5.729358e+01 -2.077137e-02 2.069081e-02 9.254735e-03 2.483941e-02 1.221911e-02 -1.534313e-02 1.321268e-02 2.782212e-02 1.782247e-02 6.767207e-03 -8.917792e-03 -1.881072e-02 -2.086583e-02 4.284479e-03 -1.964988e-03 6.042411e-03 1.612755e-03 1.588199e-03 2.267141e-03 3.423960e-04 -2.687447e-03 -1.093139e-03 -8.409762e-04 1.499601e-03 9.369695e-04 8.217775e-03
<VARIANCE> 39
 3.132963e+00 5.481062e+00 7.020222e+00 8.329460e+00 7.833093e+00 1.625270e+01 1.587944e+01 2.247168e+01 9.952728e+00 1.180084e+01 1.147214e+01 9.885817e+00 2.668237e+01 6.931873e-02 1.365268e-01 2.316978e-01 3.183944e-01 4.333699e-01 5.284893e-01 6.463975e-01 6.854992e-01 6.848415e-01 6.617230e-01 6.429471e-01 5.839603e-01 3.163142e-02 1.319568e-02 2.782362e-02 4.441117e-02 6.427073e-02 9.070181e-02 1.073563e-01 1.340153e-01 1.406213e-01 1.388099e-01 1.360340e-01 1.298163e-01 1.167925e-01 5.739844e-03
<GCONST> 5.162366e+01
<STATE> 5
<MEAN> 39
 -1.209311e+01 -1.764149e-01 7.503222e-01 -7.059706e-01 1.596093e+00 -3.449320e+00 2.157580e+00 -3.838574e+00 2.801998e-02 -3.986769e+00 5.424548e-01 -7.235768e-01 5.740575e+01 6.225665e-01 -1.178315e-01 4.233616e-01 1.355075e-01 2.863824e-02 -3.064900e-01 -1.698822e-01 -3.157999e-01 -2.601387e-01 -3.095334e-01 -8.667762e-02 -6.802186e-02 1.046676e+00 8.884964e-02 -1.207844e-02 1.326759e-02 3.080370e-02 2.166776e-02 -3.030576e-02 -3.256687e-02 -9.188833e-03 -2.690809e-02 -3.172921e-02 -1.294883e-03 8.283108e-03 9.105647e-02
<VARIANCE> 39
 8.253576e+01 7.723992e+01 6.721916e+01 7.213735e+01 7.945036e+01 6.434142e+01 8.756200e+01 6.416397e+01 5.914365e+01 4.296895e+01 3.962969e+01 3.196841e+01 1.935638e+02 3.979496e+00 5.345780e+00 3.792228e+00 4.079720e+00 4.797758e+00 4.208077e+00 3.848437e+00 4.273224e+00 4.075854e+00 3.142504e+00 3.378782e+00 2.784095e+00 4.935852e+00 6.231927e-01 9.595895e-01 6.975606e-01 6.692681e-01 8.208938e-01 8.007520e-01 7.226793e-01 7.976456e-01 7.307379e-01 5.876132e-01 6.186246e-01 5.263117e-01 8.801849e-01
<GCONST> 1.399956e+02
<TRANSP> 6
 0.000000e+00 3.458866e-01 6.541134e-01 0.000000e+00 0.000000e+00 0.000000e+00
 0.000000e+00 9.593447e-01 4.060240e-02 5.291990e-05 0.000000e+00 0.000000e+00
 0.000000e+00 0.000000e+00 8.965580e-01 6.761862e-02 3.582341e-02 0.000000e+00
 0.000000e+00 0.000000e+00 0.000000e+00 9.782232e-01 1.636884e-02 5.407942e-03
 0.000000e+00 0.000000e+00 0.000000e+00 0.000000e+00 8.933722e-01 1.066278e-01
 0.000000e+00 0.000000e+00 0.000000e+00 0.000000e+00 0.000000e+00 0.000000e+00
<ENDHMM>
