~o
<STREAMINFO> 1 39
<VECSIZE> 39<NULLD><MFCC_D_A_0><DIAGC>
~h "tambah"
<BEGINHMM>
<NUMSTATES> 6
<STATE> 2
<MEAN> 39
 -5.298170e+00 -7.708524e-01 7.185279e-01 -1.721507e+00 -3.278958e+00 -1.558886e+00 2.400348e+00 -6.015444e+00 -2.287599e+00 -4.617790e+00 2.905405e+00 6.969262e-01 6.722587e+01 1.395754e+00 3.843722e-02 -1.363126e-01 -1.205348e-01 -3.858031e-01 -4.043867e-02 1.683932e-01 -3.558604e-02 -7.206924e-02 -2.932465e-01 2.360678e-01 6.501066e-01 1.157833e+00 8.038165e-02 2.380547e-01 -3.434479e-02 -4.402056e-03 1.444255e-01 -3.395725e-02 -7.961824e-02 1.549386e-01 1.540059e-01 -3.750885e-02 -1.618188e-01 -9.496518e-03 -1.005231e-01
<VARIANCE> 39
 7.618569e+01 5.475459e+01 3.854349e+01 5.447516e+01 9.407637e+01 4.453856e+01 5.774521e+01 6.502711e+01 4.128392e+01 4.248184e+01 3.173902e+01 4.483699e+01 1.384505e+02 5.753923e+00 8.231235e+00 3.420481e+00 4.294348e+00 7.469211e+00 4.485773e+00 4.428916e+00 5.365642e+00 4.186107e+00 3.781192e+00 3.599473e+00 3.381347e+00 6.912394e+00 6.899132e-01 1.572981e+00 6.639303e-01 8.642744e-01 1.370397e+00 9.664743e-01 9.369060e-01 9.940905e-01 8.321609e-01 7.482340e-01 7.213365e-01 5.705909e-01 1.280857e+00
<GCONST> 1.429360e+02
<STATE> 3
<MEAN> 39
 3.398484e+00 5.042611e+00 -2.425421e+00 -2.367159e+00 -8.096287e+00 -3.540725e+00 1.322178e+00 -9.378218e-01 2.284166e+00 -5.695927e+00 -7.950191e-01 4.316948e+00 7.317747e+01 3.849001e-02 1.431913e+00 1.158042e-01 9.409589e-01 1.539400e+00 -3.798786e-01 -6.753081e-01 6.789584e-01 9.541157e-01 1.346759e-01 -1.491642e+00 -1.744653e+00 -9.890189e-01 -4.997406e-01 -5.280257e-02 2.212992e-01 4.755149e-01 5.091875e-01 3.052931e-01 2.787474e-02 -2.831932e-01 -8.383610e-02 1.142776e-01 -2.192159e-01 -6.246810e-01 -3.617742e-01
<VARIANCE> 39
 1.087231e+01 3.530808e+01 2.196775e+01 5.136688e+01 3.781553e+01 3.960235e+01 4.398212e+01 6.083632e+01 2.636295e+01 2.059757e+01 2.657311e+01 5.933009e+01 8.768307e+01 1.204955e+00 1.266518e+00 1.586619e+00 2.695983e+00 4.917868e+00 2.213711e+00 1.932271e+00 2.155482e+00 2.401102e+00 1.929461e+00 2.481924e+00 4.537981e+00 1.093568e+00 2.506649e-01 2.147213e-01 2.017054e-01 3.240660e-01 6.497331e-01 4.167009e-01 4.218186e-01 3.179998e-01 3.990687e-01 4.008450e-01 4.052909e-01 5.288530e-01 1.930908e-01
<GCONST> 1.137452e+02
<STATE> 4
<MEAN> 39
 3.739268e-01 1.321556e+01 8.256224e-02 7.646043e+00 4.724253e+00 -1.141325e+00 -2.521754e+00 1.129662e-01 6.328513e+00 -4.579379e+00 -1.071750e+01 -1.025348e+01 6.597695e+01 -1.334977e-01 5.030385e-01 3.065259e-01 1.732059e-01 3.094258e-01 1.791097e-01 -1.229044e-01 -1.883519e-01 -5.472941e-02 7.530026e-02 -3.028344e-01 -5.337553e-01 -3.312045e-01 1.688780e-01 -2.445573e-01 -8.077900e-02 -4.687348e-01 -7.188806e-01 -1.626106e-01 9.189520e-02 -3.553161e-02 -1.905428e-01 -1.022102e-01 4.616860e-01 7.451231e-01 2.898785e-01
<VARIANCE> 39
 7.125106e+00 1.358822e+01 1.423301e+01 1.465361e+01 1.594469e+01 2.845872e+01 1.418248e+01 5.121407e+01 2.930221e+01 2.156422e+01 2.143073e+01 1.687097e+01 7.371541e+01 2.774940e-01 4.088418e-01 4.745441e-01 1.856785e+00 3.676673e+00 1.168182e+00 8.218647e-01 7.998737e-01 1.439778e+00 9.933412e-01 2.633023e+00 4.292226e+00 4.258163e-01 4.530431e-02 1.302375e-01 1.192817e-01 1.867129e-01 3.688167e-01 2.254449e-01 1.535215e-01 1.775829e-01 2.592776e-01 2.422113e-01 2.634790e-01 4.230748e-01 7.796346e-02
<GCONST> 8.905937e+01
<STATE> 5
<MEAN> 39
 -3.385344e-02 -3.912960e-01 9.305395e-01 -5.334623e+00 -3.740939e+00 -2.416741e+00 6.272766e+00 -6.541666e+00 3.024160e+00 -6.991517e+00 -1.822976e+00 6.739416e-01 7.060318e+01 -2.882296e-01 -3.474418e-01 6.917407e-02 1.272392e-02 -2.827005e-02 9.838288e-02 1.042378e-01 -1.162984e-01 -2.436343e-01 4.676338e-02 3.091208e-01 3.373985e-01 -8.231002e-02 -3.832102e-02 2.768270e-02 1.022292e-02 6.834888e-02 1.105012e-01 1.587664e-02 -1.718576e-02 1.386022e-02 2.519984e-02 2.418636e-02 -6.176332e-02 -1.212747e-01 -3.340867e-02
<VARIANCE> 39
 4.936801e+01 7.617399e+01 6.792088e+01 1.262803e+02 8.427955e+01 6.347478e+01 8.017445e+01 1.179779e+02 5.747361e+01 4.332622e+01 5.669885e+01 5.969755e+01 1.105208e+02 1.562447e+00 3.419500e+00 2.136902e+00 3.187307e+00 5.674025e+00 3.139663e+00 2.768864e+00 3.122430e+00 3.148663e+00 2.884914e+00 3.191857e+00 4.372736e+00 2.425034e+00 2.046936e-01 4.550906e-01 3.493584e-01 4.677365e-01 7.629130e-01 5.820533e-01 4.636643e-01 5.504043e-01 5.683085e-01 4.824525e-01 4.602777e-01 5.340228e-01 3.244243e-01
<GCONST> 1.315324e+02
<TRANSP> 6
 0.000000e+00 6.930292e-01 3.069707e-01 0.000000e+00 0.000000e+00 0.000000e+00
 0.000000e+00 8.844472e-01 1.155528e-01 0.000000e+00 0.000000e+00 0.000000e+00
 0.000000e+00 0.000000e+00 7.532799e-01 1.832863e-01 6.343377e-02 0.000000e+00
 0.000000e+00 0.000000e+00 0.000000e+00 8.858701e-01 1.141299e-01 0.000000e+00
 0.000000e+00 0.000000e+00 0.000000e+00 0.000000e+00 9.568512e-01 4.314877e-02
 0.000000e+00 0.000000e+00 0.000000e+00 0.000000e+00 0.000000e+00 0.000000e+00
<ENDHMM>
