~o
<STREAMINFO> 1 39
<VECSIZE> 39<NULLD><MFCC_D_A_0><DIAGC>
~h "tiga"
<BEGINHMM>
<NUMSTATES> 6
<STATE> 2
<MEAN> 39
 -2.305607e+00 6.467046e-01 1.322049e+00 8.287199e+00 2.079798e+00 -1.594994e+00 -5.579607e+00 -8.207656e-01 4.781861e-01 -7.748925e+00 3.361607e-01 1.188706e+00 5.579932e+01 4.185039e-01 1.284978e-01 8.742796e-02 2.351314e-01 1.957633e-01 -6.760874e-02 3.692538e-02 4.449686e-02 5.960773e-03 -2.610359e-01 -1.423734e-01 6.091738e-02 3.563772e-01 3.390377e-02 6.188195e-02 1.646183e-02 2.453474e-02 6.371110e-02 -5.660859e-02 -1.573109e-02 1.809677e-02 -3.703761e-02 -1.763531e-02 -5.330190e-02 1.522749e-02 -2.099734e-02
<VARIANCE> 39
 6.533317e+01 7.789440e+01 5.159113e+01 8.844583e+01 7.240070e+01 5.865031e+01 6.905666e+01 8.968454e+01 5.864043e+01 6.726084e+01 3.784627e+01 7.249559e+01 1.214801e+02 3.372587e+00 8.066984e+00 5.389157e+00 6.604877e+00 7.233632e+00 5.225334e+00 6.115104e+00 5.993042e+00 4.925938e+00 5.439480e+00 3.407000e+00 4.518066e+00 6.230197e+00 5.149363e-01 1.521224e+00 9.996458e-01 9.242294e-01 1.147556e+00 9.912048e-01 1.112753e+00 1.170941e+00 9.727743e-01 9.669370e-01 6.529976e-01 7.530354e-01 1.016623e+00
<GCONST> 1.479960e+02
<STATE> 3
<MEAN> 39
 -2.884788e+00 -1.052251e+01 1.297893e+01 -8.501711e+00 9.276921e+00 -2.047462e+01 1.089148e+01 -1.565304e+01 -1.875811e+00 -6.966496e+00 -4.580060e+00 -3.010879e+00 7.822178e+01 1.980492e-01 -2.300119e-02 -2.323422e-01 -2.092127e-01 -3.342841e-01 9.730849e-02 2.312580e-01 2.103299e-02 -2.817332e-01 -3.767990e-02 1.095331e-02 2.863593e-01 -4.483881e-03 -1.580414e-02 4.242486e-03 -3.734682e-02 1.695880e-02 -2.492820e-02 3.090210e-02 -2.242168e-03 5.299652e-02 4.802793e-03 4.032046e-02 3.136082e-02 2.255208e-02 -5.026795e-02
<VARIANCE> 39
 2.735204e+01 5.456869e+01 9.674281e+01 1.139719e+02 8.678397e+01 1.619298e+02 7.234555e+01 8.820175e+01 9.474857e+01 4.365890e+01 9.261736e+01 5.479814e+01 7.430766e+01 1.415242e+00 3.612427e+00 3.512204e+00 5.156513e+00 3.150697e+00 8.479538e+00 4.383965e+00 4.941848e+00 7.861400e+00 4.548801e+00 5.800696e+00 3.735084e+00 5.574381e+00 2.637616e-01 5.064244e-01 5.659110e-01 9.074801e-01 4.912851e-01 1.218686e+00 7.623044e-01 8.079067e-01 1.403223e+00 9.124505e-01 9.421183e-01 6.610746e-01 7.367479e-01
<GCONST> 1.428240e+02
<STATE> 4
<MEAN> 39
 -5.326871e+00 2.873526e+00 4.996475e+00 1.381648e+01 7.305925e+00 -5.618151e+00 -7.087965e+00 -4.250277e+00 -3.394255e+00 -4.390563e+00 -4.314113e-01 -2.308615e+00 6.852255e+01 4.707137e-01 6.087544e-02 -2.534879e-01 -3.490656e-01 -1.408491e-01 -2.303548e-01 -1.682470e-01 -1.922863e-01 -3.073791e-01 -1.162911e-01 3.109208e-01 4.028372e-01 3.408836e-01 -3.773537e-02 -3.475936e-02 -1.380126e-01 -2.164685e-01 -1.854818e-01 2.835198e-02 1.304455e-01 5.546680e-02 4.944298e-02 5.199829e-02 4.901802e-02 8.184515e-02 -3.310372e-02
<VARIANCE> 39
 2.484252e+01 5.003882e+01 4.847394e+01 8.459320e+01 4.402474e+01 4.950149e+01 6.670282e+01 6.466926e+01 3.361733e+01 4.501215e+01 2.617506e+01 2.134364e+01 4.560444e+01 1.890179e+00 2.922258e+00 2.599711e+00 3.877863e+00 3.093095e+00 3.634618e+00 5.266289e+00 2.683342e+00 2.750825e+00 2.059155e+00 2.453097e+00 2.300563e+00 2.233864e+00 2.894128e-01 4.602096e-01 4.376750e-01 5.204409e-01 5.354359e-01 5.418655e-01 9.490598e-01 4.699910e-01 4.940497e-01 3.554231e-01 3.873364e-01 3.463638e-01 3.071143e-01
<GCONST> 1.235326e+02
<STATE> 5
<MEAN> 39
 -9.312190e-01 2.373997e+00 -4.870456e+00 -1.406274e+00 -3.410462e+00 -8.421081e+00 -2.553119e+00 -2.515003e+00 -4.818446e+00 -6.388917e+00 3.551404e+00 4.904385e+00 7.121775e+01 -3.268728e-01 1.252693e-01 -1.269968e-01 -1.925938e-01 -2.065919e-01 2.700659e-01 3.485538e-01 3.442423e-01 2.033613e-01 1.186421e-01 -2.023980e-01 -3.591533e-02 -4.796489e-01 -6.679191e-02 1.822878e-02 6.640749e-02 8.598260e-02 9.101259e-02 5.067614e-02 -3.043420e-02 -6.710961e-02 9.885215e-03 -3.222080e-03 -4.210808e-02 -8.446189e-02 -4.521043e-02
<VARIANCE> 39
 4.038959e+01 5.052631e+01 6.514389e+01 4.788062e+01 3.513459e+01 5.445169e+01 4.751137e+01 4.362641e+01 3.160940e+01 6.313924e+01 5.440973e+01 3.207528e+01 7.320908e+01 6.716173e-01 7.732882e-01 1.072097e+00 1.231441e+00 1.278914e+00 1.621597e+00 1.775284e+00 1.420751e+00 1.530149e+00 1.721855e+00 1.338775e+00 1.122793e+00 1.019580e+00 8.818554e-02 1.140772e-01 1.676173e-01 1.926033e-01 1.828726e-01 2.544533e-01 2.746744e-01 2.197979e-01 2.758829e-01 3.105225e-01 2.799422e-01 2.270231e-01 1.273277e-01
<GCONST> 1.033850e+02
<TRANSP> 6
 0.000000e+00 8.394883e-01 1.605117e-01 0.000000e+00 0.000000e+00 0.000000e+00
 0.000000e+00 9.162971e-01 6.766838e-03 7.693605e-02 0.000000e+00 0.000000e+00
 0.000000e+00 0.000000e+00 9.709245e-01 1.721650e-02 1.185903e-02 0.000000e+00
 0.000000e+00 0.000000e+00 0.000000e+00 9.141542e-01 4.490199e-02 4.094378e-02
 0.000000e+00 0.000000e+00 0.000000e+00 0.000000e+00 9.452350e-01 5.476501e-02
 0.000000e+00 0.000000e+00 0.000000e+00 0.000000e+00 0.000000e+00 0.000000e+00
<ENDHMM>
