~o
<STREAMINFO> 1 36
<VECSIZE> 36<NULLD><LPC_D_A><DIAGC>
~h "tujuh"
<BEGINHMM>
<NUMSTATES> 8
<STATE> 2
<MEAN> 36
 -2.474430e+00 4.019055e+00 -5.554597e+00 6.507092e+00 -6.640626e+00 5.971924e+00 -4.652282e+00 3.112363e+00 -1.778356e+00 7.429116e-01 -2.596729e-01 7.211428e-02 6.321387e-02 -1.382699e-01 2.366792e-01 -2.990681e-01 3.333820e-01 -3.168932e-01 2.788958e-01 -1.847404e-01 1.132243e-01 -4.865272e-02 2.039725e-02 -6.395000e-03 -2.039332e-02 6.926122e-02 -1.233495e-01 1.845527e-01 -2.328894e-01 2.584471e-01 -2.483535e-01 2.062347e-01 -1.449980e-01 8.708401e-02 -3.689973e-02 9.729962e-03
<VARIANCE> 36
 2.084703e-01 1.676331e+00 5.235139e+00 1.100563e+01 1.631185e+01 1.844483e+01 1.631532e+01 1.091350e+01 5.499574e+00 1.998044e+00 4.484953e-01 5.023706e-02 2.217999e-02 1.903390e-01 5.620311e-01 1.239470e+00 1.936066e+00 2.332159e+00 2.181768e+00 1.589217e+00 8.377234e-01 3.215932e-01 6.979087e-02 7.175013e-03 8.484998e-03 6.435382e-02 1.890076e-01 3.851187e-01 5.665842e-01 6.397691e-01 5.617514e-01 3.746769e-01 1.857259e-01 6.742264e-02 1.482008e-02 1.624274e-03
<GCONST> 3.894879e+01
<STATE> 3
<MEAN> 36
 -8.214713e-01 2.467732e-01 -2.885326e-01 2.654742e-01 -3.538632e-01 2.896067e-01 -2.031897e-01 2.618222e-01 -2.241642e-01 1.427947e-01 -1.520914e-01 9.789120e-02 -2.069922e-04 -8.748353e-03 4.751561e-03 -3.521695e-03 3.352844e-04 -5.609315e-03 -1.378844e-03 4.325845e-04 8.558307e-04 7.425069e-04 7.565966e-04 -7.485598e-05 8.575578e-03 -1.963313e-04 -1.217378e-03 7.699206e-04 6.262563e-04 -1.196822e-04 -6.647240e-04 -7.202323e-04 -7.443590e-06 5.545707e-05 2.561285e-04 -4.453882e-04
<VARIANCE> 36
 2.851699e-01 2.233914e-01 2.617648e-01 1.844048e-01 1.020050e-01 9.016959e-02 1.002072e-01 7.815794e-02 4.041319e-02 4.647337e-02 3.192410e-02 1.717675e-02 3.749445e-02 2.793849e-02 1.176954e-02 1.394757e-02 7.219967e-03 7.596306e-03 3.373246e-03 5.203190e-03 3.003473e-03 2.844768e-03 2.069925e-03 1.658592e-03 7.675684e-03 6.094244e-03 2.512469e-03 3.035147e-03 1.605170e-03 1.690476e-03 7.255811e-04 1.115779e-03 6.427881e-04 6.253718e-04 4.372166e-04 3.509388e-04
<GCONST> -1.025499e+02
<STATE> 4
<MEAN> 36
 -2.795565e+00 5.118201e+00 -7.465916e+00 9.358912e+00 -1.023481e+01 9.875909e+00 -8.408806e+00 6.252971e+00 -3.971235e+00 2.069923e+00 -8.282398e-01 2.299184e-01 4.461495e-03 -5.056252e-02 8.477477e-02 -1.614155e-01 2.233482e-01 -2.721763e-01 2.672445e-01 -2.486072e-01 1.855907e-01 -1.172128e-01 5.129344e-02 -6.821400e-03 3.251176e-02 -9.906086e-02 1.676479e-01 -2.445674e-01 2.995537e-01 -3.168384e-01 2.908924e-01 -2.335488e-01 1.587202e-01 -9.224072e-02 3.978186e-02 -1.156879e-02
<VARIANCE> 36
 1.188390e-01 9.018060e-01 3.211884e+00 7.197464e+00 1.116174e+01 1.309613e+01 1.193913e+01 8.665739e+00 4.776525e+00 1.918434e+00 4.364500e-01 3.444749e-02 4.030628e-02 3.049905e-01 9.240614e-01 1.912484e+00 2.834018e+00 3.168198e+00 2.729764e+00 1.787317e+00 8.794056e-01 3.166207e-01 6.653647e-02 5.223643e-03 5.357758e-03 3.616372e-02 1.112806e-01 2.328401e-01 3.500676e-01 4.053071e-01 3.621061e-01 2.538891e-01 1.328742e-01 5.202134e-02 1.107306e-02 8.054213e-04
<GCONST> 3.227674e+01
<STATE> 5
<MEAN> 36
 -5.935628e-01 9.184884e-02 -2.369379e-01 2.365347e-01 -3.040235e-01 1.930397e-01 -2.055225e-01 2.228377e-01 -1.765196e-01 1.289681e-01 -1.497370e-01 7.013937e-02 3.127776e-02 1.703789e-02 -1.675927e-02 1.352493e-02 4.155316e-03 7.097404e-03 -1.723601e-02 -6.746057e-03 -2.591626e-04 1.137083e-02 -1.197047e-04 2.596699e-04 -2.733125e-02 2.871443e-02 -2.595908e-03 -9.812866e-04 -2.304128e-03 9.593237e-03 -2.855328e-03 -3.629346e-03 -5.450287e-03 4.872635e-03 1.284429e-03 2.273222e-03
<VARIANCE> 36
 4.095839e-01 1.683077e-01 1.998460e-01 2.006022e-01 9.517832e-02 9.084985e-02 9.456535e-02 6.885613e-02 4.250228e-02 3.067569e-02 2.848001e-02 1.885752e-02 3.475928e-02 2.378572e-02 1.130435e-02 1.218844e-02 1.030387e-02 5.987978e-03 4.056081e-03 3.952389e-03 3.426058e-03 1.920553e-03 2.476958e-03 1.829138e-03 7.932005e-03 5.300261e-03 3.530764e-03 2.648207e-03 1.452150e-03 9.721185e-04 9.011083e-04 1.064100e-03 6.441739e-04 6.716632e-04 4.894971e-04 4.148007e-04
<GCONST> -1.036908e+02
<STATE> 6
<MEAN> 36
 -1.106537e+00 8.845513e-01 -9.630679e-01 9.542948e-01 -9.667881e-01 7.195836e-01 -4.447136e-01 2.495706e-01 -1.545692e-01 7.176933e-02 -7.242345e-02 5.650462e-02 2.425968e-02 -4.179585e-02 8.194269e-02 -1.185805e-01 1.417124e-01 -1.174403e-01 1.008277e-01 -8.337883e-02 4.075847e-02 -2.184960e-02 1.889507e-02 -7.332917e-03 -3.198549e-02 6.982342e-02 -1.175878e-01 1.698269e-01 -1.974257e-01 2.056524e-01 -1.845752e-01 1.456239e-01 -9.717781e-02 5.066630e-02 -1.789757e-02 4.004898e-03
<VARIANCE> 36
 7.890040e-01 1.586096e+00 2.593987e+00 3.065507e+00 2.581685e+00 2.091006e+00 1.474024e+00 8.123280e-01 3.899785e-01 1.670046e-01 6.409105e-02 1.697524e-02 4.570990e-02 9.480021e-02 1.129611e-01 1.954842e-01 2.393667e-01 2.446519e-01 2.021428e-01 1.316720e-01 6.809530e-02 2.862679e-02 9.769032e-03 2.066495e-03 9.850776e-03 3.433560e-02 7.055464e-02 1.354620e-01 1.869533e-01 1.987605e-01 1.656106e-01 1.028128e-01 4.691715e-02 1.588370e-02 3.521985e-03 4.640834e-04
<GCONST> -1.253009e+01
<STATE> 7
<MEAN> 36
 -1.588035e+00 2.240710e+00 -3.191199e+00 3.756126e+00 -3.850168e+00 3.525946e+00 -2.915162e+00 2.050339e+00 -1.272113e+00 6.276841e-01 -2.434025e-01 7.759250e-02 -6.736205e-02 1.913056e-01 -3.022922e-01 4.440601e-01 -5.188801e-01 5.472928e-01 -5.104021e-01 4.096597e-01 -2.952867e-01 1.793171e-01 -7.246456e-02 1.561396e-02 -1.372202e-02 1.418223e-02 -9.400642e-03 1.619393e-02 -1.901188e-02 1.339857e-02 -4.920983e-03 3.058233e-03 -6.696763e-04 3.834362e-03 -4.880091e-03 3.278615e-03
<VARIANCE> 36
 1.460950e+00 5.673321e+00 1.193972e+01 1.937055e+01 2.350461e+01 2.295680e+01 1.793366e+01 1.072588e+01 4.798047e+00 1.557648e+00 3.062806e-01 2.940365e-02 4.194093e-02 1.374103e-01 3.479536e-01 6.936594e-01 9.968256e-01 1.100051e+00 9.773540e-01 6.625774e-01 3.241960e-01 1.143144e-01 2.290003e-02 2.293928e-03 6.653578e-03 2.668975e-02 7.094575e-02 1.466396e-01 2.176246e-01 2.462624e-01 2.153171e-01 1.422408e-01 7.094713e-02 2.429300e-02 4.801438e-03 4.978045e-04
<GCONST> 2.358286e+01
<TRANSP> 8
 0.000000e+00 2.000012e-01 7.999989e-01 0.000000e+00 0.000000e+00 0.000000e+00 0.000000e+00 0.000000e+00
 0.000000e+00 8.546680e-01 0.000000e+00 1.453320e-01 0.000000e+00 0.000000e+00 0.000000e+00 0.000000e+00
 0.000000e+00 0.000000e+00 9.413356e-01 0.000000e+00 5.866441e-02 0.000000e+00 0.000000e+00 0.000000e+00
 0.000000e+00 0.000000e+00 0.000000e+00 8.925676e-01 0.000000e+00 1.074324e-01 0.000000e+00 0.000000e+00
 0.000000e+00 0.000000e+00 0.000000e+00 0.000000e+00 0.000000e+00 1.000000e+00 0.000000e+00 0.000000e+00
 0.000000e+00 0.000000e+00 0.000000e+00 0.000000e+00 0.000000e+00 2.513894e-01 7.486107e-01 0.000000e+00
 0.000000e+00 0.000000e+00 0.000000e+00 0.000000e+00 0.000000e+00 0.000000e+00 3.556812e-01 6.443189e-01
 0.000000e+00 0.000000e+00 0.000000e+00 0.000000e+00 0.000000e+00 0.000000e+00 0.000000e+00 0.000000e+00
<ENDHMM>
