~o
<STREAMINFO> 1 63
<VECSIZE> 63<NULLD><MFCC_D_A_0><DIAGC>
~h "a"
<BEGINHMM>
<NUMSTATES> 8
<STATE> 2
<MEAN> 63
 -1.419133e+01 3.729164e+00 -3.000175e+00 4.818855e-01 -7.002000e-01 1.353034e+00 2.713480e+00 4.250279e+00 1.486317e+00 2.085873e+00 -2.243621e+00 -3.219723e+00 -5.169546e+00 -2.892668e+00 -6.606988e-01 3.411472e-01 3.752129e-01 -2.658684e-02 1.270586e-01 1.177480e-01 6.124931e+01 -1.435065e-03 1.918395e-02 3.267119e-02 -6.286267e-05 -3.246173e-02 -3.281697e-02 2.536356e-02 3.775999e-02 5.763440e-03 -2.630935e-02 -2.146443e-02 -4.818226e-03 2.109658e-02 1.151436e-02 1.896359e-03 -1.445669e-02 -1.350907e-02 -1.447652e-04 3.097314e-04 -4.213341e-04 1.557679e-02 1.005214e-02 -1.673297e-02 3.257005e-02 2.856498e-02 3.515828e-02 2.993458e-02 -1.411412e-02 -1.125160e-02 5.329197e-03 2.893534e-03 4.666371e-03 6.916780e-03 -2.943536e-03 -5.276323e-03 1.700530e-03 1.176871e-03 -9.336030e-03 -8.058979e-03 -3.225183e-03 -4.502420e-03 3.278725e-02
<VARIANCE> 63
 1.598947e+01 2.587300e+00 2.979793e+00 1.840111e+00 3.255907e+00 2.777706e+00 4.418110e+00 4.963544e+00 3.717254e+00 3.080327e+00 3.734923e+00 3.412258e+00 4.788627e+00 2.601037e+00 1.519783e+00 1.083002e+00 6.747043e-01 4.904143e-01 3.306380e-01 1.590151e-01 2.877369e+02 4.584683e-02 9.405036e-02 1.209508e-01 1.736017e-01 2.221123e-01 2.650220e-01 2.883032e-01 3.435416e-01 2.711821e-01 2.446428e-01 2.789782e-01 2.306353e-01 2.176470e-01 1.852110e-01 1.431450e-01 1.155077e-01 7.390703e-02 4.958833e-02 2.773454e-02 1.450431e-02 2.170803e-01 2.067325e-02 2.988053e-02 4.100823e-02 5.151505e-02 6.684437e-02 6.318359e-02 6.017264e-02 7.270129e-02 6.019253e-02 4.940901e-02 6.342426e-02 4.891597e-02 4.389158e-02 3.597339e-02 2.845016e-02 2.150016e-02 1.522685e-02 1.040008e-02 6.094021e-03 3.173374e-03 2.227331e-02
<GCONST> 2.063493e+01
<STATE> 3
<MEAN> 63
 -3.141888e+00 -3.012612e+00 -6.880654e+00 1.515633e+00 4.664637e+00 -3.369917e+00 -5.788386e+00 3.307137e+00 2.666984e-01 6.291615e-02 3.193626e+00 5.484694e+00 -1.382007e+00 8.791581e-02 3.971602e+00 -2.112347e+00 -4.794111e+00 -7.298130e-01 7.747799e-01 -1.020419e+00 7.890887e+01 9.747984e-02 -8.181748e-02 -2.725603e-02 -1.002746e-01 5.884791e-03 -3.112715e-02 -8.104686e-02 -1.630566e-02 3.290054e-02 -8.503321e-03 7.622261e-02 1.353743e-01 9.843131e-02 3.464882e-02 4.648748e-03 -2.797693e-02 -4.822446e-02 -7.298632e-03 1.949221e-02 -9.351999e-03 1.558505e-01 -3.540881e-02 7.735514e-03 1.408052e-02 -2.128451e-02 -1.481816e-02 6.449491e-03 1.296235e-02 -5.974708e-03 1.186934e-03 1.843375e-03 -7.939735e-03 -1.418915e-02 2.652412e-03 7.077181e-04 -9.585545e-03 -5.398872e-04 6.263057e-03 2.794275e-03 3.529698e-04 2.511601e-03 -1.569908e-02
<VARIANCE> 63
 4.559617e+01 2.701897e+01 6.568741e+01 7.924633e+01 4.881785e+01 4.856124e+01 3.819657e+01 3.585344e+01 3.733519e+01 2.014208e+01 3.540639e+01 4.123613e+01 2.411074e+01 2.181917e+01 2.745182e+01 1.233757e+01 7.637377e+00 3.187831e+00 2.303376e+00 1.213755e+00 2.526358e+01 3.730421e+00 2.738380e+00 4.293155e+00 4.696614e+00 3.550903e+00 3.955160e+00 3.533990e+00 2.840927e+00 3.118033e+00 2.029380e+00 2.478669e+00 2.507273e+00 2.418251e+00 1.880946e+00 2.515945e+00 8.753005e-01 6.544917e-01 3.151969e-01 2.217157e-01 1.161749e-01 2.215305e+00 5.567733e-01 5.016587e-01 6.117718e-01 6.765359e-01 6.075256e-01 6.749662e-01 6.647238e-01 5.167350e-01 5.854201e-01 3.979043e-01 4.666411e-01 4.010764e-01 4.850788e-01 3.514202e-01 4.429190e-01 1.613823e-01 1.231882e-01 6.249099e-02 4.400408e-02 2.282601e-02 3.592283e-01
<GCONST> 1.672612e+02
<STATE> 4
<MEAN> 63
 -2.068180e+00 8.347062e-01 -1.555217e+00 3.341269e+00 -2.945095e+00 4.603318e-01 -3.551693e+00 3.520680e+00 1.379236e+00 -8.142183e+00 -1.969760e+00 3.721203e+00 -2.217574e+00 -3.222610e-01 -4.351276e-01 -2.951428e+00 -1.580720e-01 1.112085e+00 -2.267525e-01 -3.414829e-01 5.550949e+01 -2.271015e-03 -6.045216e-05 2.252560e-04 -2.501518e-03 -1.388072e-03 -2.361213e-03 -1.826074e-03 -5.829918e-04 2.502777e-03 -3.736779e-04 -3.020707e-03 -1.495044e-03 4.477554e-04 7.090862e-04 -1.406873e-04 -1.774430e-03 -1.960744e-03 -7.520829e-04 1.154940e-04 7.868593e-05 2.288587e-03 -1.836386e-03 1.071427e-03 8.424346e-04 -2.078450e-04 -5.636096e-04 4.119031e-04 1.512300e-04 1.009473e-04 -4.319295e-05 -1.262455e-04 3.731616e-04 1.008815e-03 7.872118e-04 -1.976606e-05 5.263289e-05 7.036977e-04 6.537447e-04 9.622639e-05 -4.084571e-05 4.485728e-05 1.708452e-03
<VARIANCE> 63
 7.531571e+01 9.825323e+01 7.857169e+01 8.543600e+01 8.068971e+01 5.534416e+01 5.253026e+01 5.989410e+01 8.444762e+01 5.967854e+01 5.135342e+01 5.206189e+01 3.667377e+01 2.419384e+01 2.226387e+01 1.748150e+01 1.055638e+01 4.919399e+00 2.391133e+00 1.443685e+00 6.772266e+01 3.930850e+00 9.086874e+00 7.043330e+00 6.163863e+00 9.698387e+00 5.863344e+00 5.433941e+00 5.460813e+00 6.512662e+00 6.250552e+00 5.261832e+00 5.960480e+00 3.639426e+00 2.474576e+00 2.179957e+00 2.011343e+00 1.037034e+00 5.427914e-01 2.918971e-01 1.637308e-01 4.325916e+00 6.484051e-01 1.707483e+00 1.379235e+00 1.166665e+00 1.975064e+00 1.171381e+00 1.098470e+00 1.076921e+00 1.261005e+00 1.213310e+00 1.015084e+00 1.182514e+00 7.363497e-01 5.116606e-01 4.427355e-01 4.105641e-01 2.068610e-01 1.150411e-01 6.213468e-02 3.369636e-02 8.014826e-01
<GCONST> 2.013755e+02
<STATE> 5
<MEAN> 63
 -7.972455e+00 3.118279e+00 2.264703e+00 4.295704e+00 -8.107105e-01 -4.288338e-01 1.878561e+00 -5.522991e+00 -3.011606e+00 -3.636761e+00 1.338885e+00 1.681837e+00 4.563766e-01 1.109277e+00 2.496700e+00 -1.632406e+00 -1.119037e+00 4.419053e-01 4.177316e-01 -3.616053e-01 7.127989e+01 -2.322039e-02 6.953888e-03 8.419172e-03 -6.800620e-03 -7.444171e-03 3.537640e-03 9.433258e-03 -5.903803e-03 1.682180e-03 -5.210966e-04 -5.775980e-03 -8.779439e-03 -7.778810e-04 -4.143101e-03 -2.891235e-03 -4.511009e-04 3.959068e-03 6.075394e-04 3.998911e-05 3.582187e-04 4.204021e-02 1.932549e-03 -1.372338e-03 -4.982567e-03 1.791506e-03 5.129340e-04 -4.430119e-04 -4.433277e-04 1.176612e-03 -7.438588e-05 -3.331763e-04 -2.981524e-04 -9.307596e-04 -3.316425e-03 -2.369742e-03 9.295275e-04 -4.269861e-04 1.378887e-05 -1.295200e-04 1.085668e-04 2.320491e-04 -4.996304e-03
<VARIANCE> 63
 1.082754e+02 7.536476e+01 5.793978e+01 6.089919e+01 5.803376e+01 5.231049e+01 4.125516e+01 3.992414e+01 3.846469e+01 4.017415e+01 3.390867e+01 4.050211e+01 2.268195e+01 1.497999e+01 1.550695e+01 1.134718e+01 8.199095e+00 3.499641e+00 1.395000e+00 7.823731e-01 1.286547e+02 6.722617e+00 6.313005e+00 4.782738e+00 4.180273e+00 4.987624e+00 3.553219e+00 3.396827e+00 3.021879e+00 3.327822e+00 2.975454e+00 3.063200e+00 4.523539e+00 1.846343e+00 1.317717e+00 1.243882e+00 9.136863e-01 7.576562e-01 3.203928e-01 1.401564e-01 6.995796e-02 5.656794e+00 1.114438e+00 1.158013e+00 8.971673e-01 7.746705e-01 9.930255e-01 7.331048e-01 6.430131e-01 5.973790e-01 6.736339e-01 5.938003e-01 5.865473e-01 9.414691e-01 3.617408e-01 2.684385e-01 2.498236e-01 1.818229e-01 1.567793e-01 6.530046e-02 2.801065e-02 1.413936e-02 1.014952e+00
<GCONST> 1.751148e+02
<STATE> 6
<MEAN> 63
 -4.150198e+00 -9.117254e+00 8.315328e+00 -1.401605e+01 5.746294e+00 -1.517294e+01 1.658459e+01 -1.397197e+01 1.737065e+00 -8.894276e+00 1.068779e+00 -3.364919e+00 -6.104581e-01 -4.762527e+00 -1.319548e+00 -1.235255e+00 -1.266217e+00 -1.181920e+00 -1.439129e+00 -1.069795e+00 8.280802e+01 -1.135794e-02 2.024355e-03 4.572723e-03 -3.477250e-03 -6.093844e-03 4.315238e-03 3.212135e-03 -3.852885e-03 -2.042665e-03 1.368113e-03 -3.576934e-03 -6.969661e-03 -3.700608e-03 -7.504731e-04 -1.552240e-03 1.199488e-03 2.024562e-03 2.092020e-04 -5.866625e-05 7.638983e-04 -6.717998e-03 2.904877e-03 -5.303296e-04 -1.872254e-03 4.524183e-03 2.574812e-03 -4.226166e-04 -1.883671e-03 6.975182e-04 -1.479776e-03 4.736439e-04 -3.038867e-04 4.377180e-04 -1.710819e-03 6.667958e-04 1.513404e-03 6.467247e-04 1.423015e-04 3.858502e-04 3.106120e-05 1.264822e-04 -1.869784e-03
<VARIANCE> 63
 6.307758e+01 4.826469e+01 6.507694e+01 6.840044e+01 1.257790e+02 1.276651e+02 6.781604e+01 7.364796e+01 7.976657e+01 4.582272e+01 7.568748e+01 4.367591e+01 5.108693e+01 3.597924e+01 2.501870e+01 1.529744e+01 1.084243e+01 7.191610e+00 4.668834e+00 2.543765e+00 6.810863e+01 4.160069e+00 5.094985e+00 4.832218e+00 4.971962e+00 7.998826e+00 6.905826e+00 4.908543e+00 5.915798e+00 6.046995e+00 3.757173e+00 5.459405e+00 4.086865e+00 4.280325e+00 2.812218e+00 2.040730e+00 1.211310e+00 8.961032e-01 5.521227e-01 3.653564e-01 1.989565e-01 5.291193e+00 6.887679e-01 9.292519e-01 7.858092e-01 8.583772e-01 1.327908e+00 1.302622e+00 9.433644e-01 1.136414e+00 1.165078e+00 7.496262e-01 1.030561e+00 7.782699e-01 8.158421e-01 5.063781e-01 3.828237e-01 2.420575e-01 1.808102e-01 1.068917e-01 6.972887e-02 3.809424e-02 9.612718e-01
<GCONST> 1.990490e+02
<STATE> 7
<MEAN> 63
 -9.770620e+00 2.617170e+00 -2.946933e+00 -2.707310e+00 -3.490786e+00 -6.202559e+00 -2.899654e+00 -3.777529e+00 -8.901222e-01 -5.786940e+00 -1.775818e+00 -1.959324e+00 2.736561e-01 -1.205630e+00 -1.687933e-01 -1.696051e+00 -8.370286e-01 -3.603832e-01 -8.022496e-02 -6.582729e-01 7.369287e+01 -1.667689e-02 2.294912e-02 -2.493674e-03 4.475752e-02 1.000404e-02 7.174493e-03 1.627655e-02 8.985138e-03 -1.183826e-02 1.525144e-03 -1.969170e-02 -3.481516e-02 -3.150141e-02 -1.053020e-02 2.033982e-03 1.000235e-02 1.332187e-02 1.717578e-03 -6.531265e-03 2.026569e-03 -4.633571e-02 8.002935e-03 -1.806107e-06 -2.201964e-03 2.418960e-03 1.749297e-03 -3.632067e-03 -2.510266e-03 2.162760e-03 9.849139e-04 -1.111606e-03 2.296199e-03 3.547691e-03 2.165930e-03 9.984176e-04 1.856208e-03 -2.029485e-04 -1.541826e-03 -4.899661e-04 -9.227828e-05 -6.413242e-04 4.077326e-03
<VARIANCE> 63
 6.041615e+01 3.022402e+01 3.348155e+01 3.569682e+01 4.401277e+01 3.719223e+01 3.314173e+01 2.281188e+01 3.258251e+01 3.317752e+01 2.139209e+01 1.679031e+01 1.977297e+01 1.071933e+01 8.064501e+00 7.017308e+00 4.382879e+00 2.901613e+00 1.551634e+00 7.320995e-01 6.730374e+01 2.509217e+00 1.613493e+00 1.785441e+00 1.945499e+00 2.177621e+00 2.028942e+00 1.640770e+00 1.417609e+00 2.154039e+00 1.758744e+00 1.388524e+00 1.288890e+00 1.039162e+00 7.568753e-01 5.635176e-01 4.751173e-01 3.488983e-01 1.824151e-01 1.058740e-01 5.598373e-02 1.849913e+00 3.758798e-01 2.931223e-01 2.900369e-01 3.079113e-01 3.675734e-01 3.802473e-01 3.104595e-01 2.757505e-01 4.095301e-01 3.296198e-01 2.611327e-01 2.274814e-01 1.823125e-01 1.450160e-01 1.093571e-01 8.452708e-02 6.366214e-02 3.405052e-02 2.082333e-02 1.117149e-02 2.635824e-01
<GCONST> 1.335909e+02
<TRANSP> 8
 0.000000e+00 1.000000e+00 0.000000e+00 0.000000e+00 0.000000e+00 0.000000e+00 0.000000e+00 0.000000e+00
 0.000000e+00 9.381758e-01 5.051966e-02 1.130458e-02 0.000000e+00 0.000000e+00 0.000000e+00 0.000000e+00
 0.000000e+00 0.000000e+00 9.872594e-01 0.000000e+00 1.274054e-02 0.000000e+00 0.000000e+00 0.000000e+00
 0.000000e+00 0.000000e+00 0.000000e+00 9.982073e-01 1.381268e-03 4.115088e-04 0.000000e+00 0.000000e+00
 0.000000e+00 0.000000e+00 0.000000e+00 0.000000e+00 9.923739e-01 7.626081e-03 0.000000e+00 0.000000e+00
 0.000000e+00 0.000000e+00 0.000000e+00 0.000000e+00 0.000000e+00 9.917853e-01 8.214682e-03 0.000000e+00
 0.000000e+00 0.000000e+00 0.000000e+00 0.000000e+00 0.000000e+00 0.000000e+00 9.946839e-01 5.316146e-03
 0.000000e+00 0.000000e+00 0.000000e+00 0.000000e+00 0.000000e+00 0.000000e+00 0.000000e+00 0.000000e+00
<ENDHMM>
