~o
<STREAMINFO> 1 36
<VECSIZE> 36<NULLD><LPC_D_A><DIAGC>
~h "bagi"
<BEGINHMM>
<NUMSTATES> 8
<STATE> 2
<MEAN> 36
 -2.834209e+00 5.371047e+00 -8.265959e+00 1.048681e+01 -1.146072e+01 1.104311e+01 -9.327223e+00 6.841241e+00 -4.360550e+00 2.248502e+00 -8.740260e-01 2.334104e-01 8.830153e-02 -2.202040e-01 3.711857e-01 -5.203083e-01 5.869796e-01 -5.775731e-01 4.912596e-01 -3.611932e-01 2.225619e-01 -1.158857e-01 3.659870e-02 -7.317899e-03 1.930026e-02 -5.255403e-02 9.639644e-02 -1.400193e-01 1.652773e-01 -1.724367e-01 1.581832e-01 -1.256931e-01 8.760773e-02 -5.127006e-02 2.227421e-02 -6.710333e-03
<VARIANCE> 36
 2.270311e-01 1.689812e+00 5.480510e+00 1.165010e+01 1.682987e+01 1.867375e+01 1.641686e+01 1.147031e+01 5.968399e+00 2.148149e+00 4.588452e-01 4.138697e-02 3.856830e-02 2.846740e-01 9.110912e-01 1.968094e+00 2.863334e+00 3.185877e+00 2.711642e+00 1.794329e+00 8.736222e-01 2.944453e-01 5.969718e-02 5.323074e-03 8.384742e-03 6.345558e-02 1.998720e-01 4.234330e-01 5.989082e-01 6.437681e-01 5.309734e-01 3.434423e-01 1.626882e-01 5.414451e-02 1.092034e-02 9.938759e-04
<GCONST> 4.056471e+01
<STATE> 3
<MEAN> 36
 -8.056810e-01 1.500274e-01 -2.682423e-01 2.395619e-01 -2.397163e-01 3.141973e-01 -2.035727e-01 1.794267e-01 -2.457386e-01 1.230365e-01 -1.487848e-01 1.028483e-01 -1.056426e-02 9.878702e-04 7.950973e-03 -3.877844e-04 -2.948980e-03 1.251965e-03 3.514009e-03 9.709290e-05 -1.390420e-03 -4.105954e-04 1.963639e-03 -2.101750e-03 -7.165089e-04 7.736769e-03 -1.538476e-03 -1.068401e-04 -8.391397e-04 -1.064511e-05 4.203286e-04 1.134145e-03 8.869039e-04 2.670989e-04 -7.370223e-04 -4.274062e-04
<VARIANCE> 36
 2.706161e-01 1.313236e-01 2.419588e-01 1.207321e-01 9.751005e-02 6.969139e-02 7.835286e-02 8.565065e-02 2.795979e-02 3.611469e-02 4.243255e-02 1.510180e-02 3.349534e-02 2.132835e-02 9.335133e-03 9.558216e-03 5.196843e-03 4.723789e-03 3.266953e-03 3.830152e-03 1.832730e-03 2.542378e-03 2.227646e-03 1.439716e-03 7.095398e-03 5.247161e-03 2.121529e-03 2.166279e-03 1.176025e-03 1.001856e-03 7.060096e-04 7.983109e-04 3.598526e-04 5.388915e-04 4.442598e-04 2.932092e-04
<GCONST> -1.101904e+02
<STATE> 4
<MEAN> 36
 -1.304404e+00 9.790303e-01 -8.087276e-01 8.168455e-01 -8.915614e-01 7.680146e-01 -4.564307e-01 2.962790e-01 -2.117963e-01 1.941682e-02 3.048621e-03 1.034158e-02 9.487870e-03 5.732515e-02 -7.195236e-02 6.622434e-02 -6.846528e-02 5.922705e-02 -4.808944e-02 4.813698e-02 -2.120649e-03 6.457380e-04 -7.570348e-03 -8.594906e-03 -1.223494e-02 7.604267e-02 -1.786470e-01 2.573276e-01 -2.707817e-01 2.792785e-01 -2.440428e-01 1.872650e-01 -1.202917e-01 6.513283e-02 -2.759278e-02 8.100575e-03
<VARIANCE> 36
 5.793719e-01 1.581035e+00 2.983305e+00 3.247421e+00 2.843543e+00 2.074718e+00 1.456167e+00 7.629829e-01 3.599762e-01 1.796382e-01 7.556747e-02 2.309101e-02 3.380886e-02 9.106818e-02 1.193346e-01 2.032825e-01 2.768451e-01 2.888005e-01 2.483761e-01 1.688509e-01 8.220400e-02 3.200746e-02 8.583835e-03 2.135862e-03 1.502634e-02 5.062715e-02 9.615486e-02 1.956472e-01 2.965213e-01 3.179915e-01 2.582478e-01 1.578400e-01 6.845428e-02 2.093002e-02 3.680638e-03 5.418926e-04
<GCONST> -7.298901e+00
<STATE> 5
<MEAN> 36
 -2.822526e+00 5.477296e+00 -8.427139e+00 1.087893e+01 -1.212426e+01 1.192500e+01 -1.026997e+01 7.707480e+00 -4.944141e+00 2.539375e+00 -9.857012e-01 2.204326e-01 -5.607072e-02 1.590117e-01 -2.751457e-01 4.131456e-01 -4.840786e-01 5.137123e-01 -4.566217e-01 3.589188e-01 -2.360717e-01 1.288674e-01 -5.109059e-02 1.296000e-02 2.883471e-02 -7.905402e-02 1.424413e-01 -2.079439e-01 2.618486e-01 -2.740856e-01 2.548563e-01 -2.002774e-01 1.308824e-01 -6.623815e-02 2.340631e-02 -1.419568e-03
<VARIANCE> 36
 1.769325e-01 1.169949e+00 4.279572e+00 9.638198e+00 1.465658e+01 1.636951e+01 1.346319e+01 8.437784e+00 3.951731e+00 1.361269e+00 2.934538e-01 3.100064e-02 4.302587e-02 2.877183e-01 9.344873e-01 1.972832e+00 2.848866e+00 3.060316e+00 2.480910e+00 1.523861e+00 6.754205e-01 2.093945e-01 3.926158e-02 3.498128e-03 8.428587e-03 4.800610e-02 1.643103e-01 3.371949e-01 4.824902e-01 5.175222e-01 4.228223e-01 2.605425e-01 1.199543e-01 3.882580e-02 7.544030e-03 7.015468e-04
<GCONST> 3.255275e+01
<STATE> 6
<MEAN> 36
 -1.353265e+00 1.834910e+00 -2.452023e+00 3.095297e+00 -3.256007e+00 3.159031e+00 -2.505337e+00 1.933610e+00 -1.237457e+00 6.413143e-01 -3.005367e-01 1.022563e-01 6.918284e-02 -8.231486e-02 1.247185e-01 -2.127277e-01 3.386697e-01 -3.549870e-01 3.678815e-01 -2.916876e-01 2.197327e-01 -1.067021e-01 2.786255e-02 1.171694e-03 -2.146053e-02 2.344944e-02 -5.350389e-02 7.177170e-02 -9.060168e-02 9.460548e-02 -8.689409e-02 5.607712e-02 -4.273224e-02 1.840998e-02 -3.061745e-03 1.582252e-03
<VARIANCE> 36
 9.160678e-01 4.524627e+00 9.948988e+00 1.538315e+01 1.711780e+01 1.657766e+01 1.205857e+01 7.008779e+00 2.912517e+00 9.586421e-01 1.665283e-01 2.951169e-02 3.414860e-02 1.152005e-01 3.475078e-01 6.237193e-01 8.978609e-01 9.308872e-01 8.232610e-01 5.334299e-01 2.598779e-01 8.777129e-02 1.887789e-02 2.590006e-03 7.345486e-03 1.196281e-02 2.904846e-02 3.685876e-02 5.339827e-02 4.215076e-02 4.438862e-02 3.199814e-02 1.936860e-02 7.733584e-03 2.025230e-03 4.778412e-04
<GCONST> 5.149703e+00
<STATE> 7
<MEAN> 36
 -1.816657e+00 3.028473e+00 -4.425781e+00 5.537786e+00 -5.811282e+00 5.440065e+00 -4.313982e+00 3.053293e+00 -1.831208e+00 8.661386e-01 -3.437049e-01 9.518079e-02 -1.063718e-02 4.197492e-02 -1.125630e-01 1.562539e-01 -1.909542e-01 2.239523e-01 -2.064472e-01 1.630267e-01 -1.125129e-01 6.550687e-02 -3.261912e-02 1.163512e-02 -2.006904e-02 1.911751e-02 -2.619314e-02 4.831070e-02 -7.093744e-02 7.969247e-02 -7.734582e-02 6.222181e-02 -4.592671e-02 2.355034e-02 -4.884618e-03 2.093771e-03
<VARIANCE> 36
 1.320187e+00 7.422757e+00 1.932609e+01 3.437362e+01 4.569678e+01 4.740523e+01 3.916459e+01 2.478334e+01 1.161630e+01 3.724678e+00 6.828510e-01 6.266035e-02 5.331814e-02 3.120272e-01 1.127366e+00 2.534776e+00 4.036050e+00 4.707397e+00 4.239717e+00 2.882808e+00 1.402442e+00 4.580805e-01 8.488806e-02 7.257118e-03 1.191509e-02 8.333406e-02 3.118600e-01 7.061668e-01 1.123602e+00 1.303305e+00 1.159669e+00 7.712765e-01 3.668108e-01 1.167464e-01 2.134594e-02 1.582042e-03
<GCONST> 6.308136e+01
<TRANSP> 8
 0.000000e+00 2.624999e-01 7.375001e-01 0.000000e+00 0.000000e+00 0.000000e+00 0.000000e+00 0.000000e+00
 0.000000e+00 8.695376e-01 0.000000e+00 1.304624e-01 0.000000e+00 0.000000e+00 0.000000e+00 0.000000e+00
 0.000000e+00 0.000000e+00 9.507498e-01 4.925025e-02 0.000000e+00 0.000000e+00 0.000000e+00 0.000000e+00
 0.000000e+00 0.000000e+00 0.000000e+00 2.949227e-01 1.762693e-01 5.288080e-01 0.000000e+00 0.000000e+00
 0.000000e+00 0.000000e+00 0.000000e+00 0.000000e+00 8.573399e-01 1.426601e-01 0.000000e+00 0.000000e+00
 0.000000e+00 0.000000e+00 0.000000e+00 0.000000e+00 0.000000e+00 1.777900e-01 8.222100e-01 0.000000e+00
 0.000000e+00 0.000000e+00 0.000000e+00 0.000000e+00 0.000000e+00 0.000000e+00 4.635017e-01 5.364983e-01
 0.000000e+00 0.000000e+00 0.000000e+00 0.000000e+00 0.000000e+00 0.000000e+00 0.000000e+00 0.000000e+00
<ENDHMM>
