~o
<STREAMINFO> 1 39
<VECSIZE> 39<NULLD><MFCC_D_A_0><DIAGC>
~h "belas"
<BEGINHMM>
<NUMSTATES> 6
<STATE> 2
<MEAN> 39
 2.885853e+00 1.388207e+00 -5.082355e+00 2.144316e+00 -2.660063e+00 -5.608030e+00 -3.163112e+00 -2.887298e+00 -1.774750e+00 -5.291253e+00 7.234036e-01 7.120142e+00 7.208711e+01 -4.298543e-03 -2.930577e-01 5.008614e-02 -2.880051e-01 -2.297241e-01 1.040206e-01 5.685377e-02 -8.623692e-02 9.548651e-02 2.331332e-01 3.967732e-01 2.911433e-01 2.199906e-01 -1.003546e-01 2.033231e-02 1.029826e-01 -8.551069e-03 5.168187e-02 9.341515e-02 4.765954e-02 1.108176e-02 -2.785677e-02 5.372422e-03 1.630605e-02 -6.700993e-02 -4.751203e-02
<VARIANCE> 39
 1.520384e+01 5.383864e+01 7.455866e+01 7.025477e+01 6.595502e+01 6.890292e+01 3.122200e+01 6.093861e+01 6.526219e+01 5.506503e+01 4.584904e+01 4.888911e+01 7.303578e+01 5.738373e-01 1.395593e+00 1.450836e+00 1.552726e+00 2.156049e+00 2.264338e+00 1.797661e+00 1.641117e+00 2.795001e+00 2.089027e+00 1.761690e+00 1.677971e+00 7.061850e-01 1.043758e-01 1.947869e-01 1.970421e-01 2.456234e-01 2.848272e-01 3.451667e-01 3.209605e-01 2.752886e-01 4.250503e-01 3.708889e-01 2.797340e-01 2.808203e-01 7.968729e-02
<GCONST> 1.102810e+02
<STATE> 3
<MEAN> 39
 3.280636e-01 -1.515815e+01 4.324704e+00 -2.024128e+01 -1.003359e-01 -1.791221e+01 1.639153e+01 -1.991684e+01 -7.913274e-01 -8.568845e+00 -2.578061e+00 -3.067642e+00 8.539733e+01 -1.198604e+00 3.496939e-01 7.689718e-01 -5.925006e-01 7.451234e-01 5.525289e-01 -2.163027e-01 2.656879e-01 8.093559e-01 -1.613590e-01 4.074449e-01 -8.403116e-01 2.099947e-02 -2.647586e-01 1.578082e-01 1.684943e-01 3.897474e-02 2.243041e-01 1.026811e-01 9.002465e-02 1.346754e-01 1.049811e-01 6.961359e-02 1.467100e-01 5.598456e-02 -3.590440e-02
<VARIANCE> 39
 2.735668e+01 2.070320e+01 3.869316e+01 3.745374e+01 4.636170e+01 6.450609e+01 6.035359e+01 2.904241e+01 4.153808e+01 4.152808e+01 3.383487e+01 5.272428e+01 1.143222e+01 2.887247e+00 2.250912e+00 3.353169e+00 1.762298e+00 3.205107e+00 1.996374e+00 4.398288e+00 3.612079e+00 3.032780e+00 3.433965e+00 4.028156e+00 2.262381e+00 1.026065e+00 2.888309e-01 2.517204e-01 3.233898e-01 2.965114e-01 2.562380e-01 3.235683e-01 8.529048e-01 5.808656e-01 6.057490e-01 5.962619e-01 6.458316e-01 5.478949e-01 1.453365e-01
<GCONST> 1.188476e+02
<STATE> 4
<MEAN> 39
 -9.832273e+00 -5.478130e+00 7.661283e+00 -5.613637e+00 2.657524e-01 -6.967754e-01 3.183727e+00 -4.615684e+00 4.926002e-01 -4.760090e+00 4.185877e+00 2.790706e+00 6.571066e+01 -7.699191e-01 -2.605432e-01 2.371512e-01 -3.297844e-01 -1.905236e-01 4.167428e-02 1.559780e-01 -1.648779e-01 -1.419896e-01 2.238789e-01 -2.087058e-02 -1.487603e-01 -2.552252e-01 9.556242e-02 -3.368042e-02 -1.176850e-01 -9.145598e-03 -7.696510e-02 -1.009451e-01 -8.242923e-02 -4.049115e-02 -1.129305e-02 -5.584780e-02 -8.869097e-02 2.649819e-02 1.991843e-02
<VARIANCE> 39
 1.404873e+02 9.659200e+01 1.031371e+02 1.361752e+02 1.463397e+02 8.818725e+01 1.359336e+02 7.047279e+01 9.120740e+01 5.931413e+01 5.462458e+01 5.158706e+01 1.738887e+02 6.218720e+00 5.433629e+00 5.687043e+00 4.346887e+00 5.008252e+00 4.887322e+00 3.649262e+00 3.682199e+00 4.658347e+00 4.068930e+00 3.494784e+00 3.276644e+00 2.633365e+00 6.368213e-01 7.773843e-01 7.488413e-01 7.368635e-01 8.458400e-01 8.381526e-01 6.090657e-01 6.828498e-01 7.861219e-01 7.052260e-01 5.874106e-01 5.330182e-01 3.891402e-01
<GCONST> 1.447318e+02
<STATE> 5
<MEAN> 39
 -1.858357e+01 -5.054168e+00 3.584897e+00 -9.242744e+00 -2.615957e+00 -8.388777e-01 1.132351e+00 -6.696683e+00 3.816054e-02 -1.061129e+00 2.975215e+00 1.079106e+00 6.843981e+01 2.002623e-01 1.207201e-01 -3.453215e-01 3.806401e-01 8.276863e-02 1.531900e-01 3.696634e-02 1.734802e-01 -5.274354e-03 3.976418e-02 -8.411897e-02 -4.229032e-02 -5.760192e-01 1.225498e-01 5.852953e-02 -5.813158e-02 7.471413e-02 3.304980e-02 5.213615e-03 9.240544e-03 3.343172e-02 -9.816472e-03 -5.565291e-03 4.001133e-03 4.573750e-03 -1.026489e-02
<VARIANCE> 39
 3.273914e+01 3.692599e+01 6.689355e+01 5.203463e+01 6.468593e+01 3.426228e+01 5.809130e+01 1.898281e+01 3.287863e+01 2.564466e+01 1.853084e+01 2.308834e+01 7.665875e+01 9.109428e-01 8.947576e-01 1.191442e+00 1.116882e+00 1.005291e+00 1.002485e+00 1.106779e+00 1.103313e+00 1.236474e+00 1.039001e+00 1.111919e+00 9.393004e-01 7.760792e-01 1.272217e-01 1.256083e-01 1.720560e-01 2.009185e-01 1.881458e-01 2.022311e-01 2.141611e-01 2.229485e-01 2.245086e-01 2.150411e-01 2.140953e-01 1.836512e-01 8.707426e-02
<GCONST> 9.658364e+01
<TRANSP> 6
 0.000000e+00 7.950069e-01 2.049931e-01 0.000000e+00 0.000000e+00 0.000000e+00
 0.000000e+00 9.331322e-01 5.495661e-04 6.631831e-02 0.000000e+00 0.000000e+00
 0.000000e+00 0.000000e+00 9.349220e-01 6.507794e-02 0.000000e+00 0.000000e+00
 0.000000e+00 0.000000e+00 0.000000e+00 9.358656e-01 3.742421e-02 2.671023e-02
 0.000000e+00 0.000000e+00 0.000000e+00 0.000000e+00 9.483154e-01 5.168463e-02
 0.000000e+00 0.000000e+00 0.000000e+00 0.000000e+00 0.000000e+00 0.000000e+00
<ENDHMM>
