~o
<STREAMINFO> 1 39
<VECSIZE> 39<NULLD><MFCC_D_A_0><DIAGC>
~h "delapan"
<BEGINHMM>
<NUMSTATES> 6
<STATE> 2
<MEAN> 39
 2.148880e+00 3.179625e+00 -4.539725e+00 9.691774e+00 5.038770e+00 -9.184334e-01 -4.096248e+00 2.647073e+00 -6.157085e-01 -6.996331e+00 -2.715578e+00 3.826307e+00 5.466071e+01 6.640931e-01 -3.285483e-01 -2.589772e-01 -2.151181e-01 -3.012067e-01 -2.090905e-01 -3.733703e-01 -1.122006e-01 1.089501e-02 -3.568011e-01 4.702075e-02 4.832621e-01 6.147401e-01 -4.320583e-02 -7.871584e-02 7.194769e-02 -1.582965e-01 -2.897134e-01 3.787609e-02 1.176908e-01 4.619699e-03 1.410197e-01 1.113602e-01 5.692954e-02 6.796906e-02 2.534185e-02
<VARIANCE> 39
 5.403223e+01 5.608572e+01 4.457193e+01 4.830112e+01 7.807541e+01 4.466569e+01 4.443644e+01 5.235289e+01 5.684013e+01 4.860628e+01 7.237433e+01 3.277803e+01 1.128635e+02 2.997741e+00 6.691021e+00 4.934307e+00 4.543415e+00 8.028569e+00 5.534282e+00 4.545540e+00 4.861158e+00 5.114811e+00 4.973135e+00 4.644969e+00 3.468052e+00 2.633066e+00 3.907438e-01 1.293655e+00 8.406846e-01 6.866593e-01 1.114729e+00 1.026510e+00 8.388172e-01 8.808534e-01 9.628909e-01 1.015457e+00 8.360903e-01 5.667726e-01 3.266217e-01
<GCONST> 1.403928e+02
<STATE> 3
<MEAN> 39
 2.177002e+00 2.600303e+00 1.533126e-01 4.196752e+00 -7.114345e+00 1.730263e+00 -1.184089e+00 1.011219e+00 5.099400e+00 -7.413654e+00 -4.037117e+00 8.280245e+00 5.528566e+01 -3.540842e-02 1.069656e-01 3.757006e-02 1.241270e-01 1.350794e-01 -7.613002e-02 1.546703e-01 2.165282e-01 -7.952224e-02 1.594031e-01 1.754813e-01 -1.443986e-01 -6.982460e-02 -2.209809e-02 1.431087e-01 -1.119129e-01 1.672176e-01 3.188659e-01 -1.259987e-01 -3.303989e-02 1.085006e-01 -4.555257e-02 -1.639740e-03 -9.871343e-02 -1.593509e-01 -1.051170e-01
<VARIANCE> 39
 5.145691e+01 5.946729e+01 3.341295e+01 2.817813e+01 6.521552e+01 3.808638e+01 2.886954e+01 6.137917e+01 5.070861e+01 3.345856e+01 3.741447e+01 3.994696e+01 1.066729e+02 3.547161e+00 4.752853e+00 3.660049e+00 3.930902e+00 1.039990e+01 3.390095e+00 2.773521e+00 3.490583e+00 4.446237e+00 2.469997e+00 3.933306e+00 4.211319e+00 3.493973e+00 4.707538e-01 7.589436e-01 6.828126e-01 7.385058e-01 1.870377e+00 6.899570e-01 5.802436e-01 6.953626e-01 8.104737e-01 4.638273e-01 8.389571e-01 7.433774e-01 3.829803e-01
<GCONST> 1.342659e+02
<STATE> 4
<MEAN> 39
 1.089517e+00 -3.076875e+00 -1.372599e+01 -2.281583e+00 3.222400e-01 -6.210325e+00 -2.332314e+00 7.440623e+00 2.000008e+00 3.469796e-01 3.979858e+00 9.724163e+00 7.269537e+01 -1.471139e-01 1.559381e-01 1.067505e-01 2.846646e-02 4.750386e-02 1.852928e-01 2.170957e-01 1.880095e-01 1.660487e-01 -1.442076e-02 -2.104298e-01 -1.195444e-01 -1.703672e-01 -2.118680e-02 2.745812e-02 3.235295e-02 5.049442e-02 4.269640e-02 3.398136e-02 -1.784513e-02 -4.341931e-02 -5.388658e-02 -3.465070e-02 -2.140644e-02 -4.238871e-02 -3.042144e-02
<VARIANCE> 39
 1.498810e+01 2.360247e+01 1.326546e+01 2.419287e+01 3.472911e+01 3.673993e+01 1.431993e+01 1.577258e+01 2.241154e+01 1.508679e+01 2.129589e+01 1.358468e+01 2.538702e+01 8.865167e-01 1.281505e+00 8.905333e-01 1.476350e+00 1.341976e+00 1.520901e+00 1.171138e+00 1.306491e+00 1.785066e+00 1.329024e+00 1.704349e+00 1.027138e+00 1.274338e+00 1.227713e-01 1.802671e-01 1.520783e-01 2.192482e-01 1.688271e-01 2.591324e-01 1.799091e-01 1.954679e-01 2.791003e-01 2.397953e-01 3.125103e-01 1.807386e-01 1.497767e-01
<GCONST> 9.265456e+01
<STATE> 5
<MEAN> 39
 1.422748e-01 9.956647e+00 -1.061054e+00 1.166406e+01 8.363291e+00 -4.109818e-01 -2.698587e+00 4.874691e+00 3.292578e+00 -5.043466e+00 -5.959224e+00 -1.042831e+00 5.453307e+01 -3.085165e-01 1.570830e-01 -2.048890e-01 -2.781821e-01 2.568846e-03 -2.607103e-01 -2.703482e-01 -2.391906e-01 -1.618504e-01 8.734104e-02 5.085398e-04 -2.762848e-01 -3.107208e-01 1.151567e-01 -2.701005e-01 -7.414585e-02 -2.506225e-01 -3.358987e-01 2.295365e-02 -7.552052e-02 -1.241573e-01 -2.283675e-02 -7.012235e-02 1.606477e-01 2.972275e-01 1.928586e-01
<VARIANCE> 39
 3.573397e+01 3.020447e+01 3.241513e+01 3.706738e+01 3.941547e+01 2.773437e+01 2.250593e+01 9.870712e+01 3.892417e+01 3.274712e+01 3.215387e+01 2.421309e+01 1.121318e+02 1.663763e+00 3.203333e+00 3.287189e+00 3.064134e+00 5.326262e+00 2.726331e+00 2.636026e+00 4.348202e+00 3.915883e+00 2.943185e+00 2.759390e+00 3.072470e+00 1.458322e+00 2.629920e-01 3.625295e-01 6.326545e-01 4.022812e-01 6.915869e-01 6.063568e-01 5.134664e-01 8.021067e-01 7.065400e-01 6.104711e-01 3.885387e-01 4.331598e-01 1.844110e-01
<GCONST> 1.232516e+02
<TRANSP> 6
 0.000000e+00 8.440075e-01 1.559926e-01 0.000000e+00 0.000000e+00 0.000000e+00
 0.000000e+00 9.313225e-01 3.816250e-02 3.051510e-02 0.000000e+00 0.000000e+00
 0.000000e+00 0.000000e+00 9.579624e-01 0.000000e+00 4.203761e-02 0.000000e+00
 0.000000e+00 0.000000e+00 0.000000e+00 9.787506e-01 1.417683e-02 7.072580e-03
 0.000000e+00 0.000000e+00 0.000000e+00 0.000000e+00 8.975056e-01 1.024944e-01
 0.000000e+00 0.000000e+00 0.000000e+00 0.000000e+00 0.000000e+00 0.000000e+00
<ENDHMM>
