~o
<STREAMINFO> 1 39
<VECSIZE> 39<NULLD><MFCC_D_A_0><DIAGC>
~h "enam"
<BEGINHMM>
<NUMSTATES> 6
<STATE> 2
<MEAN> 39
 1.225030e+00 9.466818e+00 -2.655394e+00 1.428255e+01 1.191357e+01 -3.671616e-01 -4.516917e+00 4.205506e+00 2.863522e+00 -5.292241e+00 -4.527481e+00 2.224597e-01 5.155777e+01 7.784510e-01 -5.588982e-02 -3.335523e-02 -7.746892e-02 -3.456568e-01 2.470588e-01 4.468389e-01 1.949812e-01 2.534873e-01 -2.160125e-01 -2.226068e-01 1.178038e-01 5.892918e-01 -1.084628e-02 -2.916926e-01 2.234997e-02 -4.140624e-01 -4.701503e-01 2.227528e-01 2.516947e-02 -4.292704e-02 7.089148e-02 -9.605218e-02 2.941038e-01 3.339275e-01 1.399547e-01
<VARIANCE> 39
 2.829806e+01 2.068987e+01 1.994112e+01 3.564104e+01 1.529972e+01 2.660891e+01 2.746485e+01 9.944991e+01 3.213847e+01 1.821376e+01 3.227339e+01 3.168654e+01 7.103350e+01 1.503130e+00 2.475728e+00 1.680322e+00 4.743878e+00 3.833293e+00 2.192067e+00 4.070455e+00 2.178673e+00 2.553591e+00 2.673449e+00 3.826831e+00 4.608597e+00 1.192909e+00 2.366812e-01 2.124398e-01 2.562271e-01 5.347122e-01 3.781780e-01 3.664126e-01 6.555092e-01 4.896194e-01 5.312436e-01 3.769433e-01 5.114593e-01 5.825246e-01 1.456151e-01
<GCONST> 1.159347e+02
<STATE> 3
<MEAN> 39
 6.768249e+00 2.140699e+00 -6.909375e-01 4.368305e-01 -6.852420e+00 6.192821e+00 -4.388308e-01 5.088855e+00 8.054259e+00 -9.631643e+00 1.278481e+00 1.225253e+01 6.019814e+01 -1.505999e-02 2.865958e-01 4.551521e-02 -5.952957e-02 -4.591362e-01 -5.234932e-01 2.756939e-01 4.894956e-01 4.161235e-01 2.916493e-01 -2.548024e-01 -1.623170e-01 -1.010865e-01 -1.519287e-01 3.183910e-01 -7.871132e-02 6.137155e-01 7.528256e-01 -3.246126e-01 2.743531e-03 1.568329e-01 -1.612885e-01 1.789484e-01 -3.421923e-01 -7.026120e-01 -2.945884e-01
<VARIANCE> 39
 1.004907e+01 3.926745e+01 1.678559e+01 2.010233e+01 3.398387e+01 2.276019e+01 2.147287e+01 7.739890e+01 3.174297e+01 3.080187e+01 3.469788e+01 2.465524e+01 4.873805e+01 4.696460e-01 2.478644e+00 1.773208e+00 5.629221e+00 8.339196e+00 4.249704e+00 2.485136e+00 3.417804e+00 2.026081e+00 2.014437e+00 4.222570e+00 6.869729e+00 1.328224e+00 8.497436e-02 2.534376e-01 2.882347e-01 4.529247e-01 6.395835e-01 5.486124e-01 5.785669e-01 6.585658e-01 4.531641e-01 3.011528e-01 6.101029e-01 6.785981e-01 8.046345e-02
<GCONST> 1.150045e+02
<STATE> 4
<MEAN> 39
 2.194547e+00 1.179971e+01 -4.229712e-01 1.257662e+01 7.336084e+00 4.617199e-01 2.047980e-02 7.135320e+00 6.330504e+00 -6.074806e+00 -9.573980e+00 -4.400619e+00 5.499270e+01 -4.238937e-01 4.685317e-01 2.934068e-01 5.930326e-01 8.938985e-01 1.014146e-01 6.750707e-02 7.232215e-02 -1.743965e-01 7.610747e-02 -5.710053e-01 -1.124503e+00 -4.800083e-01 2.716213e-02 -1.147029e-01 2.736253e-02 -3.195777e-01 -3.838196e-01 8.196010e-02 -5.450345e-02 -1.577286e-01 8.025782e-03 -1.707410e-02 2.459634e-01 3.920340e-01 9.177473e-02
<VARIANCE> 39
 1.581532e+01 2.102901e+01 1.775149e+01 1.003106e+01 2.029930e+01 1.801043e+01 1.608895e+01 1.010852e+02 5.114173e+01 8.505219e+00 2.827294e+01 2.276110e+01 7.086201e+01 3.833788e-01 7.088537e-01 7.559832e-01 2.049965e+00 3.217042e+00 1.022368e+00 1.227699e+00 1.667542e+00 2.103098e+00 1.547811e+00 2.765394e+00 4.175347e+00 3.422595e-01 5.087132e-02 1.041521e-01 1.694224e-01 2.287585e-01 2.386018e-01 3.040835e-01 2.041918e-01 2.535078e-01 4.013619e-01 3.686587e-01 3.292324e-01 4.482142e-01 4.075951e-02
<GCONST> 9.526203e+01
<STATE> 5
<MEAN> 39
 1.965257e-01 6.394437e+00 -3.388673e-01 6.466269e+00 6.223385e-01 1.921724e+00 -2.108223e+00 4.924032e+00 4.318254e+00 -8.806429e+00 -5.549268e+00 1.539284e+00 4.977941e+01 -4.353926e-01 -1.212437e+00 -6.007292e-02 -9.705048e-01 -1.290094e+00 1.767245e-01 -3.088520e-01 -8.766366e-01 -6.753100e-01 -5.149367e-01 6.734597e-01 1.144013e+00 1.638762e-01 5.843285e-02 -1.100916e-01 3.520323e-02 -5.103810e-02 -6.025884e-02 -2.607536e-02 -4.285273e-02 -1.899125e-02 -3.918108e-02 -2.309855e-02 -9.129984e-02 1.882549e-03 1.300102e-01
<VARIANCE> 39
 8.118740e+01 8.705557e+01 3.368431e+01 4.137220e+01 7.926196e+01 4.926974e+01 4.733264e+01 5.717950e+01 6.057935e+01 7.668555e+01 5.320570e+01 8.504508e+01 5.743935e+01 1.911916e+00 3.424318e+00 3.727724e+00 3.552180e+00 4.492878e+00 4.243039e+00 2.633222e+00 3.709951e+00 6.256201e+00 6.294284e+00 4.176272e+00 4.602926e+00 2.009284e+00 2.692827e-01 5.927572e-01 6.420526e-01 6.645649e-01 7.801962e-01 7.245818e-01 5.110505e-01 5.554938e-01 1.112743e+00 1.176233e+00 9.449309e-01 8.207961e-01 3.137133e-01
<GCONST> 1.362214e+02
<TRANSP> 6
 0.000000e+00 7.500020e-01 2.499980e-01 0.000000e+00 0.000000e+00 0.000000e+00
 0.000000e+00 8.973615e-01 9.408440e-02 8.554199e-03 0.000000e+00 0.000000e+00
 0.000000e+00 0.000000e+00 8.934014e-01 1.065986e-01 0.000000e+00 0.000000e+00
 0.000000e+00 0.000000e+00 0.000000e+00 9.006226e-01 7.453248e-02 2.484496e-02
 0.000000e+00 0.000000e+00 0.000000e+00 0.000000e+00 8.932076e-01 1.067925e-01
 0.000000e+00 0.000000e+00 0.000000e+00 0.000000e+00 0.000000e+00 0.000000e+00
<ENDHMM>
