~o
<STREAMINFO> 1 39
<VECSIZE> 39<NULLD><MFCC_D_A_0><DIAGC>
~h "kali"
<BEGINHMM>
<NUMSTATES> 6
<STATE> 2
<MEAN> 39
 5.688496e+00 -2.688368e+00 4.767455e-02 6.842942e+00 -4.657456e+00 2.078825e+00 -3.169624e+00 -4.125774e-01 -3.736060e+00 -1.343895e+01 -7.140681e-03 5.340872e+00 5.519212e+01 3.829403e-01 -2.398467e-02 2.627623e-01 1.221530e+00 7.794698e-01 -2.239208e-02 -6.402594e-01 -3.819734e-01 9.005520e-02 -3.055488e-02 1.092251e-01 -1.016597e-02 2.608362e-01 -2.056804e-01 -1.020333e-01 2.768995e-01 -6.293485e-02 -9.527410e-02 2.783202e-01 -2.664928e-01 -1.686328e-01 3.270698e-01 5.327011e-02 1.258112e-01 1.024394e-01 -5.402768e-02
<VARIANCE> 39
 2.465647e+01 3.259277e+01 2.925751e+01 1.181997e+02 7.226951e+01 4.950497e+01 4.085623e+01 2.893465e+01 6.693336e+01 3.613320e+01 2.543251e+01 4.006958e+01 1.552652e+01 2.027192e+00 5.520092e+00 4.611962e+00 6.375132e+00 6.254063e+00 7.889978e+00 6.863641e+00 4.287543e+00 1.246002e+01 3.227273e+00 3.384919e+00 4.953419e+00 2.345686e+00 3.080285e-01 1.198565e+00 9.330006e-01 1.230659e+00 1.291821e+00 1.518529e+00 1.298737e+00 8.909017e-01 2.501264e+00 6.435990e-01 7.133851e-01 9.904509e-01 4.384366e-01
<GCONST> 1.389412e+02
<STATE> 3
<MEAN> 39
 5.292531e+00 -4.563892e+00 8.409868e+00 1.616975e+01 -3.988411e-01 5.716414e+00 -1.536203e+01 -7.740067e+00 4.724977e+00 -1.223874e+01 2.072670e+00 6.086843e+00 5.629517e+01 -3.364628e-01 3.357494e-01 6.658226e-01 3.780706e-01 5.817373e-01 4.175124e-02 -9.301044e-01 -8.436152e-02 7.871833e-01 3.045191e-01 1.482960e-01 -3.592514e-02 -2.798301e-01 -1.053808e-01 5.603207e-01 -6.735858e-01 -9.038673e-02 4.238502e-01 -5.090449e-01 9.416196e-01 7.954298e-01 -6.944000e-01 1.606775e-01 -1.596410e-01 -2.692545e-01 -4.077956e-01
<VARIANCE> 39
 1.868850e+00 8.629966e+00 1.214499e+01 1.160301e+01 1.724431e+01 2.247193e+01 1.267245e+01 1.523806e+01 1.216686e+01 1.594312e+01 9.767333e+00 1.825028e+01 2.579893e+00 3.951727e-01 2.035716e+00 3.828876e+00 9.830539e-01 2.382160e+00 2.604433e+00 5.081134e+00 4.073731e+00 3.122300e+00 1.519555e+00 1.942742e+00 1.182208e+00 9.486942e-01 9.304695e-02 2.163328e-01 2.664294e-01 2.839043e-01 3.395446e-01 4.962127e-01 4.030472e-01 3.004395e-01 3.242211e-01 2.523918e-01 4.106977e-01 2.669812e-01 7.734578e-02
<GCONST> 9.267416e+01
<STATE> 4
<MEAN> 39
 -3.738871e+00 -4.982594e+00 5.985521e+00 6.663327e+00 -1.243607e+00 2.133959e+00 -9.038381e+00 -3.658030e+00 -2.001790e+00 -5.423665e+00 2.564855e+00 3.590185e+00 5.112788e+01 -2.629510e-01 3.630179e-01 -1.001886e+00 -3.923801e-01 9.365489e-02 -8.814215e-01 9.352672e-01 7.979213e-01 -6.120278e-01 6.879649e-01 -1.682541e-01 -3.645370e-01 -4.753200e-01 2.112738e-01 3.494524e-02 4.091534e-02 3.591296e-02 2.081687e-02 4.556262e-02 -1.161672e-01 -4.541989e-02 1.528915e-01 -8.630936e-02 -1.796246e-01 -5.086985e-02 1.482968e-01
<VARIANCE> 39
 3.804441e+01 1.368630e+02 5.264190e+01 1.173550e+02 7.489805e+01 8.460352e+01 4.625060e+01 4.398070e+01 5.344879e+01 6.185545e+01 3.031334e+01 2.682559e+01 4.925382e+01 4.165895e+00 1.506849e+01 3.920027e+00 1.067680e+01 8.681602e+00 9.085032e+00 5.595484e+00 5.639009e+00 6.000552e+00 6.536021e+00 2.580593e+00 3.426070e+00 5.134174e+00 4.997746e-01 2.000738e+00 7.182854e-01 1.859357e+00 1.254404e+00 1.760830e+00 1.090609e+00 8.611653e-01 9.785330e-01 1.261352e+00 6.113711e-01 7.228494e-01 7.615728e-01
<GCONST> 1.473553e+02
<STATE> 5
<MEAN> 39
 3.745653e+00 9.177296e+00 -7.932528e-01 1.171784e+01 6.419401e+00 -1.860829e+00 -5.272953e+00 5.634637e+00 4.896678e+00 -5.866615e+00 -5.567207e+00 2.015068e-01 4.859541e+01 2.291343e-01 5.179428e-02 1.344358e-01 -8.648520e-01 -6.793981e-01 2.832746e-01 4.716383e-02 1.936753e-01 6.110837e-01 -4.832891e-01 -5.833867e-01 1.017292e-01 2.701899e-01 2.644456e-03 -2.812169e-01 1.182206e-01 2.433917e-02 -2.305064e-01 6.517310e-02 -9.101535e-02 -1.842792e-01 3.778891e-02 -6.412289e-02 1.210924e-01 1.437744e-01 1.303347e-01
<VARIANCE> 39
 3.655307e+01 4.521837e+01 3.371318e+01 4.472285e+01 7.119473e+01 3.297888e+01 2.438975e+01 3.317785e+01 4.185582e+01 6.004895e+01 4.614185e+01 5.982930e+01 3.103980e+01 2.479602e+00 4.509416e+00 3.925721e+00 2.324632e+00 4.214984e+00 2.931454e+00 3.045981e+00 2.372891e+00 4.218743e+00 3.962964e+00 5.257583e+00 4.900111e+00 2.164431e+00 4.206110e-01 6.429515e-01 7.421386e-01 4.340903e-01 6.136947e-01 6.648539e-01 6.603972e-01 4.740647e-01 7.740076e-01 7.819097e-01 8.321259e-01 6.496837e-01 3.195794e-01
<GCONST> 1.292499e+02
<TRANSP> 6
 0.000000e+00 9.500518e-01 4.994817e-02 0.000000e+00 0.000000e+00 0.000000e+00
 0.000000e+00 9.083834e-01 9.161664e-02 0.000000e+00 0.000000e+00 0.000000e+00
 0.000000e+00 0.000000e+00 8.214048e-01 1.785952e-01 0.000000e+00 0.000000e+00
 0.000000e+00 0.000000e+00 0.000000e+00 8.546492e-01 1.090570e-01 3.629388e-02
 0.000000e+00 0.000000e+00 0.000000e+00 0.000000e+00 9.210309e-01 7.896908e-02
 0.000000e+00 0.000000e+00 0.000000e+00 0.000000e+00 0.000000e+00 0.000000e+00
<ENDHMM>
