~o
<STREAMINFO> 1 39
<VECSIZE> 39<NULLD><MFCC_D_A_0><DIAGC>
~h "kurang"
<BEGINHMM>
<NUMSTATES> 6
<STATE> 2
<MEAN> 39
 2.854571e+00 -1.357529e+00 3.928125e+00 7.897689e-01 -9.655915e+00 6.342011e+00 -8.199869e+00 2.911910e+00 9.899100e+00 -1.869314e+01 -6.584436e+00 1.095185e+01 5.352669e+01 7.368216e-01 -1.523372e-01 -3.008127e-02 1.344639e-01 8.255538e-01 1.169706e+00 -1.054589e+00 -6.430683e-01 1.532504e+00 -4.034083e-01 -9.251546e-01 1.582379e+00 5.606778e-01 2.700185e-02 9.912912e-02 7.647826e-02 -7.414281e-02 -2.612958e-01 -1.718338e-01 9.717637e-02 1.388644e-01 7.105007e-02 8.821050e-02 9.227037e-02 2.512178e-03 -1.534996e-02
<VARIANCE> 39
 2.615160e+01 4.150888e+01 6.268338e+01 3.182622e+01 1.084530e+02 5.876004e+01 5.282963e+01 5.385949e+01 5.921285e+01 4.356982e+01 3.995937e+01 5.415858e+01 2.680560e+01 2.525140e+00 4.309823e+00 8.295197e+00 3.926765e+00 9.785270e+00 3.247353e+00 3.686035e+00 5.032089e+00 5.475657e+00 5.789649e+00 4.262567e+00 4.103853e+00 2.385364e+00 5.937190e-01 8.363202e-01 1.729579e+00 7.872282e-01 2.035713e+00 8.424516e-01 8.796209e-01 9.285836e-01 1.153112e+00 1.419651e+00 9.861082e-01 9.870117e-01 5.706345e-01
<GCONST> 1.410903e+02
<STATE> 3
<MEAN> 39
 6.821353e+00 1.471423e+00 3.807408e+00 2.331978e+00 -9.007268e+00 8.262626e+00 -6.792031e+00 2.291973e+00 1.806129e+01 -1.282784e+01 -7.347377e+00 1.866222e+01 5.480912e+01 -2.891163e-01 9.450279e-01 -1.625009e-01 8.429415e-01 1.304088e-01 -1.040621e+00 2.055297e+00 9.375087e-01 -6.586353e-01 2.216622e+00 4.949052e-01 -1.650668e+00 -6.730420e-01 -2.122848e-01 2.025433e-01 -3.324288e-01 2.466216e-01 8.032415e-01 -1.647806e-01 -5.833262e-02 1.596459e-01 -2.666922e-01 2.103584e-01 -6.981409e-02 -6.216126e-01 -2.790637e-01
<VARIANCE> 39
 2.972811e+00 1.296862e+01 8.912953e+00 1.075056e+01 3.327358e+01 1.550165e+01 5.658086e+01 1.567695e+01 2.520337e+01 5.108212e+01 1.906142e+01 3.357869e+01 5.155193e+00 3.428941e-01 1.468445e+00 9.872007e-01 8.946064e-01 5.569661e+00 1.864240e+00 3.791201e+00 1.730647e+00 2.526532e+00 2.465423e+00 3.317185e+00 3.011826e+00 5.799265e-01 9.281146e-02 2.414630e-01 1.281042e-01 2.858503e-01 3.185258e-01 4.261311e-01 1.221634e+00 3.609312e-01 8.981754e-01 7.485009e-01 7.222060e-01 5.148205e-01 6.113800e-02
<GCONST> 1.010818e+02
<STATE> 4
<MEAN> 39
 3.743791e+00 1.188359e+01 -7.877613e-01 1.030175e+01 6.282245e+00 -1.013625e+00 -3.210357e+00 1.085265e+01 1.345700e+01 -2.191453e+00 -8.634267e+00 1.042006e+00 4.777433e+01 -3.609574e-01 8.006688e-01 -9.733268e-02 5.713333e-01 1.292688e+00 -4.120661e-01 1.168330e-02 3.803526e-01 -5.218704e-01 4.063215e-01 -1.887897e-01 -1.406756e+00 -5.622011e-01 -2.196485e-02 -3.087582e-01 1.614957e-01 -1.798745e-01 -4.469644e-01 3.127448e-01 8.501358e-02 -3.203383e-01 -1.106024e-01 -1.961972e-01 1.455394e-01 3.800600e-01 1.275297e-01
<VARIANCE> 39
 5.599926e+00 1.589028e+01 1.417771e+01 1.265273e+01 2.929487e+01 3.474174e+01 1.692685e+01 3.524396e+01 2.885813e+01 2.395187e+01 2.927835e+01 4.986912e+01 5.874276e+00 5.030350e-01 1.130563e+00 1.910589e+00 1.796282e+00 3.382462e+00 4.383396e+00 2.018662e+00 4.237826e+00 3.479115e+00 3.420646e+00 3.666019e+00 5.084980e+00 3.989881e-01 7.887301e-02 3.399046e-01 3.335537e-01 2.941772e-01 7.094904e-01 7.704931e-01 4.688746e-01 8.295276e-01 8.048542e-01 6.504551e-01 8.499353e-01 8.807285e-01 7.825504e-02
<GCONST> 1.092885e+02
<STATE> 5
<MEAN> 39
 -4.941754e-01 4.242383e+00 1.286379e+00 7.985646e+00 -6.702298e-02 2.820540e+00 -2.644780e+00 4.201798e+00 5.625171e+00 -5.912395e+00 -3.021758e+00 4.011953e+00 4.798465e+01 3.944354e-03 -1.744925e+00 2.663538e-01 -4.308985e-01 -1.495052e+00 3.675247e-01 -5.755478e-01 -1.164197e+00 -8.264117e-01 -9.589134e-01 8.851990e-01 8.740795e-01 6.953961e-01 9.974790e-02 8.930406e-02 2.978926e-02 3.256423e-02 -2.402107e-02 -1.363345e-01 -7.880171e-02 1.185149e-01 1.687479e-01 -6.284653e-02 -1.103941e-01 1.046535e-02 4.161703e-02
<VARIANCE> 39
 3.828418e+01 1.366126e+02 5.694783e+01 3.295713e+01 9.466928e+01 6.046819e+01 7.930093e+01 6.010219e+01 7.173782e+01 7.403753e+01 5.745856e+01 4.677999e+01 3.768670e+01 2.333731e+00 1.100346e+01 6.146502e+00 3.427944e+00 9.072423e+00 5.591974e+00 6.383871e+00 6.228539e+00 5.667831e+00 6.307549e+00 4.932788e+00 5.368105e+00 2.521528e+00 3.322625e-01 2.153051e+00 1.300528e+00 6.032339e-01 1.657788e+00 1.017437e+00 1.204100e+00 1.190060e+00 8.146864e-01 1.187704e+00 9.141577e-01 1.064025e+00 4.931279e-01
<GCONST> 1.462201e+02
<TRANSP> 6
 0.000000e+00 9.500015e-01 4.999851e-02 0.000000e+00 0.000000e+00 0.000000e+00
 0.000000e+00 8.958036e-01 1.041964e-01 0.000000e+00 0.000000e+00 0.000000e+00
 0.000000e+00 0.000000e+00 8.503190e-01 1.496810e-01 0.000000e+00 0.000000e+00
 0.000000e+00 0.000000e+00 0.000000e+00 8.928853e-01 9.642903e-02 1.068559e-02
 0.000000e+00 0.000000e+00 0.000000e+00 0.000000e+00 8.955140e-01 1.044860e-01
 0.000000e+00 0.000000e+00 0.000000e+00 0.000000e+00 0.000000e+00 0.000000e+00
<ENDHMM>
