~o
<STREAMINFO> 1 39
<VECSIZE> 39<NULLD><MFCC_D_A_0><DIAGC>
~h "lima"
<BEGINHMM>
<NUMSTATES> 6
<STATE> 2
<MEAN> 39
 1.998442e+00 5.224612e+00 -2.939345e-01 1.028001e+01 4.409568e+00 -4.161539e+00 -3.264845e+00 3.296343e+00 1.107396e+00 -7.008646e+00 -1.037982e+00 5.347137e-01 5.713630e+01 2.272603e-01 1.410544e-01 4.211558e-02 1.399731e-01 7.582590e-02 -3.014272e-01 -2.193578e-01 4.476393e-02 8.996577e-03 -6.533711e-02 -1.099420e-01 -4.555011e-02 1.968281e-01 -5.315510e-02 -2.960102e-02 -9.098521e-03 -9.058741e-02 -4.291648e-02 4.257749e-02 2.586077e-02 3.247569e-02 4.272173e-02 -1.057136e-02 3.974558e-03 3.329947e-02 -3.222763e-02
<VARIANCE> 39
 4.396735e+01 5.062074e+01 5.436711e+01 8.149257e+01 7.191999e+01 5.632245e+01 6.900455e+01 1.111619e+02 7.265224e+01 4.838440e+01 5.130780e+01 6.165064e+01 1.074937e+02 2.112239e+00 3.198893e+00 3.745587e+00 3.901482e+00 5.273046e+00 4.494015e+00 5.498043e+00 3.817459e+00 4.020320e+00 3.844865e+00 3.824074e+00 4.045473e+00 2.372147e+00 3.103794e-01 5.088339e-01 5.942739e-01 5.053260e-01 7.814893e-01 8.114662e-01 8.991066e-01 6.073260e-01 7.793901e-01 6.722806e-01 6.850425e-01 6.120728e-01 3.247645e-01
<GCONST> 1.363281e+02
<STATE> 3
<MEAN> 39
 3.438278e-01 -7.268692e+00 7.942731e+00 -1.088144e+01 5.702594e+00 -2.152849e+01 1.857544e+01 -1.539036e+01 -4.065818e+00 -1.118058e+01 -7.015646e+00 -3.743010e+00 7.775381e+01 1.597771e-02 -2.026116e-01 -1.270502e-01 -1.759027e-01 -1.488316e-01 1.991192e-01 1.349806e-01 5.964639e-02 1.022033e-01 -2.284099e-02 1.563148e-01 2.184085e-01 1.075310e-02 -2.209882e-02 5.780019e-03 -2.688690e-03 9.696120e-03 1.805999e-02 1.903772e-02 -8.591612e-03 -8.497631e-03 2.452079e-02 2.525418e-02 3.117096e-02 5.070632e-03 -2.094791e-02
<VARIANCE> 39
 2.589378e+01 5.722944e+01 6.164618e+01 8.455740e+01 9.981709e+01 1.737277e+02 1.076558e+02 6.706544e+01 4.963742e+01 3.558775e+01 5.486366e+01 5.657433e+01 4.579669e+01 8.161994e-01 2.885259e+00 2.066385e+00 2.711850e+00 4.249286e+00 4.226097e+00 3.076051e+00 4.201868e+00 2.852364e+00 2.707031e+00 3.373187e+00 3.054250e+00 2.256510e+00 1.358813e-01 3.988663e-01 2.877030e-01 3.717105e-01 6.465167e-01 6.428723e-01 4.328687e-01 7.079605e-01 5.768049e-01 5.106472e-01 5.938421e-01 5.302629e-01 2.905588e-01
<GCONST> 1.279162e+02
<STATE> 4
<MEAN> 39
 -2.204712e+00 7.677888e+00 1.941201e+00 1.064036e+01 7.491391e+00 -5.448521e+00 -8.982758e+00 -2.516515e+00 -1.799477e+00 -4.033077e+00 -1.736795e+00 -3.759750e+00 6.830473e+01 2.747739e-01 8.254264e-02 -4.644003e-01 -7.363188e-01 -5.007051e-01 -1.948037e-02 3.770192e-01 3.675126e-01 2.970818e-01 -1.380219e-03 -9.856023e-02 1.169593e-01 1.490401e-01 2.500738e-02 -1.003157e-01 -7.652332e-02 -1.409989e-01 -1.655843e-01 -1.121145e-02 1.093157e-01 3.657247e-02 -2.174424e-02 -3.006389e-02 1.172087e-01 1.673544e-01 7.209375e-02
<VARIANCE> 39
 1.374320e+01 5.921569e+01 4.247744e+01 6.816392e+01 7.425325e+01 3.374630e+01 3.528459e+01 3.621190e+01 3.040409e+01 2.507163e+01 2.760094e+01 2.577438e+01 2.284936e+01 4.866059e-01 1.226740e+00 1.558931e+00 2.567824e+00 2.740897e+00 2.403362e+00 2.259045e+00 1.598778e+00 1.266759e+00 1.293280e+00 2.120958e+00 2.247480e+00 6.098195e-01 7.161137e-02 1.371506e-01 2.029064e-01 2.845171e-01 3.113731e-01 3.818153e-01 3.551830e-01 2.438060e-01 2.190725e-01 2.472023e-01 2.956095e-01 2.936801e-01 6.370397e-02
<GCONST> 1.030980e+02
<STATE> 5
<MEAN> 39
 -6.578010e-01 3.432218e+00 -5.969624e+00 -3.279942e+00 -3.861603e+00 -4.591607e+00 8.146120e-01 2.878121e+00 2.497438e-01 -7.367635e+00 2.764987e-01 4.106486e+00 7.029863e+01 -3.703791e-01 -1.217118e-01 2.339412e-02 -3.882074e-02 -4.203897e-02 2.608514e-01 1.208286e-01 -1.360210e-01 -7.711670e-02 2.869881e-02 4.466211e-02 1.636250e-01 -2.594333e-01 -5.470072e-02 7.896014e-02 7.664020e-02 1.261126e-01 1.284381e-01 1.806663e-02 -8.823178e-02 -7.009609e-02 1.309889e-02 5.123110e-02 -9.036625e-02 -1.565598e-01 -7.932276e-02
<VARIANCE> 39
 3.784547e+01 5.737064e+01 5.781566e+01 4.628864e+01 4.960791e+01 4.400452e+01 3.417082e+01 6.272062e+01 3.801896e+01 3.700150e+01 3.536031e+01 3.975104e+01 6.778922e+01 6.587837e-01 1.212243e+00 9.696564e-01 1.380592e+00 1.598650e+00 1.288213e+00 1.499502e+00 1.259285e+00 1.730742e+00 1.812181e+00 1.488474e+00 2.141999e+00 1.121372e+00 9.328121e-02 1.493930e-01 1.677054e-01 2.486602e-01 2.788112e-01 2.554691e-01 2.734508e-01 2.817613e-01 2.759183e-01 3.089727e-01 2.728454e-01 3.078145e-01 1.090422e-01
<GCONST> 1.053556e+02
<TRANSP> 6
 0.000000e+00 8.000392e-01 1.999609e-01 0.000000e+00 0.000000e+00 0.000000e+00
 0.000000e+00 9.238495e-01 9.414535e-03 6.673599e-02 0.000000e+00 0.000000e+00
 0.000000e+00 0.000000e+00 9.619442e-01 2.962558e-35 3.805584e-02 0.000000e+00
 0.000000e+00 0.000000e+00 0.000000e+00 9.244671e-01 5.709022e-02 1.844270e-02
 0.000000e+00 0.000000e+00 0.000000e+00 0.000000e+00 9.272670e-01 7.273307e-02
 0.000000e+00 0.000000e+00 0.000000e+00 0.000000e+00 0.000000e+00 0.000000e+00
<ENDHMM>
