~o
<STREAMINFO> 1 39
<VECSIZE> 39<NULLD><MFCC_D_A_0><DIAGC>
~h "puluh"
<BEGINHMM>
<NUMSTATES> 6
<STATE> 2
<MEAN> 39
 -3.869800e+00 2.999662e+00 -4.239778e+00 2.247311e+00 -3.717817e+00 -5.216310e+00 -4.988116e+00 3.578237e+00 3.424057e+00 -2.384784e+00 -2.814543e+00 4.432248e-01 5.423843e+01 5.695360e-01 -3.339797e-01 5.572993e-01 5.970341e-01 5.726480e-01 5.904577e-01 -3.131888e-01 -9.559981e-02 1.427618e-01 -7.615265e-02 4.178092e-01 -1.378740e-01 6.335786e-01 3.036960e-01 2.598057e-01 1.475646e-01 1.029897e-01 -1.193897e-01 -3.850019e-01 -2.166227e-01 3.366073e-01 2.902217e-01 -2.292625e-01 -3.350846e-01 -3.695602e-02 1.359046e-01
<VARIANCE> 39
 2.905321e+01 8.439497e+01 3.222944e+01 5.051050e+01 2.426144e+01 4.128450e+01 2.626630e+01 1.742443e+01 1.418440e+01 2.647923e+01 1.622054e+01 1.352038e+01 1.369734e+02 4.486371e+00 1.219585e+01 4.392365e+00 4.688119e+00 3.110667e+00 5.233798e+00 2.801034e+00 4.801954e+00 2.841352e+00 4.534500e+00 2.813240e+00 2.670343e+00 5.239747e+00 4.696262e-01 2.650715e+00 7.576189e-01 8.158988e-01 4.363365e-01 1.074929e+00 6.946130e-01 7.875649e-01 5.240971e-01 7.793844e-01 5.703410e-01 6.055266e-01 7.598689e-01
<GCONST> 1.309406e+02
<STATE> 3
<MEAN> 39
 8.007708e+00 4.387822e+00 -4.647019e-01 5.819325e+00 -3.870371e+00 -1.202569e-01 -5.957666e+00 5.766964e+00 9.314801e+00 -1.131413e+01 -9.106120e+00 1.080742e+00 5.493703e+01 -5.281163e-02 2.129626e-01 -2.946554e-01 -7.200161e-02 2.822688e-01 -1.623643e-01 2.559133e-01 5.514683e-01 -1.307768e-01 -1.344411e-02 2.573354e-01 -2.333886e-03 -1.748992e-01 -1.073730e-01 -4.328088e-02 -1.092710e-01 -4.201976e-02 -1.154095e-02 -3.033423e-02 1.755486e-01 9.579531e-03 -1.348814e-01 2.005151e-01 1.517847e-01 -4.211735e-02 -7.877055e-02
<VARIANCE> 39
 1.251499e+01 1.925476e+01 7.810629e+01 2.104836e+01 8.227928e+01 4.448303e+01 3.448048e+01 4.953473e+01 6.104757e+01 3.814753e+01 4.196444e+01 4.653055e+01 1.745385e+01 1.051520e+00 2.951016e+00 1.024131e+01 2.534817e+00 1.228879e+01 6.038414e+00 4.409447e+00 5.402153e+00 9.485027e+00 4.133111e+00 5.837069e+00 5.095206e+00 1.032725e+00 1.988616e-01 5.846381e-01 1.727963e+00 6.136903e-01 2.330388e+00 1.286476e+00 6.814227e-01 1.033677e+00 1.962521e+00 8.209426e-01 1.146544e+00 8.949004e-01 2.096998e-01
<GCONST> 1.349593e+02
<STATE> 4
<MEAN> 39
 -5.754163e-01 5.024561e+00 -3.082432e+00 5.268391e+00 2.366700e+00 -7.059160e+00 -8.173154e+00 5.915118e+00 4.572127e+00 -3.215248e+00 -6.914243e+00 -4.039936e+00 6.799858e+01 -2.739418e-01 -5.090134e-02 -8.300039e-02 -1.501211e-01 1.690660e-02 2.999529e-01 1.557505e-01 -1.570613e-01 -6.653759e-02 5.135240e-02 -1.775569e-02 2.498093e-02 -2.077999e-01 -4.112748e-02 -2.298601e-02 -2.439723e-02 -1.786782e-02 -8.701980e-03 5.575245e-02 5.596481e-02 -3.478320e-02 -4.271001e-03 2.365312e-02 2.470489e-02 3.005903e-02 -2.695831e-02
<VARIANCE> 39
 2.409049e+01 3.014956e+01 4.714157e+01 1.796584e+01 5.681437e+01 2.909921e+01 7.612494e+01 2.348841e+01 2.142823e+01 2.698635e+01 2.454630e+01 2.244797e+01 3.503761e+01 3.490249e-01 6.474161e-01 2.037462e+00 1.079547e+00 2.256325e+00 2.407882e+00 1.678476e+00 1.903883e+00 1.506762e+00 1.136074e+00 1.437031e+00 1.113005e+00 3.652919e-01 3.535205e-02 1.229844e-01 2.937125e-01 1.766773e-01 2.613649e-01 4.280209e-01 3.071086e-01 3.595708e-01 2.659640e-01 2.099098e-01 2.212808e-01 1.776896e-01 3.454502e-02
<GCONST> 9.601219e+01
<STATE> 5
<MEAN> 39
 -3.124927e+00 8.359344e+00 -5.391841e+00 -1.758578e+00 -4.771925e+00 -7.653182e-01 3.718634e+00 9.351231e+00 3.794455e+00 -2.197886e+00 -3.671523e-01 1.848762e-01 4.717066e+01 -5.124244e-01 -1.894960e-01 -4.259020e-02 -2.705187e-01 -1.436244e-01 -1.511695e-01 -6.972999e-02 -4.903411e-01 -3.058310e-01 1.799670e-01 7.293606e-02 -1.405720e-01 -2.429479e-01 2.294702e-02 -7.236147e-02 1.217038e-01 3.570414e-02 -7.931331e-03 -1.596471e-02 -1.731949e-01 -1.209562e-01 -2.800045e-02 -1.953201e-01 -6.066930e-02 7.347590e-02 8.081377e-02
<VARIANCE> 39
 4.040612e+01 5.660141e+01 4.874653e+01 4.717824e+01 5.861959e+01 5.328870e+01 5.296272e+01 4.033663e+01 3.674889e+01 6.169337e+01 2.621511e+01 3.024615e+01 6.898528e+01 1.949492e+00 5.949028e+00 5.077712e+00 5.765425e+00 4.238358e+00 4.632724e+00 6.889586e+00 3.733181e+00 4.010466e+00 7.628753e+00 3.427866e+00 4.300059e+00 2.331220e+00 2.425365e-01 1.149315e+00 9.177799e-01 1.065670e+00 6.233814e-01 9.483429e-01 1.322333e+00 8.104326e-01 8.933439e-01 1.301947e+00 7.664137e-01 9.526556e-01 3.293767e-01
<GCONST> 1.374821e+02
<TRANSP> 6
 0.000000e+00 6.250020e-01 3.749981e-01 0.000000e+00 0.000000e+00 0.000000e+00
 0.000000e+00 8.632007e-01 1.367993e-01 0.000000e+00 0.000000e+00 0.000000e+00
 0.000000e+00 0.000000e+00 9.022750e-01 5.497069e-02 4.275428e-02 0.000000e+00
 0.000000e+00 0.000000e+00 0.000000e+00 9.632884e-01 3.671163e-02 0.000000e+00
 0.000000e+00 0.000000e+00 0.000000e+00 0.000000e+00 8.974472e-01 1.025527e-01
 0.000000e+00 0.000000e+00 0.000000e+00 0.000000e+00 0.000000e+00 0.000000e+00
<ENDHMM>
