~o
<STREAMINFO> 1 36
<VECSIZE> 36<NULLD><LPC_D_A><DIAGC>
~h "satu"
<BEGINHMM>
<NUMSTATES> 8
<STATE> 2
<MEAN> 36
 -2.410905e+00 4.122293e+00 -5.597242e+00 7.054104e+00 -7.467737e+00 7.122236e+00 -5.969779e+00 4.562872e+00 -2.970150e+00 1.681902e+00 -7.066579e-01 2.241843e-01 6.788062e-03 -9.796366e-02 1.799944e-01 -3.104347e-01 3.824479e-01 -4.303954e-01 3.887928e-01 -3.156208e-01 2.106518e-01 -1.238976e-01 5.617374e-02 -1.603746e-02 1.385940e-02 -3.440801e-02 5.567655e-02 -8.210702e-02 8.839060e-02 -8.608957e-02 6.827224e-02 -4.944079e-02 2.779344e-02 -1.539100e-02 5.877917e-03 -2.262605e-03
<VARIANCE> 36
 4.574894e-01 1.940022e+00 6.959176e+00 1.594511e+01 2.756234e+01 3.488857e+01 3.353634e+01 2.372185e+01 1.233184e+01 4.561559e+00 1.019687e+00 8.372865e-02 5.711287e-02 2.295245e-01 7.540445e-01 1.585733e+00 2.561545e+00 3.046244e+00 2.890242e+00 2.013933e+00 1.042928e+00 3.904928e-01 9.253909e-02 7.954163e-03 1.012995e-02 4.640197e-02 1.651523e-01 3.432408e-01 5.652499e-01 6.866324e-01 6.619087e-01 4.626032e-01 2.393083e-01 8.830376e-02 2.047110e-02 1.626414e-03
<GCONST> 5.058806e+01
<STATE> 3
<MEAN> 36
 -1.079164e+00 1.398376e+00 -8.903205e-01 1.132182e+00 -4.896509e-01 8.099987e-01 -4.446790e-01 7.323750e-01 -4.639319e-01 5.116853e-01 -2.621353e-01 1.910033e-01 -9.341969e-02 1.297784e-01 -1.031207e-01 1.025679e-01 -6.792217e-02 5.590674e-02 -2.139992e-02 3.660464e-02 -2.835209e-02 3.559698e-02 -8.532497e-03 1.979423e-03 3.248848e-02 -7.576319e-02 4.315063e-02 -5.814578e-02 1.127158e-02 -3.801178e-02 1.419174e-02 -4.140036e-02 2.183666e-02 -2.916769e-02 1.128017e-02 -8.192009e-03
<VARIANCE> 36
 4.809189e-01 8.514987e-01 1.099870e+00 8.998908e-01 6.635278e-01 8.171980e-01 5.958667e-01 5.061041e-01 2.826955e-01 2.031869e-01 5.458693e-02 1.901032e-02 5.982473e-02 1.201632e-01 1.545232e-01 8.841036e-02 7.510995e-02 5.798094e-02 5.477721e-02 4.139534e-02 3.809009e-02 2.247635e-02 7.872196e-03 1.785366e-03 1.111290e-02 2.228337e-02 3.568925e-02 2.277455e-02 1.825808e-02 1.517440e-02 1.292385e-02 9.046228e-03 8.818546e-03 4.638756e-03 1.293420e-03 3.113984e-04
<GCONST> -4.276073e+01
<STATE> 4
<MEAN> 36
 -1.219564e+00 1.500918e+00 -1.103008e+00 1.124583e+00 -6.072137e-01 5.898911e-01 -1.877798e-01 2.774841e-01 -1.469496e-01 1.634095e-01 -5.537714e-02 6.066750e-02 3.481514e-02 -1.224719e-01 2.014314e-01 -1.704058e-01 1.014793e-01 -5.759009e-02 3.625015e-02 -2.459482e-03 -1.502812e-02 9.394199e-03 -2.534848e-03 -9.014304e-03 -4.163571e-02 6.920560e-02 -1.855966e-01 2.394185e-01 -3.260338e-01 3.004951e-01 -2.960678e-01 2.054395e-01 -1.389528e-01 7.289082e-02 -4.117330e-02 9.997667e-03
<VARIANCE> 36
 4.974017e-01 6.500823e-01 1.354471e+00 1.132600e+00 1.084391e+00 9.680972e-01 6.758389e-01 5.390650e-01 3.648635e-01 2.389560e-01 8.238018e-02 2.269783e-02 2.225043e-02 7.598429e-02 9.388129e-02 1.275881e-01 1.080315e-01 9.417503e-02 5.570986e-02 6.067318e-02 3.860163e-02 2.445436e-02 6.145268e-03 1.218227e-03 8.841644e-03 3.391282e-02 6.891891e-02 1.751947e-01 2.144787e-01 2.481051e-01 1.784905e-01 1.203458e-01 5.449305e-02 1.938819e-02 3.786498e-03 4.293525e-04
<GCONST> -2.355845e+01
<STATE> 5
<MEAN> 36
 -3.010855e+00 5.654815e+00 -8.352032e+00 1.037337e+01 -1.100410e+01 1.009326e+01 -8.226395e+00 5.830428e+00 -3.500106e+00 1.737804e+00 -6.921690e-01 1.902060e-01 -7.687699e-02 1.642096e-01 -2.465809e-01 3.079829e-01 -3.022467e-01 2.261964e-01 -1.250029e-01 2.694977e-02 3.195028e-02 -4.387935e-02 2.499351e-02 -4.861663e-03 3.355957e-02 -9.136166e-02 1.544484e-01 -2.190072e-01 2.544463e-01 -2.527326e-01 2.139629e-01 -1.540828e-01 8.993473e-02 -4.246636e-02 1.584679e-02 -2.864236e-03
<VARIANCE> 36
 5.704201e-01 5.391748e+00 2.242225e+01 5.701269e+01 9.915658e+01 1.261396e+02 1.193415e+02 8.297438e+01 4.133118e+01 1.375465e+01 2.511738e+00 1.434694e-01 7.815977e-02 7.262121e-01 2.907056e+00 7.236987e+00 1.217651e+01 1.490241e+01 1.358533e+01 9.109395e+00 4.377520e+00 1.422664e+00 2.609347e-01 1.543065e-02 9.310147e-03 8.783961e-02 3.876155e-01 1.021085e+00 1.799450e+00 2.290047e+00 2.161108e+00 1.489476e+00 7.365406e-01 2.457570e-01 4.591690e-02 2.740178e-03
<GCONST> 8.876768e+01
<STATE> 6
<MEAN> 36
 -1.500250e+00 2.044151e+00 -2.036970e+00 2.312420e+00 -1.989230e+00 1.750491e+00 -1.069145e+00 6.749941e-01 -2.576180e-01 9.996488e-02 -1.635046e-03 2.877581e-02 4.662750e-02 -1.756307e-01 1.760155e-01 -1.854357e-01 7.883812e-02 -3.884168e-02 -5.127306e-02 6.211803e-02 -9.013926e-02 6.192556e-02 -3.944547e-02 6.493611e-03 -1.577269e-02 2.914398e-02 -1.049303e-01 1.029804e-01 -1.289160e-01 9.679528e-02 -1.031317e-01 6.785744e-02 -4.854309e-02 2.416754e-02 -1.634223e-02 4.192663e-03
<VARIANCE> 36
 6.159328e-01 1.540735e+00 4.426006e+00 5.225777e+00 5.771377e+00 4.350705e+00 3.717607e+00 2.343350e+00 1.211603e+00 4.880225e-01 1.317518e-01 1.925672e-02 4.021261e-02 1.368994e-01 2.616134e-01 4.333512e-01 5.343965e-01 5.181817e-01 4.132183e-01 2.757057e-01 1.362665e-01 5.947408e-02 1.583123e-02 2.428511e-03 8.107078e-03 2.437964e-02 5.590090e-02 1.176450e-01 1.643136e-01 1.920018e-01 1.651829e-01 1.144796e-01 5.667169e-02 2.078396e-02 4.580948e-03 4.910456e-04
<GCONST> 1.594552e+00
<STATE> 7
<MEAN> 36
 -7.124267e-01 3.087642e-01 -3.529525e-01 2.459078e-01 -3.322063e-01 2.897535e-01 -2.819470e-01 2.055493e-01 -2.023607e-01 1.660827e-01 -1.565852e-01 1.207066e-01 2.601279e-02 -2.489529e-02 1.745362e-03 -2.130782e-02 7.807882e-03 -1.985497e-02 2.660465e-03 -1.077419e-02 2.573441e-03 -5.522003e-03 -4.226519e-04 7.043383e-04 -1.143145e-03 9.202551e-03 -2.489597e-03 6.511357e-03 -2.560628e-03 6.885667e-03 -2.697222e-03 3.272318e-03 -1.225765e-03 7.850999e-04 -6.376690e-05 1.479715e-04
<VARIANCE> 36
 4.690663e-01 4.014932e-01 4.143737e-01 5.594977e-01 4.839972e-01 4.738008e-01 3.781426e-01 2.489502e-01 1.247602e-01 6.266632e-02 4.419254e-02 1.770361e-02 5.453468e-02 3.702161e-02 2.093556e-02 2.464633e-02 2.013717e-02 2.267620e-02 1.478450e-02 1.073538e-02 6.301426e-03 4.350235e-03 3.434645e-03 1.483540e-03 1.023386e-02 7.918228e-03 5.880452e-03 7.990212e-03 9.411758e-03 1.063527e-02 8.455503e-03 5.412956e-03 2.458790e-03 1.123284e-03 6.674340e-04 2.817915e-04
<GCONST> -7.258768e+01
<TRANSP> 8
 0.000000e+00 2.250004e-01 7.749996e-01 0.000000e+00 0.000000e+00 0.000000e+00 0.000000e+00 0.000000e+00
 0.000000e+00 9.352603e-01 0.000000e+00 6.473974e-02 0.000000e+00 0.000000e+00 0.000000e+00 0.000000e+00
 0.000000e+00 0.000000e+00 6.228771e-01 3.771229e-01 0.000000e+00 0.000000e+00 0.000000e+00 0.000000e+00
 0.000000e+00 0.000000e+00 0.000000e+00 2.154220e-01 1.176866e-01 6.668913e-01 0.000000e+00 0.000000e+00
 0.000000e+00 0.000000e+00 0.000000e+00 0.000000e+00 9.166670e-01 8.333299e-02 0.000000e+00 0.000000e+00
 0.000000e+00 0.000000e+00 0.000000e+00 0.000000e+00 0.000000e+00 3.847611e-01 6.152388e-01 0.000000e+00
 0.000000e+00 0.000000e+00 0.000000e+00 0.000000e+00 0.000000e+00 0.000000e+00 9.502353e-01 4.976470e-02
 0.000000e+00 0.000000e+00 0.000000e+00 0.000000e+00 0.000000e+00 0.000000e+00 0.000000e+00 0.000000e+00
<ENDHMM>
