~o
<STREAMINFO> 1 36
<VECSIZE> 36<NULLD><LPC_D_A><DIAGC>
~h "sepuluh"
<BEGINHMM>
<NUMSTATES> 8
<STATE> 2
<MEAN> 36
 -1.932859e+00 2.968912e+00 -3.430348e+00 3.878880e+00 -3.631881e+00 3.358766e+00 -2.560334e+00 1.853726e+00 -9.899187e-01 5.273349e-01 -1.815639e-01 8.014471e-02 -5.916457e-03 -3.156715e-02 2.998043e-02 -1.138893e-01 1.386553e-01 -1.730560e-01 1.720956e-01 -1.711191e-01 1.302464e-01 -9.120412e-02 4.883003e-02 -2.148523e-02 4.193473e-02 -5.975142e-02 4.267086e-02 -2.784626e-02 1.579147e-02 -1.324366e-02 6.639722e-03 -5.757108e-03 1.851441e-03 -5.347169e-03 -8.421439e-04 4.080985e-04
<VARIANCE> 36
 5.526099e-01 1.970888e+00 5.914235e+00 9.311005e+00 1.213120e+01 1.111448e+01 8.686654e+00 5.131923e+00 2.401241e+00 9.039097e-01 1.966172e-01 2.981104e-02 5.579275e-02 1.574095e-01 2.371383e-01 3.943660e-01 5.086719e-01 6.040053e-01 5.170946e-01 3.987013e-01 2.035486e-01 9.785997e-02 2.237098e-02 3.892635e-03 9.830473e-03 3.032365e-02 4.741218e-02 7.491054e-02 9.312890e-02 1.007439e-01 8.386019e-02 6.289387e-02 3.251332e-02 1.633927e-02 4.103329e-03 7.419762e-04
<GCONST> 7.551142e+00
<STATE> 3
<MEAN> 36
 -6.489247e-01 1.074350e-01 -2.508735e-01 2.737296e-01 -2.136339e-01 2.467312e-01 -1.935053e-01 2.051494e-01 -1.874335e-01 1.186081e-01 -1.185706e-01 1.202166e-01 1.539920e-02 -3.111196e-02 -4.606673e-04 -1.538351e-02 -3.182200e-03 -1.472318e-02 -1.016328e-03 -9.835243e-03 1.651516e-03 -6.510778e-03 -6.898221e-04 4.233343e-05 -2.033977e-03 6.570402e-03 -2.868708e-03 1.432920e-03 -1.023461e-04 5.862191e-04 -1.312796e-03 1.116100e-03 -1.136458e-03 1.878235e-03 -4.993228e-04 1.541281e-04
<VARIANCE> 36
 2.507038e-01 1.974701e-01 1.864055e-01 1.221141e-01 9.164832e-02 7.829919e-02 7.859057e-02 5.641337e-02 3.294826e-02 3.617935e-02 2.229330e-02 1.398027e-02 2.873093e-02 1.975117e-02 1.194945e-02 1.014180e-02 7.456441e-03 6.612305e-03 3.683723e-03 4.653749e-03 2.764507e-03 1.940236e-03 1.720086e-03 1.214239e-03 5.634456e-03 4.165967e-03 2.771715e-03 2.216735e-03 1.706953e-03 1.320158e-03 8.236651e-04 9.208675e-04 6.067664e-04 3.977244e-04 3.619632e-04 2.585689e-04
<GCONST> -1.095608e+02
<STATE> 4
<MEAN> 36
 -5.366271e-01 6.883766e-01 -1.110404e+00 1.170508e+00 -1.249362e+00 1.066892e+00 -9.055226e-01 6.108558e-01 -3.444471e-01 1.543892e-01 -1.115509e-01 7.426406e-02 1.966838e-02 4.768231e-02 -2.820892e-02 1.400758e-02 -9.750705e-03 2.752778e-02 -4.424592e-02 2.641295e-02 -4.007014e-02 3.671277e-02 -1.740921e-02 -8.567074e-04 -4.607386e-02 2.830230e-02 -2.342482e-02 3.980295e-02 -4.189008e-02 5.311769e-02 -3.798903e-02 4.134891e-02 -3.886364e-02 2.212432e-02 -1.070561e-02 8.304349e-03
<VARIANCE> 36
 7.827870e-01 2.289770e+00 3.832484e+00 6.717249e+00 7.399814e+00 7.982480e+00 5.598064e+00 3.606950e+00 1.508828e+00 5.672699e-01 1.222717e-01 2.896388e-02 3.027112e-02 2.449173e-02 2.615372e-02 1.546685e-02 2.973087e-02 1.915204e-02 2.395342e-02 1.467829e-02 1.368188e-02 6.729507e-03 3.209644e-03 1.145369e-03 4.344062e-03 8.610353e-03 2.344192e-02 5.401369e-02 7.946031e-02 9.309196e-02 8.222773e-02 6.006067e-02 3.062527e-02 1.256081e-02 3.646122e-03 7.678041e-04
<GCONST> -2.870177e+01
<STATE> 5
<MEAN> 36
 -2.661591e+00 4.692750e+00 -6.800963e+00 8.316412e+00 -8.827937e+00 8.262706e+00 -6.897749e+00 4.995335e+00 -3.098829e+00 1.606720e+00 -6.436340e-01 1.758326e-01 1.079000e-02 -9.100252e-03 -4.417440e-03 2.030358e-02 -4.594659e-02 5.005687e-02 -6.127659e-02 5.358444e-02 -4.996332e-02 2.888237e-02 -1.804301e-02 6.220921e-03 1.090448e-02 -1.965759e-02 3.250610e-02 -3.985189e-02 4.451040e-02 -3.871321e-02 3.185589e-02 -2.159879e-02 1.405440e-02 -7.844499e-03 4.116055e-03 -1.800860e-03
<VARIANCE> 36
 2.747876e-01 2.020595e+00 7.212002e+00 1.651061e+01 2.634349e+01 3.234768e+01 3.153477e+01 2.395717e+01 1.350390e+01 5.142553e+00 1.100450e+00 8.256556e-02 4.000065e-02 2.735667e-01 8.864914e-01 1.945296e+00 2.957675e+00 3.524788e+00 3.352166e+00 2.513374e+00 1.389644e+00 5.277468e-01 1.171330e-01 1.012926e-02 7.077742e-03 5.074533e-02 1.644765e-01 3.621059e-01 5.498244e-01 6.537658e-01 6.281359e-01 4.726236e-01 2.639994e-01 1.004635e-01 2.262451e-02 2.043875e-03
<GCONST> 5.242905e+01
<STATE> 6
<MEAN> 36
 -5.570320e-01 7.122041e-01 -1.155536e+00 1.244643e+00 -1.355257e+00 1.253887e+00 -1.140513e+00 8.201051e-01 -5.889341e-01 3.212088e-01 -2.029359e-01 9.919085e-02 1.557934e-02 -3.380062e-03 8.605115e-02 -1.213221e-01 1.531359e-01 -1.223469e-01 1.172033e-01 -8.315631e-02 4.327726e-02 -2.045411e-02 1.211030e-02 -7.021893e-03 -4.112003e-02 2.781533e-02 -2.855731e-02 4.609648e-02 -4.840054e-02 4.132536e-02 -1.286422e-02 1.077994e-02 4.336210e-04 -4.140447e-03 5.597580e-03 2.393318e-03
<VARIANCE> 36
 7.057191e-01 2.187210e+00 4.149807e+00 7.274148e+00 8.815606e+00 8.671311e+00 6.538544e+00 3.969633e+00 1.821094e+00 6.055696e-01 1.434368e-01 2.324875e-02 4.787708e-02 5.943586e-02 1.355956e-01 2.425564e-01 3.281561e-01 3.333005e-01 2.468716e-01 1.478333e-01 6.614044e-02 2.356770e-02 5.486164e-03 1.875494e-03 4.849270e-03 2.061013e-02 4.928279e-02 9.109980e-02 1.288273e-01 1.455625e-01 1.326428e-01 9.628255e-02 5.048326e-02 1.954109e-02 4.824832e-03 6.720262e-04
<GCONST> -3.270325e+00
<STATE> 7
<MEAN> 36
 -6.047354e-01 7.704388e-01 -1.070701e+00 1.039144e+00 -1.073394e+00 9.235790e-01 -7.830729e-01 5.563067e-01 -4.351420e-01 2.258451e-01 -1.465903e-01 6.845504e-02 -3.195357e-02 3.858254e-02 2.298458e-02 -2.358746e-02 3.669019e-02 -2.698131e-02 5.396235e-02 -3.304207e-02 2.308916e-02 -1.313073e-02 1.591137e-02 -2.478852e-03 -2.700777e-02 1.867370e-02 -3.621878e-02 6.110666e-02 -6.457448e-02 5.410339e-02 -3.611254e-02 1.988560e-02 -6.347116e-04 -3.210295e-03 4.518246e-03 3.210342e-03
<VARIANCE> 36
 7.031568e-01 1.555982e+00 2.694663e+00 4.249928e+00 4.753387e+00 4.545243e+00 3.377189e+00 2.072722e+00 9.834612e-01 3.830703e-01 9.541054e-02 1.711759e-02 3.885110e-02 8.593318e-02 2.418040e-01 4.935057e-01 7.322514e-01 8.382021e-01 7.312687e-01 5.075220e-01 2.566390e-01 9.248715e-02 2.058035e-02 3.052568e-03 5.195891e-03 1.210672e-02 2.248451e-02 3.339325e-02 4.379927e-02 4.141184e-02 3.052528e-02 1.773841e-02 8.625175e-03 3.662771e-03 9.168189e-04 2.616955e-04
<GCONST> -1.271352e+01
<TRANSP> 8
 0.000000e+00 4.828618e-01 5.171382e-01 0.000000e+00 0.000000e+00 0.000000e+00 0.000000e+00 0.000000e+00
 0.000000e+00 8.516977e-01 8.687593e-02 6.142637e-02 0.000000e+00 0.000000e+00 0.000000e+00 0.000000e+00
 0.000000e+00 0.000000e+00 9.608210e-01 3.917897e-02 0.000000e+00 0.000000e+00 0.000000e+00 0.000000e+00
 0.000000e+00 0.000000e+00 0.000000e+00 0.000000e+00 1.749992e-01 8.250008e-01 0.000000e+00 0.000000e+00
 0.000000e+00 0.000000e+00 0.000000e+00 0.000000e+00 9.453133e-01 5.468673e-02 0.000000e+00 0.000000e+00
 0.000000e+00 0.000000e+00 0.000000e+00 0.000000e+00 0.000000e+00 0.000000e+00 1.000000e+00 0.000000e+00
 0.000000e+00 0.000000e+00 0.000000e+00 0.000000e+00 0.000000e+00 0.000000e+00 9.085461e-02 9.091454e-01
 0.000000e+00 0.000000e+00 0.000000e+00 0.000000e+00 0.000000e+00 0.000000e+00 0.000000e+00 0.000000e+00
<ENDHMM>
