~o
<STREAMINFO> 1 39
<VECSIZE> 39<NULLD><PLP_D_A_0><DIAGC>
~h "sil"
<BEGINHMM>
<NUMSTATES> 8
<STATE> 2
<MEAN> 39
 -1.425234e+00 -5.115576e-01 -1.222371e+00 -8.706352e-01 -7.541580e-01 -5.040048e-01 -2.467305e-01 -3.613312e-01 -5.376236e-01 -3.108698e-01 1.620941e-01 2.987671e-01 2.791961e+00 -7.450680e-03 1.067552e-02 -5.837390e-02 -6.244495e-03 1.552663e-02 -8.838085e-03 -4.833970e-04 -1.414476e-02 -1.180998e-02 1.293377e-02 1.339402e-02 3.564618e-03 -1.984707e-02 3.906101e-03 -6.587736e-03 1.908984e-02 1.789104e-03 -4.897383e-03 1.008530e-03 -5.246884e-03 -3.013933e-04 3.960270e-03 2.640988e-04 -1.312723e-03 -2.659299e-03 1.304087e-02
<VARIANCE> 39
 2.291814e-01 4.008794e-01 6.368561e-01 4.030814e-01 2.303119e-01 3.290227e-01 3.264718e-01 3.714513e-01 3.170858e-01 2.578860e-01 3.431025e-01 1.440210e-01 7.652931e-01 1.655714e-02 4.006651e-02 4.474551e-02 3.329453e-02 2.716410e-02 3.438851e-02 2.900606e-02 3.319529e-02 3.023077e-02 2.971370e-02 3.140939e-02 1.444811e-02 3.550752e-02 2.222422e-03 5.807803e-03 6.777739e-03 5.992332e-03 4.875197e-03 6.704024e-03 5.476763e-03 6.532004e-03 5.843153e-03 6.175570e-03 6.276203e-03 2.913656e-03 4.067573e-03
<GCONST> -5.691786e+01
<STATE> 3
<MEAN> 39
 -1.239218e+00 -1.293563e+00 -3.329099e-01 -1.198148e+00 1.604780e-01 -7.461987e-01 5.331157e-01 -7.035393e-01 6.940494e-03 -3.303415e-01 2.563898e-01 2.178679e-02 4.787048e+00 -6.574877e-03 1.527112e-02 -5.484001e-03 1.683208e-02 5.709388e-03 -2.803676e-03 -2.965034e-03 2.191836e-03 9.525761e-04 -4.319715e-03 -8.353430e-03 -5.249319e-03 -2.062941e-02 -1.105214e-03 4.248842e-03 6.259728e-03 1.459537e-03 1.901864e-03 -1.755907e-03 4.303503e-04 2.443680e-03 1.600698e-03 -4.209064e-03 -2.698554e-03 -5.893771e-04 1.323992e-03
<VARIANCE> 39
 2.111940e-01 4.265578e-01 4.987455e-01 3.003253e-01 5.352356e-01 2.679751e-01 5.383620e-01 2.260696e-01 2.671621e-01 1.891949e-01 1.872606e-01 1.102875e-01 5.198804e-01 7.159431e-03 1.401088e-02 1.207440e-02 1.563073e-02 1.167175e-02 1.112725e-02 9.355654e-03 1.158533e-02 1.181604e-02 1.069313e-02 1.017300e-02 6.215383e-03 9.355437e-03 1.381107e-03 2.020030e-03 2.037109e-03 2.659039e-03 2.243433e-03 2.145004e-03 1.721685e-03 2.156423e-03 2.146869e-03 1.902320e-03 1.688738e-03 1.207535e-03 1.596421e-03
<GCONST> -8.498849e+01
<STATE> 4
<MEAN> 39
 -1.756082e+00 -6.141037e-01 -1.010238e+00 -7.833651e-01 -7.200301e-01 -7.061026e-01 -4.259567e-01 -3.724998e-01 -2.233633e-01 -1.678221e-01 -3.525450e-02 1.496307e-01 4.470149e+00 -1.272991e-03 1.732598e-03 9.569871e-04 1.260484e-03 -4.045375e-04 -1.873016e-03 2.963973e-03 3.818116e-03 2.571064e-04 -8.918642e-04 -1.099135e-03 -1.747715e-03 -1.564448e-03 5.458827e-04 -4.458507e-04 1.668249e-04 -2.716667e-04 -1.992450e-05 4.205806e-04 -4.802196e-04 -3.848339e-04 1.599031e-04 -2.726526e-04 4.242207e-05 2.047825e-04 8.508111e-04
<VARIANCE> 39
 8.872644e-03 3.767775e-02 2.885795e-02 2.518581e-02 2.925125e-02 8.174758e-02 7.844918e-02 1.291913e-01 2.765760e-02 2.782295e-02 8.458325e-02 4.559237e-02 3.409402e-03 2.846044e-04 5.627821e-04 1.047599e-03 1.263008e-03 1.694728e-03 1.821848e-03 2.068189e-03 2.343838e-03 2.329730e-03 2.179192e-03 2.183251e-03 1.077536e-03 1.182023e-04 5.575988e-05 1.163089e-04 1.921432e-04 2.564861e-04 3.421766e-04 3.647324e-04 4.128070e-04 4.775808e-04 4.735059e-04 4.427820e-04 4.413548e-04 2.172518e-04 2.439579e-05
<GCONST> -1.700657e+02
<STATE> 5
<MEAN> 39
 -1.824223e+00 -5.244854e-01 -8.258116e-01 -5.196904e-01 -4.260184e-01 -4.671169e-01 -1.874325e-01 -5.080889e-01 -3.110345e-01 -1.769049e-01 9.090783e-02 1.374763e-01 3.717709e+00 -1.230340e-02 1.028069e-02 1.153383e-02 1.040451e-02 9.214687e-03 3.708223e-04 1.230784e-04 1.178034e-02 1.296406e-02 -4.484982e-03 -1.140758e-02 -5.290905e-03 -1.154615e-02 5.680964e-03 -1.733521e-03 1.063966e-02 3.528249e-03 3.442541e-04 -5.418670e-04 -1.045327e-03 -5.278746e-03 -4.153159e-03 -2.009590e-03 -1.235966e-03 -7.953922e-04 1.303368e-02
<VARIANCE> 39
 1.134986e-01 1.279816e-01 1.682594e-01 1.415089e-01 1.319189e-01 1.062026e-01 1.388055e-01 1.363095e-01 1.029611e-01 8.536500e-02 1.073014e-01 4.241950e-02 9.155284e-01 2.234543e-03 3.736095e-03 6.094778e-03 6.072045e-03 5.190566e-03 5.680967e-03 5.549463e-03 6.503168e-03 5.866378e-03 5.553482e-03 5.433531e-03 2.735653e-03 1.394020e-03 1.072072e-03 1.264517e-03 1.423855e-03 1.786093e-03 1.387909e-03 1.463615e-03 1.334744e-03 1.430340e-03 1.420354e-03 1.278360e-03 1.181378e-03 6.066263e-04 8.655553e-04
<GCONST> -1.124142e+02
<STATE> 6
<MEAN> 39
 -1.754327e+00 -5.605183e-01 -7.945004e-01 -7.048107e-01 -5.405774e-01 -5.515938e-01 -2.080768e-01 -4.211204e-01 -2.395090e-01 -2.147107e-01 2.433878e-02 1.256760e-01 3.729142e+00 2.876147e-02 -3.402666e-04 7.645493e-02 4.181444e-02 1.354030e-02 -7.371705e-03 -2.659337e-02 -3.484256e-02 -1.607969e-02 -1.594548e-02 -1.509660e-03 -1.334180e-02 8.505271e-02 3.237910e-02 -9.796089e-03 1.635382e-02 1.284062e-02 4.555435e-03 -2.029344e-02 -1.848835e-02 -1.250285e-02 -1.613055e-02 -1.452583e-02 -6.209338e-04 -1.655339e-04 4.786381e-02
<VARIANCE> 39
 1.572317e-01 2.473073e-01 2.767636e-01 2.457302e-01 2.840429e-01 1.944491e-01 2.168948e-01 1.931036e-01 1.544727e-01 1.068152e-01 1.560715e-01 6.780209e-02 9.843807e-01 2.776895e-02 3.483653e-02 2.951303e-02 2.817863e-02 2.180114e-02 2.170190e-02 1.894798e-02 2.124440e-02 1.854257e-02 1.556382e-02 1.716190e-02 7.980247e-03 2.794860e-02 4.918368e-03 6.346474e-03 4.850013e-03 4.880155e-03 4.346305e-03 3.926672e-03 4.119030e-03 4.125026e-03 3.599102e-03 2.729204e-03 3.138475e-03 1.617252e-03 5.039778e-03
<GCONST> -7.112598e+01
<STATE> 7
<MEAN> 39
 -1.219046e+00 -8.399230e-01 -4.133773e-01 -7.074336e-01 -3.840079e-01 -9.199988e-01 -2.365934e-01 -6.513321e-01 -3.209816e-01 -4.733729e-01 -1.733719e-02 1.180553e-01 4.444162e+00 1.196635e-01 -3.322598e-02 5.677962e-02 2.193510e-02 -5.813922e-03 -7.518084e-02 -5.305551e-02 -2.727450e-02 -3.185092e-02 -4.568077e-02 -2.227006e-02 -2.677457e-04 1.833773e-01 7.688766e-03 2.317335e-03 -1.097874e-02 -6.574153e-03 -2.200964e-03 -4.086687e-04 -8.254016e-04 9.284514e-03 6.619421e-03 2.325626e-03 -1.293106e-03 1.053799e-03 -4.006291e-03
<VARIANCE> 39
 7.651681e-01 7.746580e-01 7.217252e-01 6.758035e-01 7.015811e-01 5.173421e-01 7.047735e-01 4.745013e-01 4.602680e-01 3.423589e-01 3.683366e-01 2.167577e-01 1.807945e+00 5.970498e-02 7.585979e-02 5.187831e-02 5.744362e-02 6.133984e-02 4.308593e-02 4.710394e-02 4.125838e-02 5.000904e-02 3.349593e-02 4.113888e-02 2.201729e-02 5.860591e-02 1.051520e-02 1.529526e-02 1.027542e-02 9.891793e-03 1.096268e-02 8.096329e-03 8.178019e-03 8.215521e-03 9.469804e-03 6.691703e-03 8.092168e-03 4.634135e-03 1.187898e-02
<GCONST> -3.624122e+01
<TRANSP> 8
 0.000000e+00 3.257461e-01 6.742539e-01 0.000000e+00 0.000000e+00 0.000000e+00 0.000000e+00 0.000000e+00
 0.000000e+00 8.845470e-01 1.154530e-01 0.000000e+00 0.000000e+00 0.000000e+00 0.000000e+00 0.000000e+00
 0.000000e+00 0.000000e+00 7.927085e-01 8.380635e-02 1.234852e-01 0.000000e+00 0.000000e+00 0.000000e+00
 0.000000e+00 0.000000e+00 0.000000e+00 9.593295e-01 2.816816e-02 1.250239e-02 0.000000e+00 0.000000e+00
 0.000000e+00 0.000000e+00 0.000000e+00 0.000000e+00 7.893501e-01 2.106499e-01 0.000000e+00 0.000000e+00
 0.000000e+00 0.000000e+00 0.000000e+00 0.000000e+00 0.000000e+00 6.204602e-01 3.795398e-01 0.000000e+00
 0.000000e+00 0.000000e+00 0.000000e+00 0.000000e+00 0.000000e+00 0.000000e+00 7.448754e-01 2.551247e-01
 0.000000e+00 0.000000e+00 0.000000e+00 0.000000e+00 0.000000e+00 0.000000e+00 0.000000e+00 0.000000e+00
<ENDHMM>
