~o
<STREAMINFO> 1 39
<VECSIZE> 39<NULLD><MFCC_D_A_0><DIAGC>
~h "tambah"
<BEGINHMM>
<NUMSTATES> 6
<STATE> 2
<MEAN> 39
 3.562704e-02 2.918412e+00 -2.336634e-01 -1.590529e+00 -5.787889e+00 1.242782e+00 1.635312e+00 -2.002098e+00 1.302839e-01 -8.448656e+00 3.750832e-01 1.095327e+01 7.557914e+01 7.902960e-01 1.571461e+00 -4.228813e-01 5.196814e-01 8.039013e-01 -5.837844e-01 -4.577714e-01 1.295464e+00 1.164284e+00 2.002345e-02 -1.073030e+00 -1.207453e+00 -5.226911e-01 -4.769431e-01 2.177736e-01 1.434378e-01 5.449505e-01 2.683884e-01 8.204872e-02 3.530142e-02 -3.735442e-01 -1.108104e-01 4.262522e-01 -1.990643e-01 -9.930303e-01 -6.050702e-01
<VARIANCE> 39
 1.008646e+01 2.211141e+01 1.176151e+01 9.073010e+00 9.944726e+00 1.402665e+01 1.633861e+01 2.981580e+01 2.224469e+01 1.978291e+01 1.443009e+01 1.771152e+01 1.096785e+01 2.727560e+00 1.314484e+00 1.351473e+00 2.371249e+00 1.868344e+00 1.200816e+00 2.506904e+00 3.811026e+00 1.477478e+00 4.311688e+00 1.834987e+00 1.003472e+01 3.478364e+00 2.247838e-01 2.872214e-01 3.399365e-01 2.025808e-01 5.105627e-01 2.857991e-01 5.774972e-01 7.558030e-01 3.340014e-01 6.961212e-01 2.139318e-01 5.947793e-01 3.176258e-01
<GCONST> 1.055876e+02
<STATE> 3
<MEAN> 39
 -1.093191e+00 1.470232e+01 8.454642e-01 8.487530e+00 2.791915e+00 1.734975e+00 -1.573271e+00 -4.025372e+00 3.811425e+00 -2.081308e+00 -8.427846e+00 -8.747915e+00 6.628222e+01 7.239443e-02 6.563877e-01 1.567240e-01 7.231628e-02 4.599043e-02 6.268843e-02 -3.727930e-01 -4.907814e-01 -9.912923e-02 2.021852e-01 -1.616549e-01 -5.327052e-01 -3.236576e-01 1.516875e-01 -3.628847e-01 -6.166274e-02 -5.333190e-01 -5.418235e-01 4.757993e-02 3.796363e-02 -5.344566e-05 -4.870935e-02 -3.355189e-01 3.518533e-01 1.028085e+00 3.361379e-01
<VARIANCE> 39
 1.533012e+00 7.614347e+00 6.566183e+00 5.989176e+00 9.696869e+00 6.183886e+00 9.439096e+00 1.092567e+01 8.733114e+00 8.876099e+00 7.350699e+00 1.419232e+01 2.856751e+00 2.953544e-01 6.500441e-01 3.754128e-01 2.891505e+00 4.035473e+00 5.909164e-01 7.796710e-01 7.868912e-01 1.193395e+00 1.266474e+00 1.480571e+00 7.664079e+00 6.846601e-01 2.707489e-02 1.264594e-01 7.891227e-02 1.781765e-01 2.249200e-01 1.435148e-01 1.531455e-01 1.635333e-01 2.241866e-01 1.944346e-01 1.463179e-01 4.299983e-01 4.636290e-02
<GCONST> 7.182723e+01
<STATE> 4
<MEAN> 39
 1.747141e+00 8.433608e+00 1.106474e+00 -7.250193e-01 -7.376484e+00 4.952360e+00 -2.341074e+00 -7.136980e+00 1.986979e+00 -8.273926e+00 -1.136275e+00 1.013334e+01 7.165099e+01 -2.910874e-01 -1.893471e+00 1.984127e-01 -4.252356e-01 -1.890426e-01 1.287837e+00 5.031726e-01 2.966692e-02 -2.882512e-01 -7.811596e-01 1.515001e+00 2.567870e+00 7.202880e-01 -3.866424e-01 8.244625e-02 1.144556e-01 6.185302e-01 7.856377e-01 1.228451e-01 3.051690e-01 2.104967e-01 -4.114475e-02 5.367054e-01 -8.994101e-02 -1.043792e+00 -3.258865e-01
<VARIANCE> 39
 4.388961e+00 3.244627e+01 1.092570e+01 1.048769e+01 9.478031e+00 2.351293e+01 1.340543e+01 1.692168e+01 1.989821e+01 1.352889e+01 2.168908e+01 3.981411e+01 9.860046e+00 1.094587e+00 1.808701e+00 1.250374e+00 3.461345e+00 4.611231e+00 2.217797e+00 2.162451e+00 1.417677e+00 1.488710e+00 2.763213e+00 1.679570e+00 1.014046e+01 1.194540e+00 9.329444e-02 4.657948e-01 2.459936e-01 2.699641e-01 2.941276e-01 4.092823e-01 2.854683e-01 2.082903e-01 2.425986e-01 3.853247e-01 2.455945e-01 8.759702e-01 1.113971e-01
<GCONST> 9.998485e+01
<STATE> 5
<MEAN> 39
 -7.827454e+00 1.777205e+00 5.663613e+00 5.937313e+00 -5.200117e-02 8.596917e+00 5.618605e+00 -5.988973e+00 -1.849558e+00 -1.855344e+00 3.712984e+00 5.296329e+00 6.872832e+01 -8.926482e-01 -2.036098e-01 3.982300e-01 5.594321e-01 5.669333e-01 -4.723780e-01 2.942875e-01 -2.356754e-01 -3.648436e-01 6.170919e-01 -2.287320e-01 -1.073950e+00 -3.036870e-01 1.793456e-01 1.858920e-01 -7.327574e-02 -5.072204e-02 -1.345872e-01 -1.686094e-01 -2.434301e-01 -1.295645e-01 2.745432e-02 -2.072698e-01 -1.822335e-01 7.776113e-02 4.051971e-02
<VARIANCE> 39
 5.383319e+01 8.972404e+01 4.901621e+01 4.007932e+01 2.983000e+01 3.548459e+01 6.367492e+01 3.910809e+01 3.309253e+01 3.227955e+01 3.848481e+01 3.364185e+01 2.869641e+01 3.033322e+00 5.734469e+00 3.833836e+00 3.256183e+00 2.734054e+00 2.583890e+00 4.425032e+00 2.793951e+00 2.428967e+00 3.848951e+00 2.195230e+00 1.987830e+00 2.153281e+00 3.572176e-01 7.688633e-01 6.903798e-01 5.393386e-01 4.551088e-01 5.135695e-01 6.710598e-01 4.590243e-01 4.897648e-01 5.815713e-01 3.858970e-01 3.909254e-01 3.582104e-01
<GCONST> 1.252649e+02
<TRANSP> 6
 0.000000e+00 7.999997e-01 2.000004e-01 0.000000e+00 0.000000e+00 0.000000e+00
 0.000000e+00 8.351775e-01 1.648226e-01 0.000000e+00 0.000000e+00 0.000000e+00
 0.000000e+00 0.000000e+00 8.919451e-01 1.080549e-01 0.000000e+00 0.000000e+00
 0.000000e+00 0.000000e+00 0.000000e+00 8.360209e-01 1.639791e-01 0.000000e+00
 0.000000e+00 0.000000e+00 0.000000e+00 0.000000e+00 8.968374e-01 1.031626e-01
 0.000000e+00 0.000000e+00 0.000000e+00 0.000000e+00 0.000000e+00 0.000000e+00
<ENDHMM>
