~o
<STREAMINFO> 1 36
<VECSIZE> 36<NULLD><LPC_D_A><DIAGC>
~h "tiga"
<BEGINHMM>
<NUMSTATES> 8
<STATE> 2
<MEAN> 36
 -1.012881e+00 1.561400e-01 9.820457e-02 -3.646449e-02 -7.125989e-02 1.494890e-01 2.971166e-02 -1.287293e-02 -8.700381e-02 8.742012e-03 -4.523148e-02 3.117434e-02 -2.371885e-02 -1.967804e-02 -1.331476e-03 7.945118e-03 3.719358e-03 4.626124e-03 -5.696454e-03 -2.701878e-03 -2.983750e-03 2.637399e-03 7.264117e-05 3.697315e-03 1.587888e-02 -3.470913e-03 -4.969840e-03 9.984499e-04 -1.381295e-03 -6.073172e-04 -1.626201e-03 1.053955e-03 -4.339099e-04 -1.599337e-04 4.309222e-04 2.182941e-04
<VARIANCE> 36
 4.193570e-01 3.423271e-01 1.870615e-01 1.314533e-01 8.338456e-02 5.602886e-02 5.422615e-02 5.306977e-02 3.136814e-02 3.819558e-02 3.203978e-02 1.579519e-02 6.945112e-02 4.601698e-02 2.310581e-02 1.382544e-02 1.186009e-02 7.404436e-03 6.036412e-03 5.995825e-03 3.944182e-03 4.202999e-03 3.651830e-03 1.657835e-03 1.539020e-02 1.033104e-02 5.385784e-03 2.992298e-03 2.800626e-03 1.486301e-03 1.352443e-03 1.280032e-03 8.463830e-04 8.772638e-04 8.112726e-04 3.713570e-04
<GCONST> -9.596645e+01
<STATE> 3
<MEAN> 36
 -2.690040e+00 5.030104e+00 -7.536172e+00 9.365002e+00 -9.884851e+00 9.086103e+00 -7.286571e+00 5.046692e+00 -2.955613e+00 1.373191e+00 -4.651039e-01 8.104808e-02 -4.434694e-02 9.716360e-02 -1.657657e-01 2.280665e-01 -2.635721e-01 2.667672e-01 -2.402305e-01 1.911153e-01 -1.318223e-01 7.899012e-02 -3.527962e-02 1.041718e-02 1.258830e-02 -3.280025e-02 6.095345e-02 -8.971466e-02 1.067702e-01 -1.056056e-01 8.828135e-02 -6.393074e-02 3.943704e-02 -1.973324e-02 8.546907e-03 -3.125184e-03
<VARIANCE> 36
 6.004883e-01 5.074764e+00 1.794197e+01 4.093758e+01 6.419137e+01 7.388091e+01 6.347383e+01 4.055681e+01 1.856096e+01 5.773579e+00 1.011278e+00 7.862990e-02 8.468115e-02 6.454353e-01 2.149841e+00 4.631887e+00 6.830403e+00 7.465344e+00 6.273278e+00 4.022217e+00 1.882058e+00 6.074321e-01 1.099245e-01 8.437170e-03 1.362073e-02 1.012235e-01 3.259176e-01 6.914241e-01 1.009164e+00 1.110053e+00 9.551956e-01 6.382473e-01 3.110065e-01 1.042028e-01 1.905174e-02 1.504510e-03
<GCONST> 6.969223e+01
<STATE> 4
<MEAN> 36
 -8.044274e-01 2.911983e-01 -5.646647e-01 4.935898e-01 -4.389670e-01 4.293641e-01 -4.217820e-01 3.706931e-01 -3.472356e-01 2.528199e-01 -2.781498e-01 1.570580e-01 4.894366e-03 -6.151973e-03 2.682142e-03 -5.700655e-03 -4.555822e-04 -7.009651e-03 5.229842e-04 -1.605662e-03 1.684611e-03 -1.689405e-03 2.435736e-03 3.492492e-03 9.995221e-03 1.662229e-03 2.172699e-03 -2.532138e-03 2.568185e-03 -7.060138e-04 2.231579e-03 -2.872031e-03 1.129782e-03 -1.752993e-03 2.644908e-03 -3.074658e-04
<VARIANCE> 36
 2.334322e-01 1.033473e-01 1.297728e-01 1.057502e-01 6.289246e-02 7.604460e-02 4.152576e-02 5.323704e-02 2.652953e-02 2.535896e-02 2.530075e-02 1.115182e-02 3.447573e-02 1.257634e-02 7.722811e-03 1.297859e-02 6.626857e-03 7.575256e-03 4.317098e-03 4.633749e-03 2.901591e-03 2.830127e-03 2.254209e-03 1.216167e-03 6.835193e-03 2.408119e-03 1.415426e-03 2.660410e-03 1.350397e-03 1.585495e-03 8.652123e-04 9.678004e-04 5.880969e-04 6.178621e-04 5.197409e-04 2.315270e-04
<GCONST> -1.122837e+02
<STATE> 5
<MEAN> 36
 -2.772697e+00 4.959517e+00 -7.317743e+00 9.075480e+00 -9.744787e+00 9.318346e+00 -7.969353e+00 5.968998e+00 -3.859619e+00 2.041472e+00 -7.955961e-01 1.925769e-01 4.603468e-02 -1.851197e-01 3.458906e-01 -5.292690e-01 6.759390e-01 -7.502484e-01 7.225801e-01 -6.069596e-01 4.313979e-01 -2.535019e-01 1.129802e-01 -2.994190e-02 1.706835e-02 -3.892842e-02 7.413918e-02 -1.100307e-01 1.418276e-01 -1.652029e-01 1.695564e-01 -1.483768e-01 1.088930e-01 -6.426816e-02 2.803039e-02 -6.825301e-03
<VARIANCE> 36
 2.491428e-01 1.882246e+00 5.724609e+00 1.192616e+01 1.778943e+01 2.047288e+01 1.865345e+01 1.315195e+01 6.793252e+00 2.425797e+00 5.118006e-01 3.882802e-02 3.226496e-02 2.313434e-01 6.973020e-01 1.421838e+00 2.105061e+00 2.459706e+00 2.311331e+00 1.673576e+00 8.926369e-01 3.234990e-01 6.617066e-02 4.732464e-03 1.030962e-02 7.965685e-02 2.783403e-01 6.753832e-01 1.162629e+00 1.467608e+00 1.364965e+00 9.165802e-01 4.299310e-01 1.319186e-01 2.282757e-02 1.382687e-03
<GCONST> 4.744282e+01
<STATE> 6
<MEAN> 36
 -1.524593e+00 2.124798e+00 -3.249846e+00 3.958403e+00 -4.116992e+00 3.728718e+00 -2.952894e+00 2.052088e+00 -1.302144e+00 6.532802e-01 -3.001236e-01 1.372720e-01 4.379696e-02 -1.001535e-02 -4.344780e-03 2.691930e-03 -3.230174e-02 6.840516e-02 -7.793582e-02 7.276740e-02 -6.924804e-02 3.886619e-02 -5.791688e-03 2.121274e-03 -1.546110e-02 3.194289e-02 -4.994141e-02 8.365395e-02 -1.148720e-01 1.380742e-01 -1.425200e-01 1.267245e-01 -9.345275e-02 5.795290e-02 -2.495580e-02 4.777208e-03
<VARIANCE> 36
 2.209174e+00 2.037271e+01 9.017374e+01 2.577229e+02 5.064594e+02 7.091019e+02 7.079594e+02 4.997721e+02 2.450134e+02 7.839747e+01 1.373116e+01 7.608590e-01 1.305795e-01 1.651240e+00 8.695016e+00 2.657893e+01 5.385453e+01 7.622134e+01 7.607094e+01 5.342786e+01 2.599096e+01 8.206850e+00 1.423637e+00 7.909313e-02 2.789463e-02 3.382138e-01 1.763266e+00 5.326931e+00 1.070845e+01 1.505658e+01 1.494654e+01 1.045372e+01 5.076632e+00 1.600056e+00 2.778658e-01 1.542509e-02
<GCONST> 1.458720e+02
<STATE> 7
<MEAN> 36
 -1.355321e+00 1.621030e+00 -2.278264e+00 2.536362e+00 -2.516816e+00 2.239216e+00 -1.812003e+00 1.296740e+00 -8.585714e-01 4.636093e-01 -2.090988e-01 1.084362e-01 6.296366e-03 3.634611e-02 -6.723873e-02 9.112944e-02 -1.149099e-01 1.208695e-01 -1.107647e-01 8.921377e-02 -7.108117e-02 4.330971e-02 -1.569576e-02 3.134202e-03 -3.915837e-03 5.739528e-04 8.648040e-03 -8.651117e-04 5.292795e-03 -8.132918e-03 9.584326e-03 -8.369710e-03 9.223575e-03 -6.752775e-03 1.179721e-03 -1.337851e-04
<VARIANCE> 36
 1.182716e+00 4.200262e+00 8.104835e+00 1.263171e+01 1.448498e+01 1.351897e+01 1.009168e+01 5.754146e+00 2.467688e+00 7.674069e-01 1.442239e-01 2.040379e-02 6.556414e-02 1.615850e-01 3.524039e-01 6.626611e-01 8.925124e-01 9.452298e-01 7.641333e-01 4.699478e-01 2.169185e-01 7.240427e-02 1.526487e-02 2.494336e-03 1.211765e-02 2.314273e-02 4.017672e-02 6.403963e-02 7.768444e-02 8.387888e-02 7.387234e-02 4.884621e-02 2.650685e-02 1.026709e-02 2.302219e-03 5.243499e-04
<GCONST> 8.382150e+00
<TRANSP> 8
 0.000000e+00 7.594938e-01 2.405062e-01 0.000000e+00 0.000000e+00 0.000000e+00 0.000000e+00 0.000000e+00
 0.000000e+00 8.773099e-01 0.000000e+00 1.226901e-01 0.000000e+00 0.000000e+00 0.000000e+00 0.000000e+00
 0.000000e+00 0.000000e+00 8.744364e-01 6.608556e-03 1.189551e-01 0.000000e+00 0.000000e+00 0.000000e+00
 0.000000e+00 0.000000e+00 0.000000e+00 8.894851e-01 0.000000e+00 1.105150e-01 0.000000e+00 0.000000e+00
 0.000000e+00 0.000000e+00 0.000000e+00 0.000000e+00 8.271897e-01 1.728103e-01 0.000000e+00 0.000000e+00
 0.000000e+00 0.000000e+00 0.000000e+00 0.000000e+00 0.000000e+00 2.403166e-01 7.596834e-01 0.000000e+00
 0.000000e+00 0.000000e+00 0.000000e+00 0.000000e+00 0.000000e+00 0.000000e+00 5.227477e-01 4.772523e-01
 0.000000e+00 0.000000e+00 0.000000e+00 0.000000e+00 0.000000e+00 0.000000e+00 0.000000e+00 0.000000e+00
<ENDHMM>
