~o
<STREAMINFO> 1 36
<VECSIZE> 36<NULLD><LPC_D_A><DIAGC>
~h "tujuh"
<BEGINHMM>
<NUMSTATES> 8
<STATE> 2
<MEAN> 36
 -2.475737e+00 4.018632e+00 -5.554470e+00 6.503151e+00 -6.633940e+00 5.961810e+00 -4.641707e+00 3.101088e+00 -1.770048e+00 7.368724e-01 -2.573573e-01 7.144754e-02 6.442366e-02 -1.415463e-01 2.423147e-01 -3.072236e-01 3.433869e-01 -3.276254e-01 2.890423e-01 -1.930663e-01 1.191776e-01 -5.237583e-02 2.210655e-02 -6.951784e-03 -2.004514e-02 6.908306e-02 -1.230787e-01 1.847549e-01 -2.333855e-01 2.592581e-01 -2.491258e-01 2.071807e-01 -1.457084e-01 8.763576e-02 -3.712594e-02 9.806118e-03
<VARIANCE> 36
 2.092761e-01 1.685311e+00 5.262427e+00 1.105887e+01 1.638827e+01 1.851942e+01 1.637700e+01 1.094414e+01 5.513458e+00 1.999944e+00 4.491706e-01 5.032403e-02 2.201854e-02 1.892000e-01 5.587027e-01 1.232813e+00 1.926026e+00 2.320871e+00 2.171705e+00 1.582727e+00 8.342358e-01 3.202281e-01 6.950616e-02 7.151723e-03 8.502536e-03 6.464599e-02 1.898647e-01 3.869308e-01 5.692000e-01 6.427207e-01 5.643221e-01 3.763122e-01 1.865243e-01 6.770039e-02 1.488715e-02 1.631639e-03
<GCONST> 3.898221e+01
<STATE> 3
<MEAN> 36
 -8.210930e-01 2.481976e-01 -2.893790e-01 2.651121e-01 -3.548777e-01 2.901664e-01 -2.033148e-01 2.623878e-01 -2.244072e-01 1.432594e-01 -1.524285e-01 9.786083e-02 3.843089e-04 -9.187943e-03 4.187959e-03 -3.492178e-03 7.189367e-04 -5.387244e-03 -1.458729e-03 2.596625e-04 8.104863e-04 7.339747e-04 7.753986e-04 -3.191001e-05 8.711979e-03 -4.528538e-04 -1.298879e-03 1.006675e-03 7.571047e-04 -2.056904e-04 -7.725112e-04 -7.123831e-04 2.400593e-05 3.986227e-05 2.513312e-04 -4.273041e-04
<VARIANCE> 36
 2.854846e-01 2.225644e-01 2.616186e-01 1.846445e-01 1.014324e-01 8.999990e-02 1.003719e-01 7.799070e-02 4.039351e-02 4.642992e-02 3.187904e-02 1.720606e-02 3.735715e-02 2.787261e-02 1.160362e-02 1.396795e-02 7.140345e-03 7.579972e-03 3.373025e-03 5.187459e-03 3.007150e-03 2.847509e-03 2.072932e-03 1.659523e-03 7.662357e-03 6.053259e-03 2.502254e-03 3.006747e-03 1.591476e-03 1.688122e-03 7.199185e-04 1.116628e-03 6.420642e-04 6.262154e-04 4.363934e-04 3.513459e-04
<GCONST> -1.026313e+02
<STATE> 4
<MEAN> 36
 -2.786302e+00 5.089390e+00 -7.412303e+00 9.281387e+00 -1.013907e+01 9.773874e+00 -8.313854e+00 6.177367e+00 -3.919040e+00 2.040763e+00 -8.155718e-01 2.270175e-01 6.303762e-03 -5.465659e-02 9.080894e-02 -1.690339e-01 2.320093e-01 -2.798475e-01 2.737560e-01 -2.527877e-01 1.875942e-01 -1.173848e-01 5.085739e-02 -6.684369e-03 3.105037e-02 -9.486575e-02 1.597414e-01 -2.329875e-01 2.851671e-01 -3.012652e-01 2.761689e-01 -2.216446e-01 1.503901e-01 -8.744772e-02 3.769783e-02 -1.112051e-02
<VARIANCE> 36
 1.220425e-01 9.382992e-01 3.337143e+00 7.467217e+00 1.158150e+01 1.359003e+01 1.236325e+01 8.929901e+00 4.892698e+00 1.950065e+00 4.410704e-01 3.456194e-02 4.026291e-02 3.041555e-01 9.195054e-01 1.902378e+00 2.819007e+00 3.150257e+00 2.714889e+00 1.778053e+00 8.748041e-01 3.148384e-01 6.607981e-02 5.194885e-03 5.430138e-03 3.681390e-02 1.137372e-01 2.385661e-01 3.592026e-01 4.160850e-01 3.715968e-01 2.598641e-01 1.355609e-01 5.279068e-02 1.119138e-02 8.068085e-04
<GCONST> 3.277772e+01
<STATE> 5
<MEAN> 36
 -5.816784e-01 8.230843e-02 -2.492391e-01 2.360822e-01 -2.942347e-01 2.009083e-01 -2.060628e-01 2.191512e-01 -1.808048e-01 1.252617e-01 -1.465811e-01 7.186288e-02 3.135114e-02 1.229344e-02 -1.561535e-02 2.027641e-02 5.118712e-03 2.710633e-03 -1.918147e-02 -5.274574e-03 8.692856e-04 1.086566e-02 -1.978567e-04 3.381314e-04 -2.963733e-02 2.994681e-02 6.158118e-04 -8.811860e-04 -4.850420e-03 7.807057e-03 -1.939833e-03 -2.126793e-03 -5.348241e-03 4.402692e-03 1.448303e-03 2.048827e-03
<VARIANCE> 36
 3.947940e-01 1.761346e-01 1.847506e-01 1.989019e-01 9.843239e-02 8.744667e-02 9.226842e-02 6.830789e-02 4.198459e-02 3.024969e-02 2.891441e-02 1.804181e-02 3.442487e-02 2.060801e-02 1.206867e-02 1.009749e-02 9.966081e-03 6.506205e-03 3.717225e-03 4.131968e-03 3.432102e-03 1.798190e-03 2.462843e-03 1.834845e-03 8.113186e-03 5.664477e-03 3.540377e-03 2.606764e-03 1.571641e-03 7.182477e-04 9.626086e-04 9.256919e-04 6.595591e-04 6.391810e-04 5.032549e-04 4.125521e-04
<GCONST> -1.044219e+02
<STATE> 6
<MEAN> 36
 -1.090037e+00 8.184302e-01 -8.760309e-01 8.843535e-01 -8.986261e-01 6.619291e-01 -4.133002e-01 2.347106e-01 -1.495354e-01 7.332310e-02 -7.534944e-02 5.710418e-02 1.473988e-02 -2.535223e-02 7.275229e-02 -1.026397e-01 1.123088e-01 -9.167389e-02 7.943744e-02 -6.405179e-02 2.841416e-02 -1.527950e-02 1.673135e-02 -7.330587e-03 -3.074789e-02 6.803071e-02 -1.114441e-01 1.561142e-01 -1.830484e-01 1.919796e-01 -1.691117e-01 1.322525e-01 -8.879744e-02 4.597509e-02 -1.574685e-02 3.562709e-03
<VARIANCE> 36
 7.677492e-01 1.504006e+00 2.462893e+00 2.876857e+00 2.444671e+00 2.006169e+00 1.419027e+00 7.910529e-01 3.834918e-01 1.662947e-01 6.401400e-02 1.746116e-02 4.766686e-02 9.379078e-02 1.029656e-01 1.743619e-01 2.104516e-01 2.111790e-01 1.733586e-01 1.138356e-01 5.986758e-02 2.649661e-02 9.563121e-03 2.065170e-03 9.881681e-03 3.385793e-02 6.869215e-02 1.320937e-01 1.797341e-01 1.893874e-01 1.577262e-01 9.775466e-02 4.426655e-02 1.496160e-02 3.356141e-03 4.639429e-04
<GCONST> -1.427551e+01
<STATE> 7
<MEAN> 36
 -1.588874e+00 2.242195e+00 -3.193026e+00 3.757426e+00 -3.851094e+00 3.526436e+00 -2.915083e+00 2.049943e+00 -1.271664e+00 6.273027e-01 -2.432862e-01 7.766201e-02 -6.730737e-02 1.910959e-01 -3.020576e-01 4.437311e-01 -5.184544e-01 5.468878e-01 -5.101179e-01 4.094900e-01 -2.951489e-01 1.792994e-01 -7.247384e-02 1.558070e-02 -1.400263e-02 1.490211e-02 -1.056983e-02 1.789768e-02 -2.099141e-02 1.541707e-02 -6.795936e-03 4.547139e-03 -1.656715e-03 4.377084e-03 -5.070895e-03 3.288057e-03
<VARIANCE> 36
 1.458588e+00 5.663981e+00 1.191961e+01 1.933619e+01 2.346273e+01 2.291593e+01 1.790193e+01 1.070725e+01 4.789931e+00 1.555114e+00 3.058070e-01 2.936187e-02 4.187618e-02 1.372505e-01 3.474468e-01 6.925665e-01 9.952084e-01 1.098210e+00 9.756651e-01 6.614137e-01 3.236370e-01 1.141212e-01 2.286321e-02 2.290688e-03 6.684707e-03 2.692403e-02 7.155521e-02 1.479473e-01 2.193637e-01 2.480489e-01 2.168611e-01 1.432029e-01 7.135557e-02 2.441156e-02 4.812530e-03 4.970143e-04
<GCONST> 2.361503e+01
<TRANSP> 8
 0.000000e+00 1.999994e-01 8.000006e-01 0.000000e+00 0.000000e+00 0.000000e+00 0.000000e+00 0.000000e+00
 0.000000e+00 8.537785e-01 0.000000e+00 1.462215e-01 0.000000e+00 0.000000e+00 0.000000e+00 0.000000e+00
 0.000000e+00 0.000000e+00 9.412330e-01 0.000000e+00 5.876704e-02 0.000000e+00 0.000000e+00 0.000000e+00
 0.000000e+00 0.000000e+00 0.000000e+00 8.943921e-01 0.000000e+00 1.056079e-01 0.000000e+00 0.000000e+00
 0.000000e+00 0.000000e+00 0.000000e+00 0.000000e+00 0.000000e+00 1.000000e+00 0.000000e+00 0.000000e+00
 0.000000e+00 0.000000e+00 0.000000e+00 0.000000e+00 0.000000e+00 2.497371e-01 7.502629e-01 0.000000e+00
 0.000000e+00 0.000000e+00 0.000000e+00 0.000000e+00 0.000000e+00 0.000000e+00 3.568982e-01 6.431018e-01
 0.000000e+00 0.000000e+00 0.000000e+00 0.000000e+00 0.000000e+00 0.000000e+00 0.000000e+00 0.000000e+00
<ENDHMM>
