~o
<STREAMINFO> 1 39
<VECSIZE> 39<NULLD><MFCC_D_A_0><DIAGC>
~h "sembilan"
<BEGINHMM>
<NUMSTATES> 6
<STATE> 2
<MEAN> 39
 0.000000e+00 0.000000e+00 0.000000e+00 0.000000e+00 0.000000e+00 0.000000e+00 0.000000e+00 0.000000e+00 0.000000e+00 0.000000e+00 0.000000e+00 0.000000e+00 0.000000e+00 0.000000e+00 0.000000e+00 0.000000e+00 0.000000e+00 0.000000e+00 0.000000e+00 0.000000e+00 0.000000e+00 0.000000e+00 0.000000e+00 0.000000e+00 0.000000e+00 0.000000e+00 0.000000e+00 0.000000e+00 0.000000e+00 0.000000e+00 0.000000e+00 0.000000e+00 0.000000e+00 0.000000e+00 0.000000e+00 0.000000e+00 0.000000e+00 0.000000e+00 0.000000e+00
<VARIANCE> 39
 8.776062e+01 7.185104e+01 7.384866e+01 7.925824e+01 6.900484e+01 5.254623e+01 5.349629e+01 5.640200e+01 5.788851e+01 5.728400e+01 4.718421e+01 5.223062e+01 1.617996e+02 1.769726e+00 3.251525e+00 3.006755e+00 2.887845e+00 3.736578e+00 3.316651e+00 3.212524e+00 2.994277e+00 3.384236e+00 3.028569e+00 2.770442e+00 2.883386e+00 1.698225e+00 2.223818e-01 5.068340e-01 4.890909e-01 4.640933e-01 6.310489e-01 6.178358e-01 5.956089e-01 5.631734e-01 6.251155e-01 5.609822e-01 5.053464e-01 4.925835e-01 2.366874e-01
<GCONST> 1.303592e+02
<STATE> 3
<MEAN> 39
 0.000000e+00 0.000000e+00 0.000000e+00 0.000000e+00 0.000000e+00 0.000000e+00 0.000000e+00 0.000000e+00 0.000000e+00 0.000000e+00 0.000000e+00 0.000000e+00 0.000000e+00 0.000000e+00 0.000000e+00 0.000000e+00 0.000000e+00 0.000000e+00 0.000000e+00 0.000000e+00 0.000000e+00 0.000000e+00 0.000000e+00 0.000000e+00 0.000000e+00 0.000000e+00 0.000000e+00 0.000000e+00 0.000000e+00 0.000000e+00 0.000000e+00 0.000000e+00 0.000000e+00 0.000000e+00 0.000000e+00 0.000000e+00 0.000000e+00 0.000000e+00 0.000000e+00
<VARIANCE> 39
 8.776062e+01 7.185104e+01 7.384866e+01 7.925824e+01 6.900484e+01 5.254623e+01 5.349629e+01 5.640200e+01 5.788851e+01 5.728400e+01 4.718421e+01 5.223062e+01 1.617996e+02 1.769726e+00 3.251525e+00 3.006755e+00 2.887845e+00 3.736578e+00 3.316651e+00 3.212524e+00 2.994277e+00 3.384236e+00 3.028569e+00 2.770442e+00 2.883386e+00 1.698225e+00 2.223818e-01 5.068340e-01 4.890909e-01 4.640933e-01 6.310489e-01 6.178358e-01 5.956089e-01 5.631734e-01 6.251155e-01 5.609822e-01 5.053464e-01 4.925835e-01 2.366874e-01
<GCONST> 1.303592e+02
<STATE> 4
<MEAN> 39
 0.000000e+00 0.000000e+00 0.000000e+00 0.000000e+00 0.000000e+00 0.000000e+00 0.000000e+00 0.000000e+00 0.000000e+00 0.000000e+00 0.000000e+00 0.000000e+00 0.000000e+00 0.000000e+00 0.000000e+00 0.000000e+00 0.000000e+00 0.000000e+00 0.000000e+00 0.000000e+00 0.000000e+00 0.000000e+00 0.000000e+00 0.000000e+00 0.000000e+00 0.000000e+00 0.000000e+00 0.000000e+00 0.000000e+00 0.000000e+00 0.000000e+00 0.000000e+00 0.000000e+00 0.000000e+00 0.000000e+00 0.000000e+00 0.000000e+00 0.000000e+00 0.000000e+00
<VARIANCE> 39
 8.776062e+01 7.185104e+01 7.384866e+01 7.925824e+01 6.900484e+01 5.254623e+01 5.349629e+01 5.640200e+01 5.788851e+01 5.728400e+01 4.718421e+01 5.223062e+01 1.617996e+02 1.769726e+00 3.251525e+00 3.006755e+00 2.887845e+00 3.736578e+00 3.316651e+00 3.212524e+00 2.994277e+00 3.384236e+00 3.028569e+00 2.770442e+00 2.883386e+00 1.698225e+00 2.223818e-01 5.068340e-01 4.890909e-01 4.640933e-01 6.310489e-01 6.178358e-01 5.956089e-01 5.631734e-01 6.251155e-01 5.609822e-01 5.053464e-01 4.925835e-01 2.366874e-01
<GCONST> 1.303592e+02
<STATE> 5
<MEAN> 39
 0.000000e+00 0.000000e+00 0.000000e+00 0.000000e+00 0.000000e+00 0.000000e+00 0.000000e+00 0.000000e+00 0.000000e+00 0.000000e+00 0.000000e+00 0.000000e+00 0.000000e+00 0.000000e+00 0.000000e+00 0.000000e+00 0.000000e+00 0.000000e+00 0.000000e+00 0.000000e+00 0.000000e+00 0.000000e+00 0.000000e+00 0.000000e+00 0.000000e+00 0.000000e+00 0.000000e+00 0.000000e+00 0.000000e+00 0.000000e+00 0.000000e+00 0.000000e+00 0.000000e+00 0.000000e+00 0.000000e+00 0.000000e+00 0.000000e+00 0.000000e+00 0.000000e+00
<VARIANCE> 39
 8.776062e+01 7.185104e+01 7.384866e+01 7.925824e+01 6.900484e+01 5.254623e+01 5.349629e+01 5.640200e+01 5.788851e+01 5.728400e+01 4.718421e+01 5.223062e+01 1.617996e+02 1.769726e+00 3.251525e+00 3.006755e+00 2.887845e+00 3.736578e+00 3.316651e+00 3.212524e+00 2.994277e+00 3.384236e+00 3.028569e+00 2.770442e+00 2.883386e+00 1.698225e+00 2.223818e-01 5.068340e-01 4.890909e-01 4.640933e-01 6.310489e-01 6.178358e-01 5.956089e-01 5.631734e-01 6.251155e-01 5.609822e-01 5.053464e-01 4.925835e-01 2.366874e-01
<GCONST> 1.303592e+02
<TRANSP> 6
 0.000000e+00 5.000000e-01 5.000000e-01 0.000000e+00 0.000000e+00 0.000000e+00
 0.000000e+00 4.000000e-01 3.000000e-01 3.000000e-01 0.000000e+00 0.000000e+00
 0.000000e+00 0.000000e+00 4.000000e-01 3.000000e-01 3.000000e-01 0.000000e+00
 0.000000e+00 0.000000e+00 0.000000e+00 4.000000e-01 3.000000e-01 3.000000e-01
 0.000000e+00 0.000000e+00 0.000000e+00 0.000000e+00 5.000000e-01 5.000000e-01
 0.000000e+00 0.000000e+00 0.000000e+00 0.000000e+00 0.000000e+00 0.000000e+00
<ENDHMM>
