~o
<STREAMINFO> 1 39
<VECSIZE> 39<NULLD><PLP_D_A_0><DIAGC>
~h "belas"
<BEGINHMM>
<NUMSTATES> 8
<STATE> 2
<MEAN> 39
 -4.283087e-02 -2.735689e-01 -7.210097e-01 1.330536e-01 -4.685650e-01 -8.895556e-01 -7.997254e-01 -6.064664e-01 -6.391604e-01 -9.215035e-01 -3.487675e-01 2.863527e-01 4.826038e+00 3.869393e-02 -1.274449e-01 1.121040e-02 -5.472356e-02 -1.453982e-01 9.916879e-03 -8.528201e-03 -6.174061e-02 -6.584533e-03 2.572436e-02 1.082348e-01 1.041546e-01 9.968720e-02 -4.781341e-03 -3.595676e-02 -2.996780e-04 -3.438394e-02 -3.124508e-02 1.259041e-02 1.462302e-02 2.195772e-02 3.208806e-02 3.334743e-02 3.810273e-02 1.054374e-02 2.055635e-02
<VARIANCE> 39
 2.248671e-01 4.862029e-01 4.675554e-01 2.618720e-01 4.587016e-01 4.313331e-01 2.916955e-01 6.666532e-01 4.699629e-01 2.706264e-01 4.644757e-01 3.250781e-01 7.345222e-01 2.057565e-02 3.989040e-02 4.181080e-02 2.540978e-02 5.621696e-02 5.751456e-02 2.977599e-02 2.835895e-02 4.290920e-02 2.492544e-02 4.270905e-02 3.304425e-02 1.779704e-02 4.290350e-03 6.007900e-03 7.047693e-03 4.003943e-03 9.440421e-03 8.690990e-03 7.213250e-03 6.444230e-03 8.550500e-03 4.134001e-03 6.206931e-03 7.130562e-03 3.494960e-03
<GCONST> -5.070977e+01
<STATE> 3
<MEAN> 39
 1.803182e-02 -1.416267e+00 -1.174918e+00 -1.239886e+00 -9.779362e-01 -1.508277e+00 -8.358986e-02 -5.386128e-01 -1.923005e-01 -1.799656e-03 3.900094e-01 6.779389e-01 6.367385e+00 -1.729290e-02 -6.773057e-02 -3.271252e-02 -1.039589e-01 -2.030496e-02 4.828058e-02 7.288561e-02 6.738527e-02 1.502675e-01 9.281901e-02 2.580914e-02 -1.438249e-02 6.320494e-02 -3.078257e-02 4.525538e-02 6.097599e-02 2.024107e-02 4.740578e-02 3.296581e-02 -2.411386e-02 -3.679533e-02 -4.057812e-02 -4.729105e-02 -2.741053e-02 -1.937053e-02 -3.211572e-02
<VARIANCE> 39
 6.443215e-02 4.836698e-01 5.204977e-01 6.367105e-01 2.817685e-01 3.484378e-01 7.722749e-01 5.001640e-01 4.418430e-01 2.732517e-01 2.035290e-01 1.728087e-01 3.141400e-01 3.603715e-03 1.999125e-02 1.764268e-02 1.678542e-02 1.839192e-02 1.348406e-02 2.679894e-02 2.255514e-02 3.069267e-02 2.550533e-02 1.943166e-02 1.749601e-02 7.644732e-03 1.915841e-03 2.998268e-03 4.136632e-03 2.787655e-03 2.825718e-03 2.980679e-03 6.029939e-03 4.113751e-03 7.211780e-03 3.523241e-03 3.518255e-03 3.007410e-03 1.049224e-03
<GCONST> -7.080004e+01
<STATE> 4
<MEAN> 39
 -4.003706e-01 -1.335333e+00 -1.669319e-01 -8.681285e-01 -1.053777e+00 -3.531917e-01 -4.492413e-01 -6.579739e-01 -1.699863e-01 -3.458046e-01 4.344191e-01 5.988737e-01 5.559062e+00 -3.574240e-01 -1.087967e-01 3.087086e-01 -1.181937e-01 6.144057e-02 1.187160e-01 2.328838e-02 -6.560691e-02 -1.246285e-01 7.093717e-02 2.264890e-02 -9.688103e-02 -2.436554e-02 -7.070503e-02 -2.723242e-02 -3.569095e-04 -2.609638e-02 -1.515072e-03 -3.483165e-02 -9.350929e-04 -9.082974e-04 -8.883234e-03 1.098192e-02 -2.417542e-02 -5.900407e-03 -9.693844e-03
<VARIANCE> 39
 3.906929e-01 4.329128e-01 7.017632e-01 5.893023e-01 3.017425e-01 7.600704e-01 4.373232e-01 2.429649e-01 4.371906e-01 3.872509e-01 1.606126e-01 2.202034e-01 9.329619e-01 4.468484e-02 5.591266e-02 2.964475e-02 3.757445e-02 3.547449e-02 3.768692e-02 3.283688e-02 2.536899e-02 3.631410e-02 4.321165e-02 2.994581e-02 1.655840e-02 5.580213e-03 7.248327e-03 7.106241e-03 1.059938e-02 5.675295e-03 8.981450e-03 5.857332e-03 4.813732e-03 3.515304e-03 7.560995e-03 5.655175e-03 3.773749e-03 4.651914e-03 1.857663e-03
<GCONST> -5.336989e+01
<STATE> 5
<MEAN> 39
 -1.669507e+00 -1.290001e+00 8.763347e-01 -2.352340e+00 7.835982e-01 -1.001875e+00 9.388562e-01 -1.085761e+00 1.668472e-01 -3.376770e-01 -8.811551e-02 -3.011262e-02 6.263950e+00 -4.637829e-02 2.676784e-02 1.959927e-02 3.877796e-02 2.115816e-02 3.201050e-02 7.471379e-03 3.450382e-02 -9.857501e-03 -1.568842e-03 4.320856e-02 -3.947102e-03 -9.150837e-02 3.273578e-02 -2.634826e-02 -3.269137e-02 6.485269e-03 -3.306703e-02 -1.485461e-02 1.677634e-02 5.253758e-03 -3.095690e-03 1.609256e-02 1.297143e-02 9.011236e-03 7.903351e-03
<VARIANCE> 39
 1.046878e+00 2.786435e-01 4.955420e-01 3.199850e-01 5.398449e-01 3.987370e-01 2.766690e-01 3.153026e-01 2.447058e-01 2.029202e-01 1.305055e-01 6.802901e-02 4.958631e-01 1.482243e-01 5.097725e-02 8.470558e-02 3.906715e-02 7.798468e-02 4.177660e-02 4.710960e-02 3.462626e-02 3.222486e-02 2.589039e-02 1.344689e-02 9.403741e-03 3.555484e-02 1.826467e-02 6.669675e-03 9.226824e-03 7.839327e-03 7.976405e-03 6.357828e-03 1.031362e-02 7.758526e-03 6.444787e-03 4.928580e-03 2.799959e-03 1.520541e-03 6.968668e-03
<GCONST> -5.150266e+01
<STATE> 6
<MEAN> 39
 -2.153900e+00 -1.731418e+00 2.876910e-01 -1.639975e+00 -1.033742e+00 -4.372740e-01 -2.500148e-01 -8.704473e-01 -3.243147e-01 9.736136e-02 4.667375e-01 3.545860e-01 5.715369e+00 -8.992756e-02 -3.456832e-02 -3.969108e-02 1.500622e-02 -1.615608e-02 1.517968e-02 7.205423e-03 -1.208318e-02 -1.312070e-02 1.266790e-02 -2.281189e-03 -2.990521e-03 -1.184284e-01 8.901487e-02 6.393414e-02 -7.639811e-02 5.452125e-02 1.153511e-02 -5.835234e-03 -1.059695e-02 1.575913e-02 1.480109e-02 -2.453556e-02 -1.001934e-02 5.024325e-03 -3.740993e-02
<VARIANCE> 39
 3.349803e-01 4.517715e-01 5.588495e-01 3.624233e-01 3.193637e-01 3.347842e-01 4.078976e-01 1.432669e-01 3.265660e-01 2.288739e-01 1.188717e-01 6.966784e-02 4.381669e-01 5.289724e-02 2.606732e-02 3.286764e-02 2.513278e-02 1.503410e-02 1.376538e-02 1.030025e-02 1.106064e-02 1.308395e-02 1.001874e-02 9.232007e-03 6.002090e-03 1.266213e-02 6.319702e-03 6.733031e-03 6.208355e-03 4.643085e-03 3.573745e-03 3.580039e-03 2.906370e-03 2.647831e-03 4.425265e-03 3.655140e-03 2.267892e-03 1.677202e-03 1.938674e-03
<GCONST> -7.277155e+01
<STATE> 7
<MEAN> 39
 -1.509593e+00 -1.091490e+00 -5.338327e-01 -9.798903e-01 -8.361464e-01 -5.913593e-01 -3.856677e-01 -7.133864e-01 -3.849594e-01 -2.674603e-01 2.689394e-01 3.420330e-01 4.490347e+00 1.125140e-01 1.473977e-01 -1.285095e-01 7.374252e-02 2.726548e-02 -5.024303e-02 -9.712547e-03 2.755176e-02 3.261682e-02 -5.469719e-02 -5.812332e-02 -9.743624e-03 -8.852220e-02 7.983592e-03 -1.000645e-02 1.811205e-02 -4.729971e-03 4.467380e-03 -3.887760e-03 -2.615558e-03 -3.733389e-04 -1.032736e-03 -1.399897e-03 2.774808e-03 -8.245150e-04 3.589391e-02
<VARIANCE> 39
 5.380275e-01 5.319318e-01 4.103718e-01 3.646261e-01 4.342507e-01 4.099083e-01 4.271755e-01 2.116393e-01 2.455042e-01 2.566266e-01 1.843973e-01 1.023688e-01 9.430617e-01 3.037548e-02 5.256998e-02 4.605484e-02 3.202340e-02 3.144791e-02 3.296849e-02 2.347067e-02 1.856257e-02 2.623618e-02 2.044798e-02 2.049696e-02 1.261626e-02 4.503785e-02 5.716535e-03 8.628051e-03 6.573753e-03 5.288897e-03 6.124953e-03 6.546362e-03 4.400953e-03 3.805588e-03 5.435433e-03 3.740332e-03 4.579980e-03 2.715175e-03 5.531212e-03
<GCONST> -5.745715e+01
<TRANSP> 8
 0.000000e+00 6.345835e-01 3.654165e-01 0.000000e+00 0.000000e+00 0.000000e+00 0.000000e+00 0.000000e+00
 0.000000e+00 7.764759e-01 1.359734e-01 8.755069e-02 0.000000e+00 0.000000e+00 0.000000e+00 0.000000e+00
 0.000000e+00 0.000000e+00 7.941386e-01 2.058614e-01 0.000000e+00 0.000000e+00 0.000000e+00 0.000000e+00
 0.000000e+00 0.000000e+00 0.000000e+00 7.054158e-01 6.099275e-02 2.335914e-01 0.000000e+00 0.000000e+00
 0.000000e+00 0.000000e+00 0.000000e+00 0.000000e+00 9.193596e-01 8.064042e-02 0.000000e+00 0.000000e+00
 0.000000e+00 0.000000e+00 0.000000e+00 0.000000e+00 0.000000e+00 7.729950e-01 2.270050e-01 0.000000e+00
 0.000000e+00 0.000000e+00 0.000000e+00 0.000000e+00 0.000000e+00 0.000000e+00 7.850049e-01 2.149952e-01
 0.000000e+00 0.000000e+00 0.000000e+00 0.000000e+00 0.000000e+00 0.000000e+00 0.000000e+00 0.000000e+00
<ENDHMM>
