~o
<STREAMINFO> 1 39
<VECSIZE> 39<NULLD><MFCC_D_A_0><DIAGC>
~h "delapan"
<BEGINHMM>
<NUMSTATES> 6
<STATE> 2
<MEAN> 39
 2.148565e+00 3.179914e+00 -4.539905e+00 9.691893e+00 5.039141e+00 -9.186335e-01 -4.096047e+00 2.647627e+00 -6.158029e-01 -6.996082e+00 -2.715352e+00 3.826109e+00 5.465953e+01 6.641232e-01 -3.284636e-01 -2.590287e-01 -2.150061e-01 -3.010112e-01 -2.091527e-01 -3.734069e-01 -1.121186e-01 1.079541e-02 -3.569210e-01 4.691237e-02 4.831946e-01 6.146950e-01 -4.319964e-02 -7.871679e-02 7.196807e-02 -1.583066e-01 -2.897495e-01 3.789265e-02 1.176966e-01 4.590082e-03 1.410061e-01 1.113410e-01 5.693188e-02 6.796727e-02 2.535222e-02
<VARIANCE> 39
 5.403414e+01 5.608950e+01 4.457317e+01 4.830375e+01 7.807595e+01 4.466532e+01 4.443745e+01 5.234969e+01 5.684007e+01 4.860601e+01 7.237130e+01 3.277728e+01 1.128566e+02 2.997845e+00 6.691370e+00 4.934220e+00 4.543512e+00 8.028337e+00 5.533998e+00 4.545584e+00 4.861179e+00 5.114627e+00 4.973018e+00 4.645014e+00 3.468103e+00 2.633149e+00 3.907586e-01 1.293741e+00 8.407500e-01 6.867038e-01 1.114777e+00 1.026534e+00 8.388267e-01 8.808843e-01 9.629293e-01 1.015490e+00 8.361017e-01 5.667738e-01 3.266319e-01
<GCONST> 1.403933e+02
<STATE> 3
<MEAN> 39
 2.177215e+00 2.600468e+00 1.533675e-01 4.197065e+00 -7.114039e+00 1.730263e+00 -1.184263e+00 1.011107e+00 5.099223e+00 -7.414060e+00 -4.037279e+00 8.280331e+00 5.528571e+01 -3.539843e-02 1.068976e-01 3.761696e-02 1.240343e-01 1.349105e-01 -7.606687e-02 1.546577e-01 2.164489e-01 -7.941416e-02 1.594538e-01 1.755281e-01 -1.443361e-01 -6.976500e-02 -2.210067e-02 1.430985e-01 -1.119170e-01 1.672133e-01 3.188696e-01 -1.260048e-01 -3.304508e-02 1.085128e-01 -4.553927e-02 -1.617557e-03 -9.870297e-02 -1.593392e-01 -1.051155e-01
<VARIANCE> 39
 5.145487e+01 5.946488e+01 3.341279e+01 2.817726e+01 6.521457e+01 3.808627e+01 2.886997e+01 6.137952e+01 5.070771e+01 3.345863e+01 3.741499e+01 3.994617e+01 1.066721e+02 3.547072e+00 4.752825e+00 3.660355e+00 3.930901e+00 1.040044e+01 3.390471e+00 2.773590e+00 3.490659e+00 4.446393e+00 2.470187e+00 3.933245e+00 4.211360e+00 3.493881e+00 4.707535e-01 7.589253e-01 6.827878e-01 7.384742e-01 1.870358e+00 6.899598e-01 5.802580e-01 6.953458e-01 8.104594e-01 4.638544e-01 8.389379e-01 7.433845e-01 3.829670e-01
<GCONST> 1.342660e+02
<STATE> 4
<MEAN> 39
 1.089474e+00 -3.076884e+00 -1.372596e+01 -2.281625e+00 3.222228e-01 -6.210351e+00 -2.332429e+00 7.440618e+00 1.999975e+00 3.469923e-01 3.979990e+00 9.724221e+00 7.269534e+01 -1.471099e-01 1.559305e-01 1.067413e-01 2.844519e-02 4.748321e-02 1.852814e-01 2.171066e-01 1.880181e-01 1.660661e-01 -1.440708e-02 -2.104194e-01 -1.195279e-01 -1.703580e-01 -2.118769e-02 2.745872e-02 3.235267e-02 5.049608e-02 4.270013e-02 3.398520e-02 -1.784104e-02 -4.341771e-02 -5.388607e-02 -3.465148e-02 -2.141227e-02 -4.239129e-02 -3.042242e-02
<VARIANCE> 39
 1.498832e+01 2.360239e+01 1.326530e+01 2.419257e+01 3.472876e+01 3.673952e+01 1.432029e+01 1.577305e+01 2.241138e+01 1.508663e+01 2.129582e+01 1.358473e+01 2.538719e+01 8.865195e-01 1.281500e+00 8.905375e-01 1.476392e+00 1.342008e+00 1.520908e+00 1.171164e+00 1.306527e+00 1.785098e+00 1.329065e+00 1.704321e+00 1.027146e+00 1.274345e+00 1.227714e-01 1.802658e-01 1.520788e-01 2.192451e-01 1.688266e-01 2.591335e-01 1.799153e-01 1.954705e-01 2.791017e-01 2.398001e-01 3.125092e-01 1.807401e-01 1.497770e-01
<GCONST> 9.265479e+01
<STATE> 5
<MEAN> 39
 1.424982e-01 9.956838e+00 -1.061180e+00 1.166398e+01 8.363377e+00 -4.110501e-01 -2.698868e+00 4.874636e+00 3.292721e+00 -5.043530e+00 -5.959464e+00 -1.042848e+00 5.453283e+01 -3.085034e-01 1.570923e-01 -2.048745e-01 -2.781680e-01 2.577343e-03 -2.607150e-01 -2.703516e-01 -2.391697e-01 -1.618565e-01 8.731060e-02 4.833569e-04 -2.762929e-01 -3.107158e-01 1.151512e-01 -2.700987e-01 -7.413246e-02 -2.506145e-01 -3.359035e-01 2.296519e-02 -7.551036e-02 -1.241512e-01 -2.282200e-02 -7.012630e-02 1.606433e-01 2.972232e-01 1.928539e-01
<VARIANCE> 39
 3.573389e+01 3.020410e+01 3.241518e+01 3.706670e+01 3.941459e+01 2.773459e+01 2.250614e+01 9.870477e+01 3.892427e+01 3.274720e+01 3.215546e+01 2.421301e+01 1.121305e+02 1.663769e+00 3.203329e+00 3.287161e+00 3.064115e+00 5.326319e+00 2.726369e+00 2.635939e+00 4.348157e+00 3.915837e+00 2.943333e+00 2.759455e+00 3.072593e+00 1.458305e+00 2.629969e-01 3.625210e-01 6.326627e-01 4.022911e-01 6.915871e-01 6.063691e-01 5.134531e-01 8.021201e-01 7.065426e-01 6.104968e-01 3.885432e-01 4.331686e-01 1.844136e-01
<GCONST> 1.232518e+02
<TRANSP> 6
 0.000000e+00 8.440063e-01 1.559937e-01 0.000000e+00 0.000000e+00 0.000000e+00
 0.000000e+00 9.313188e-01 3.816558e-02 3.051571e-02 0.000000e+00 0.000000e+00
 0.000000e+00 0.000000e+00 9.579641e-01 0.000000e+00 4.203599e-02 0.000000e+00
 0.000000e+00 0.000000e+00 0.000000e+00 9.787508e-01 1.417642e-02 7.072759e-03
 0.000000e+00 0.000000e+00 0.000000e+00 0.000000e+00 8.975083e-01 1.024917e-01
 0.000000e+00 0.000000e+00 0.000000e+00 0.000000e+00 0.000000e+00 0.000000e+00
<ENDHMM>
