~o
<STREAMINFO> 1 39
<VECSIZE> 39<NULLD><PLP_D_A_0><DIAGC>
~h "dua"
<BEGINHMM>
<NUMSTATES> 8
<STATE> 2
<MEAN> 39
 -5.599799e-01 -2.699978e-01 -4.157485e-01 -2.033015e-01 3.614179e-02 -7.217161e-01 -8.026600e-01 -5.460904e-01 -2.879005e-01 -8.306271e-01 -3.487305e-01 -1.534222e-01 4.733713e+00 1.681294e-01 4.616891e-02 5.018763e-02 -8.622397e-02 -9.499475e-02 -2.450536e-02 -8.936482e-02 1.546363e-02 2.276258e-02 -1.232891e-01 -8.271565e-02 -3.445088e-02 1.484065e-01 -1.131920e-02 -2.600765e-02 1.068425e-02 -3.650566e-02 -8.671739e-02 -2.682356e-02 1.438755e-02 2.489992e-02 2.661117e-02 1.021044e-02 1.068840e-02 1.695228e-02 3.291714e-03
<VARIANCE> 39
 3.844415e-01 5.428276e-01 4.128686e-01 4.918228e-01 5.251026e-01 5.059749e-01 4.539165e-01 4.323613e-01 4.591065e-01 3.274628e-01 2.998757e-01 2.576247e-01 8.885568e-01 3.569007e-02 6.174264e-02 3.771104e-02 5.124775e-02 7.615127e-02 5.221862e-02 4.456635e-02 3.137497e-02 5.107051e-02 3.708958e-02 3.520591e-02 3.849173e-02 3.351570e-02 6.324770e-03 1.061161e-02 8.857029e-03 8.277809e-03 8.698688e-03 9.468788e-03 7.816259e-03 6.721089e-03 8.680328e-03 8.714750e-03 6.470783e-03 6.389057e-03 6.600298e-03
<GCONST> -4.273828e+01
<STATE> 3
<MEAN> 39
 -1.460539e-01 4.757479e-02 -1.043695e-01 -8.623326e-01 -1.199323e+00 -1.584830e+00 -7.015246e-01 -3.136057e-01 -2.501408e-01 -8.201597e-01 -5.044675e-01 -2.656566e-01 5.640298e+00 5.847975e-02 -8.859179e-02 -5.440541e-02 -7.864588e-02 -1.931042e-01 -1.319045e-01 2.437780e-02 7.012976e-02 3.490808e-02 2.740907e-02 5.751643e-02 7.142175e-02 7.751828e-02 -2.183681e-02 -2.406788e-02 -3.314578e-02 2.795652e-02 5.724453e-02 3.560777e-02 2.164397e-02 -1.453484e-02 -1.089235e-02 1.378511e-02 2.767746e-02 1.689697e-02 -1.771097e-02
<VARIANCE> 39
 7.751618e-02 7.026592e-01 4.516161e-01 5.626340e-01 4.087883e-01 4.877870e-01 6.476356e-01 3.243024e-01 3.574157e-01 2.634116e-01 1.706414e-01 2.040897e-01 2.386712e-01 3.884996e-03 3.141896e-02 2.927834e-02 1.854994e-02 2.738483e-02 3.693946e-02 2.622513e-02 1.719497e-02 2.339495e-02 2.903694e-02 1.744825e-02 2.095853e-02 1.194282e-02 1.527598e-03 5.447586e-03 3.367506e-03 4.723318e-03 5.508293e-03 4.583039e-03 4.824102e-03 3.212036e-03 5.003938e-03 6.998091e-03 3.387467e-03 4.565215e-03 3.633601e-03
<GCONST> -6.505571e+01
<STATE> 4
<MEAN> 39
 3.035595e-01 -6.055394e-01 2.281364e-01 -6.403566e-01 -1.756433e+00 -1.795139e-01 -1.303914e+00 1.074496e-01 9.852263e-01 -1.735578e+00 -1.076751e+00 5.361247e-01 4.198385e+00 -2.183689e-02 1.774029e-02 -2.035343e-02 2.511091e-02 -6.468885e-02 -9.719221e-02 1.467527e-01 1.014618e-01 -3.596479e-02 4.336303e-02 2.084412e-02 5.708130e-03 -3.539885e-02 -3.446227e-02 3.939740e-02 -6.250343e-02 4.469557e-02 1.081210e-01 -3.986680e-02 2.733452e-02 7.150004e-03 -6.370272e-02 5.353491e-02 2.186567e-02 -3.854403e-02 -5.426313e-02
<VARIANCE> 39
 3.371722e-02 2.541597e-01 2.230978e-01 1.766676e-01 2.705253e-01 1.779489e-01 3.346516e-01 2.538566e-01 2.421473e-01 2.023532e-01 1.899135e-01 2.489602e-01 7.966598e-02 8.183551e-03 3.937725e-02 5.723989e-02 3.974320e-02 1.042523e-01 3.969080e-02 3.346910e-02 4.505083e-02 4.421240e-02 3.303038e-02 2.783094e-02 3.679599e-02 2.462456e-02 2.093390e-03 8.142801e-03 4.850777e-03 5.961131e-03 9.925717e-03 8.244650e-03 6.136456e-03 1.008532e-02 6.149338e-03 5.328556e-03 5.238641e-03 7.469384e-03 2.973616e-03
<GCONST> -6.046492e+01
<STATE> 5
<MEAN> 39
 2.564079e-02 -1.147608e+00 -6.462892e-01 -1.378273e+00 -1.252957e+00 -1.922671e+00 6.956775e-02 -1.973993e-01 -2.583737e-01 -5.001976e-01 6.659282e-02 3.340434e-01 6.156729e+00 -3.145458e-02 -1.470639e-02 -6.842496e-02 3.957511e-03 2.813296e-02 7.586776e-02 7.287304e-02 -6.553286e-03 1.597666e-02 3.601803e-02 2.078604e-02 4.009050e-02 -4.128282e-02 -2.666271e-02 4.549077e-02 2.605954e-02 1.871436e-02 3.276002e-02 2.986275e-02 -1.717355e-02 -1.834487e-02 -3.281256e-03 -1.041565e-02 -2.042004e-02 -2.581984e-02 -4.784116e-02
<VARIANCE> 39
 5.281209e-02 7.138192e-01 1.217092e+00 7.474614e-01 3.321105e-01 7.626321e-01 1.156898e+00 5.656258e-01 4.583039e-01 3.013114e-01 2.746413e-01 2.025531e-01 3.153134e-01 5.482918e-03 3.070646e-02 1.905614e-02 1.333625e-02 1.707448e-02 2.169275e-02 1.813781e-02 1.314255e-02 1.894599e-02 1.582233e-02 1.768545e-02 1.455871e-02 2.219825e-02 1.047080e-03 4.269621e-03 3.519303e-03 2.940486e-03 5.190092e-03 4.690470e-03 3.662314e-03 2.983183e-03 3.879187e-03 3.693334e-03 3.064553e-03 2.779268e-03 2.840463e-03
<GCONST> -6.744527e+01
<STATE> 6
<MEAN> 39
 -2.292513e-01 -5.958569e-01 -3.668424e-01 -1.163462e+00 -6.977134e-01 -1.336004e+00 1.922569e-01 -4.600687e-01 -3.174438e-01 -7.477669e-01 -2.341063e-01 1.460702e-01 5.102614e+00 -1.060901e-01 7.556873e-02 -5.416009e-03 4.024428e-02 1.616803e-01 3.774846e-02 -3.827272e-02 -5.462126e-02 -7.754526e-02 5.816801e-02 2.433798e-02 -4.923545e-02 -1.362410e-01 5.342775e-03 -5.088900e-02 7.482951e-03 -2.572528e-02 -2.806104e-02 -3.427065e-03 -1.277795e-02 -1.656284e-02 6.277375e-04 3.034132e-03 5.300235e-03 1.711358e-02 4.898549e-02
<VARIANCE> 39
 1.891036e-01 6.577504e-01 6.149437e-01 6.921850e-01 6.064807e-01 7.747504e-01 7.927259e-01 7.578510e-01 4.062644e-01 2.314696e-01 3.530149e-01 2.739444e-01 1.067077e+00 2.787265e-02 4.725954e-02 4.053072e-02 3.935722e-02 6.573352e-02 7.097537e-02 3.424296e-02 3.999601e-02 4.452046e-02 2.822040e-02 3.355874e-02 3.470076e-02 6.521574e-02 4.483251e-03 8.065828e-03 8.256268e-03 6.078787e-03 1.466343e-02 1.437455e-02 6.100114e-03 8.114254e-03 7.360116e-03 4.956949e-03 6.706994e-03 6.105643e-03 9.646147e-03
<GCONST> -4.182870e+01
<STATE> 7
<MEAN> 39
 -5.790692e-01 -2.158052e-01 -7.473406e-01 -7.821088e-01 -8.687096e-01 -1.141345e+00 -5.850140e-01 -4.175557e-01 -3.793433e-01 -7.580228e-01 -3.075047e-01 1.077180e-01 4.962338e+00 -1.818890e-02 -3.777001e-02 1.874921e-04 1.803359e-02 5.107355e-02 2.833972e-02 -2.978314e-02 -4.598246e-02 -2.637075e-02 -1.075151e-02 -4.349191e-04 5.414075e-03 6.232822e-03 2.238107e-02 -9.787112e-03 6.020773e-03 -6.979886e-03 -2.210379e-02 -1.476870e-02 -3.260308e-03 9.688493e-03 2.173525e-02 -1.745716e-03 2.369342e-03 6.145038e-03 2.650202e-02
<VARIANCE> 39
 4.924124e-01 4.739236e-01 4.427933e-01 4.788191e-01 4.049092e-01 5.274183e-01 4.039052e-01 3.271798e-01 2.548822e-01 3.953561e-01 3.113963e-01 1.923509e-01 8.346705e-01 3.351210e-02 2.868955e-02 3.299338e-02 2.221468e-02 4.148182e-02 4.949238e-02 2.603537e-02 2.253697e-02 2.874484e-02 2.991239e-02 2.463097e-02 1.954249e-02 2.890129e-02 5.880551e-03 5.598359e-03 6.636854e-03 4.725878e-03 7.790305e-03 1.143606e-02 6.006869e-03 4.125198e-03 6.319785e-03 6.375100e-03 4.739615e-03 4.745773e-03 5.209874e-03
<GCONST> -5.292537e+01
<TRANSP> 8
 0.000000e+00 6.099744e-01 3.900256e-01 0.000000e+00 0.000000e+00 0.000000e+00 0.000000e+00 0.000000e+00
 0.000000e+00 7.358766e-01 1.754527e-01 8.867063e-02 0.000000e+00 0.000000e+00 0.000000e+00 0.000000e+00
 0.000000e+00 0.000000e+00 7.237235e-01 3.497066e-03 2.727794e-01 0.000000e+00 0.000000e+00 0.000000e+00
 0.000000e+00 0.000000e+00 0.000000e+00 8.350303e-01 0.000000e+00 1.649697e-01 0.000000e+00 0.000000e+00
 0.000000e+00 0.000000e+00 0.000000e+00 0.000000e+00 8.042590e-01 1.957410e-01 0.000000e+00 0.000000e+00
 0.000000e+00 0.000000e+00 0.000000e+00 0.000000e+00 0.000000e+00 6.150825e-01 3.849175e-01 0.000000e+00
 0.000000e+00 0.000000e+00 0.000000e+00 0.000000e+00 0.000000e+00 0.000000e+00 7.363767e-01 2.636234e-01
 0.000000e+00 0.000000e+00 0.000000e+00 0.000000e+00 0.000000e+00 0.000000e+00 0.000000e+00 0.000000e+00
<ENDHMM>
