~o
<STREAMINFO> 1 39
<VECSIZE> 39<NULLD><PLP_D_A_0><DIAGC>
~h "empat"
<BEGINHMM>
<NUMSTATES> 8
<STATE> 2
<MEAN> 39
 -4.846267e-01 -2.427228e-01 -3.158791e-01 -2.854755e-01 -4.048454e-02 -1.129122e+00 -9.397410e-02 -2.588561e-01 -2.810893e-01 -8.696831e-01 -8.972203e-01 -4.410696e-01 4.997017e+00 -5.474059e-03 8.945434e-02 4.864364e-02 3.269406e-02 5.200556e-02 3.192908e-02 -1.436231e-02 -4.405288e-03 1.047600e-02 -1.265932e-02 -5.988684e-02 -6.393521e-02 -5.520943e-02 -5.478920e-02 -3.028197e-02 -1.449804e-02 -2.182575e-02 -2.545621e-02 1.968273e-02 6.508866e-03 -5.803823e-03 2.512749e-03 2.450711e-02 5.582957e-02 3.593861e-02 -3.699422e-02
<VARIANCE> 39
 2.416551e-01 5.589469e-01 2.957836e-01 8.753648e-01 3.342675e-01 7.818806e-01 9.141565e-01 5.218982e-01 3.620950e-01 2.194654e-01 3.545430e-01 3.572338e-01 1.039367e+00 3.535448e-02 1.790835e-02 1.573990e-02 2.125326e-02 2.484872e-02 2.716066e-02 2.661620e-02 2.138485e-02 2.918755e-02 1.735783e-02 4.146880e-02 2.618149e-02 3.161160e-02 4.257485e-03 5.427769e-03 3.459547e-03 5.164006e-03 6.051403e-03 4.722031e-03 4.278712e-03 4.212131e-03 5.548459e-03 3.192821e-03 6.900916e-03 6.038047e-03 4.518070e-03
<GCONST> -5.574668e+01
<STATE> 3
<MEAN> 39
 -1.147336e+00 -2.519037e-01 -4.434683e-01 -3.664374e-01 -2.321701e-01 -7.001578e-01 -1.780743e-01 -4.052080e-01 -2.348147e-01 -5.371748e-01 -3.776777e-01 -2.011641e-01 4.395414e+00 6.116592e-02 -2.229545e-01 -1.707571e-01 -1.939746e-01 -2.381566e-01 -5.684415e-02 3.917696e-02 -3.821603e-04 3.570678e-02 6.676514e-02 2.273774e-01 1.721236e-01 1.675858e-01 1.165207e-01 -4.908331e-02 -4.051806e-02 -4.449304e-02 -6.514261e-02 -3.943549e-02 -1.452000e-03 1.905977e-02 3.506666e-02 -1.207878e-02 -8.817942e-03 1.639373e-02 1.330455e-01
<VARIANCE> 39
 1.353566e-01 3.568132e-01 3.165260e-01 3.377669e-01 3.146522e-01 2.341192e-01 3.191713e-01 2.341411e-01 1.509976e-01 1.685752e-01 2.916562e-01 1.037561e-01 6.986898e-01 6.604300e-02 2.938144e-02 1.920538e-02 3.102894e-02 3.431864e-02 4.038291e-02 2.057045e-02 2.213118e-02 4.002672e-02 1.971271e-02 2.802958e-02 1.470539e-02 7.544359e-02 4.576961e-03 7.181808e-03 4.266466e-03 5.196795e-03 5.326198e-03 6.209440e-03 5.131159e-03 3.679319e-03 7.385452e-03 2.973216e-03 7.571097e-03 2.694872e-03 6.244391e-03
<GCONST> -6.062383e+01
<STATE> 4
<MEAN> 39
 8.837772e-03 -1.132723e+00 -8.804396e-01 -1.141626e+00 -1.478698e+00 -8.896915e-01 -1.513627e-01 -3.591789e-01 1.366971e-01 -5.648745e-01 9.090292e-02 4.825739e-01 5.601427e+00 1.375739e-01 -1.043342e-01 -6.344013e-02 -5.542091e-02 -1.047700e-01 2.001156e-02 1.618340e-02 -4.810157e-03 4.310405e-02 -1.480368e-03 3.882612e-02 9.459626e-02 1.772397e-01 -9.505955e-02 7.622992e-02 2.694404e-02 7.059082e-02 1.111793e-01 2.050884e-02 -6.848832e-03 -1.005614e-02 -3.795450e-02 -4.090666e-03 -3.751360e-02 -4.754445e-02 -1.270948e-01
<VARIANCE> 39
 1.214729e-01 4.712174e-01 4.395405e-01 4.194635e-01 4.416014e-01 8.154993e-01 6.472148e-01 4.015515e-01 3.481883e-01 2.953297e-01 1.773460e-01 1.987842e-01 8.669974e-01 6.471160e-02 5.654943e-02 4.597947e-02 4.546370e-02 9.077857e-02 3.850324e-02 2.627290e-02 2.656614e-02 4.953241e-02 2.238177e-02 2.245261e-02 2.610332e-02 1.097921e-01 6.406455e-03 6.405069e-03 1.004409e-02 6.637494e-03 1.011479e-02 1.076492e-02 4.652055e-03 6.060884e-03 8.432873e-03 5.073589e-03 5.051209e-03 4.270546e-03 7.947818e-03
<GCONST> -4.712265e+01
<STATE> 5
<MEAN> 39
 1.052534e-02 -1.709636e+00 -1.463315e+00 -1.704295e+00 -1.134983e+00 -1.006235e+00 4.440830e-01 -5.665662e-01 5.482575e-01 -3.063360e-01 8.968447e-02 4.249043e-01 6.662792e+00 -3.361386e-02 8.575216e-02 6.180413e-02 -2.305138e-02 8.434436e-02 4.288194e-02 -8.139322e-02 -1.073352e-01 -4.566941e-02 3.718021e-02 6.377922e-03 4.829014e-02 -1.108384e-01 -4.614630e-02 6.175400e-02 2.737519e-02 1.212857e-02 2.341965e-02 -1.524616e-02 -2.810198e-02 2.770720e-02 -3.944678e-02 -1.012922e-02 -3.360383e-03 -1.739035e-02 -1.002711e-01
<VARIANCE> 39
 2.548107e-02 5.622012e-01 3.402210e-01 3.949833e-01 4.654419e-01 2.539723e-01 9.907613e-01 7.345231e-01 3.633701e-01 2.412068e-01 2.134672e-01 2.259919e-01 1.716422e-01 3.087619e-03 1.837458e-02 2.193410e-02 1.685707e-02 1.451650e-02 1.743563e-02 1.615980e-02 1.881313e-02 2.347170e-02 1.881239e-02 1.829724e-02 1.675900e-02 2.927615e-02 1.230713e-03 3.053060e-03 6.196333e-03 4.364589e-03 3.989213e-03 3.496963e-03 3.245498e-03 6.031213e-03 3.965691e-03 4.987501e-03 3.706447e-03 2.600299e-03 2.361007e-03
<GCONST> -7.112347e+01
<STATE> 6
<MEAN> 39
 -7.131149e-01 -7.546932e-01 -1.270710e+00 -1.223200e+00 -1.028621e+00 -9.230178e-01 -3.366218e-01 -4.131455e-01 -1.340015e-01 -3.093883e-01 1.537234e-01 5.234827e-01 5.091709e+00 -1.670609e-01 9.197066e-02 1.992578e-02 5.967582e-02 9.844275e-02 2.194601e-02 -6.091540e-03 4.608505e-02 -4.138367e-02 -5.235889e-03 -2.401882e-02 -7.566306e-02 -2.216957e-01 1.051788e-02 -3.449271e-03 1.125012e-02 1.265507e-02 6.440440e-03 2.935371e-04 9.910029e-03 1.086119e-03 1.179209e-02 -2.380681e-03 -1.289793e-02 -1.842377e-02 2.784117e-02
<VARIANCE> 39
 3.046690e-01 2.265112e-01 5.662894e-01 4.078991e-01 2.263129e-01 2.516513e-01 3.017447e-01 2.336804e-01 1.347523e-01 1.433553e-01 1.007203e-01 2.055295e-01 3.310839e-01 1.517179e-02 2.123401e-02 2.736194e-02 2.192818e-02 2.061479e-02 2.309640e-02 1.148607e-02 1.841463e-02 1.594291e-02 1.158256e-02 1.056055e-02 1.369870e-02 2.927402e-02 4.057609e-03 2.677197e-03 4.567272e-03 3.753484e-03 2.697964e-03 2.481184e-03 2.269118e-03 2.860962e-03 3.033316e-03 2.446037e-03 1.922955e-03 1.851064e-03 4.594894e-03
<GCONST> -7.545152e+01
<STATE> 7
<MEAN> 39
 -5.824517e-01 -5.188749e-01 -6.156296e-01 -7.679645e-01 -4.153815e-01 -1.042120e+00 -2.634078e-01 -5.797044e-01 -4.477715e-01 -8.129175e-01 -1.501429e-01 1.962609e-01 4.722487e+00 1.326411e-02 -1.351294e-03 1.650313e-02 4.443650e-03 2.280896e-02 -4.362058e-02 -1.270919e-02 -2.580250e-02 -5.012767e-02 -2.380753e-02 -1.464023e-02 -4.413347e-03 5.838663e-02 2.687859e-02 -4.700508e-02 -6.055657e-03 -2.991401e-02 -3.851269e-02 -3.076730e-03 9.680946e-04 -1.833205e-02 1.257669e-02 1.301281e-02 1.317484e-02 2.681079e-02 5.837034e-02
<VARIANCE> 39
 4.083182e-01 6.425220e-01 3.570105e-01 5.470890e-01 4.068480e-01 4.364445e-01 6.081230e-01 3.628235e-01 3.473378e-01 3.545718e-01 2.766625e-01 2.276904e-01 1.438177e+00 5.080098e-02 5.505442e-02 5.132973e-02 4.338474e-02 4.099837e-02 3.788412e-02 1.988431e-02 2.487628e-02 4.729318e-02 4.545455e-02 3.059554e-02 3.648930e-02 5.879174e-02 8.686570e-03 8.558906e-03 8.223577e-03 7.571447e-03 8.122304e-03 9.845575e-03 4.712172e-03 6.545223e-03 8.940038e-03 8.820696e-03 6.185994e-03 6.570821e-03 1.007713e-02
<GCONST> -4.403592e+01
<TRANSP> 8
 0.000000e+00 8.395652e-01 1.604348e-01 0.000000e+00 0.000000e+00 0.000000e+00 0.000000e+00 0.000000e+00
 0.000000e+00 7.758639e-01 1.640668e-01 6.006917e-02 0.000000e+00 0.000000e+00 0.000000e+00 0.000000e+00
 0.000000e+00 0.000000e+00 7.035506e-01 2.964494e-01 0.000000e+00 0.000000e+00 0.000000e+00 0.000000e+00
 0.000000e+00 0.000000e+00 0.000000e+00 6.650506e-01 1.347085e-01 2.002409e-01 0.000000e+00 0.000000e+00
 0.000000e+00 0.000000e+00 0.000000e+00 0.000000e+00 7.703225e-01 2.296774e-01 0.000000e+00 0.000000e+00
 0.000000e+00 0.000000e+00 0.000000e+00 0.000000e+00 0.000000e+00 7.338729e-01 2.661271e-01 0.000000e+00
 0.000000e+00 0.000000e+00 0.000000e+00 0.000000e+00 0.000000e+00 0.000000e+00 7.457598e-01 2.542402e-01
 0.000000e+00 0.000000e+00 0.000000e+00 0.000000e+00 0.000000e+00 0.000000e+00 0.000000e+00 0.000000e+00
<ENDHMM>
