~o
<STREAMINFO> 1 39
<VECSIZE> 39<NULLD><MFCC_D_A_0><DIAGC>
~h "kali"
<BEGINHMM>
<NUMSTATES> 6
<STATE> 2
<MEAN> 39
 1.235825e+00 -4.622002e+00 2.498128e+00 6.148678e+00 -2.140417e+00 3.349806e+00 -7.175081e+00 -3.351348e+00 -8.885909e-01 -8.635934e+00 1.575639e+00 4.932662e+00 5.739440e+01 4.345191e-01 1.041679e-01 -1.488271e-01 6.191533e-01 4.303877e-01 -4.774727e-01 -4.357572e-01 2.822302e-02 1.017500e-01 4.051319e-01 2.149458e-01 -2.729577e-03 1.630043e-01 8.297489e-03 1.216291e-01 -1.032615e-01 -2.144178e-02 -1.818557e-02 -5.680570e-02 9.465306e-02 1.895566e-01 7.287427e-02 -1.218641e-02 -1.534232e-02 5.675070e-02 -7.684728e-02
<VARIANCE> 39
 5.891789e+01 4.602017e+01 5.283423e+01 1.285861e+02 5.879428e+01 4.855640e+01 5.979827e+01 3.720684e+01 5.559289e+01 8.012556e+01 2.475489e+01 2.819910e+01 4.996407e+01 3.735753e+00 5.956476e+00 4.576658e+00 6.568740e+00 5.558212e+00 6.932744e+00 6.087641e+00 4.906479e+00 7.644325e+00 3.559158e+00 2.765615e+00 3.445056e+00 2.750877e+00 4.503656e-01 1.071471e+00 7.950097e-01 1.140784e+00 1.045952e+00 1.314454e+00 1.217922e+00 9.238853e-01 1.535405e+00 6.928328e-01 5.705111e-01 7.155871e-01 4.260049e-01
<GCONST> 1.409780e+02
<STATE> 3
<MEAN> 39
 4.068532e+00 -5.236501e+00 -1.420605e+01 -6.135533e+00 -1.732118e+00 -4.298776e+00 -5.720309e+00 3.156543e+00 2.858526e+00 1.599136e+00 6.732343e+00 1.167550e+01 7.624895e+01 4.629890e-01 3.030266e-01 -4.413975e-01 4.756605e-01 -7.685570e-02 -3.731859e-01 -1.951471e-01 -3.707002e-02 -8.331867e-01 -8.598859e-01 2.134430e-01 4.633055e-01 -1.004154e-01 -3.765409e-01 6.278273e-02 3.028314e-01 2.171286e-01 3.094420e-01 1.600584e-01 1.274352e-02 -2.950186e-01 -3.536512e-01 -1.496591e-02 -6.393760e-02 -3.488864e-01 -2.106020e-01
<VARIANCE> 39
 1.669110e+00 8.095345e+00 7.458889e+00 1.817713e+01 4.984996e+00 2.147743e+01 1.376050e+01 1.855390e+01 2.318030e+01 1.537184e+01 1.165878e+01 9.726009e+00 1.715188e+00 7.205992e-01 9.055351e-01 1.652040e+00 2.116257e+00 1.317836e+00 1.824307e+00 2.255574e+00 2.979084e+00 3.162379e+00 1.188644e+00 1.102722e+00 2.012562e+00 4.753960e-01 1.843177e-01 1.455924e-01 1.851618e-01 3.095920e-01 9.257242e-02 4.014225e-01 4.641135e-01 4.279660e-01 3.048389e-01 2.479296e-01 2.189646e-01 1.744280e-01 4.923447e-02
<GCONST> 8.529246e+01
<STATE> 4
<MEAN> 39
 -5.770355e-01 -4.392481e+00 -7.227606e+00 9.632339e+00 9.728871e+00 -5.516098e+00 -1.015283e+01 1.112655e+00 -6.593700e+00 -1.928966e+00 6.450407e+00 4.193466e+00 7.063846e+01 -5.409233e-01 1.217151e-01 4.331217e-01 7.484766e-01 7.515851e-01 1.362684e-01 6.050297e-02 1.778833e-01 7.151892e-02 5.842254e-02 -3.223512e-01 -5.439383e-01 -4.067506e-01 -2.334354e-02 -1.760412e-02 9.129966e-02 -1.620503e-01 -1.223246e-01 1.248675e-01 4.805781e-02 -1.965777e-02 1.938276e-01 1.867208e-02 -7.351043e-02 2.252828e-02 4.835024e-02
<VARIANCE> 39
 1.309305e+01 1.781728e+01 2.103236e+01 3.593985e+01 2.888275e+01 1.214829e+01 2.288491e+01 1.140149e+01 1.607919e+01 1.061169e+01 1.500114e+01 1.211438e+01 3.730387e+01 2.984798e-01 2.038180e+00 1.510924e+00 1.864384e+00 2.525734e+00 1.471746e+00 3.086317e+00 1.573800e+00 1.742542e+00 1.011260e+00 1.224388e+00 1.168503e+00 5.025230e-01 6.237918e-02 2.927552e-01 2.092425e-01 2.584506e-01 3.538730e-01 2.942797e-01 5.744811e-01 2.932583e-01 2.653308e-01 2.212381e-01 2.624726e-01 1.978053e-01 7.995754e-02
<GCONST> 9.352892e+01
<STATE> 5
<MEAN> 39
 9.453285e-01 6.503934e+00 2.092264e-02 1.046775e+01 6.084106e+00 -1.373845e+00 -5.942855e+00 3.424515e+00 3.471611e+00 -4.908534e+00 -3.722895e+00 7.486264e-01 5.184069e+01 -5.032213e-02 -6.892452e-02 4.090515e-01 -9.905123e-01 -6.159157e-01 4.304399e-01 1.301362e-01 -1.458845e-01 5.527512e-01 -4.053816e-01 -4.914360e-01 5.577282e-02 3.778570e-01 5.644026e-02 -2.588851e-01 3.740366e-02 2.281104e-02 -9.353321e-02 -1.797611e-02 -1.163795e-01 -6.307491e-02 -6.404062e-02 -5.294673e-02 1.189475e-01 9.635831e-02 1.652747e-01
<VARIANCE> 39
 6.019200e+01 6.962262e+01 3.997751e+01 5.450815e+01 6.527478e+01 3.547195e+01 2.621362e+01 4.357034e+01 4.673744e+01 5.466077e+01 4.894028e+01 5.236459e+01 9.885652e+01 3.301476e+00 5.112347e+00 4.503427e+00 3.284417e+00 4.152466e+00 2.847948e+00 3.448929e+00 2.691910e+00 4.516929e+00 3.550593e+00 4.323604e+00 4.181886e+00 2.320535e+00 4.078081e-01 7.189026e-01 7.511142e-01 5.418419e-01 5.966549e-01 6.818696e-01 7.094266e-01 4.875164e-01 7.617441e-01 7.100998e-01 7.259362e-01 5.933588e-01 3.549632e-01
<GCONST> 1.329315e+02
<TRANSP> 6
 0.000000e+00 1.000000e+00 0.000000e+00 0.000000e+00 0.000000e+00 0.000000e+00
 0.000000e+00 9.191310e-01 4.043554e-02 4.043345e-02 0.000000e+00 0.000000e+00
 0.000000e+00 0.000000e+00 8.890446e-01 1.109554e-01 0.000000e+00 0.000000e+00
 0.000000e+00 0.000000e+00 0.000000e+00 8.802237e-01 9.559557e-02 2.418076e-02
 0.000000e+00 0.000000e+00 0.000000e+00 0.000000e+00 8.743908e-01 1.256093e-01
 0.000000e+00 0.000000e+00 0.000000e+00 0.000000e+00 0.000000e+00 0.000000e+00
<ENDHMM>
