~o
<STREAMINFO> 1 39
<VECSIZE> 39<NULLD><PLP_D_A_0><DIAGC>
~h "kurang"
<BEGINHMM>
<NUMSTATES> 8
<STATE> 2
<MEAN> 39
 -3.638762e-01 -7.251734e-01 4.510362e-01 -1.359358e+00 -1.618869e+00 -2.024898e+00 -2.781132e-01 -1.790769e-01 -3.076762e-01 -4.138721e-01 -1.537268e-01 1.649392e-01 5.466592e+00 1.421490e-01 -3.051397e-02 -5.532508e-02 5.641919e-02 1.637519e-02 -6.115233e-02 -6.373664e-02 -8.443030e-03 -7.584956e-02 -7.638399e-02 -7.331884e-02 3.461689e-03 1.051197e-01 -2.305171e-02 -2.967730e-02 -7.738505e-02 -1.792989e-02 7.709978e-02 6.167218e-02 6.475334e-03 -3.203706e-02 1.314654e-02 1.359670e-02 2.355704e-02 1.998177e-02 -4.397139e-03
<VARIANCE> 39
 2.462851e-01 2.691673e-01 1.481485e+00 7.324423e-01 5.570916e-01 1.750272e+00 8.871180e-01 2.634893e-01 2.630029e-01 5.126867e-01 2.230201e-01 1.789713e-01 4.893910e-01 2.395875e-02 2.289048e-02 6.314000e-02 3.397691e-02 3.953115e-02 7.491463e-02 2.985472e-02 3.305673e-02 2.492489e-02 3.235941e-02 1.880264e-02 1.779688e-02 1.131923e-02 4.496090e-03 4.138419e-03 5.644973e-03 6.757602e-03 5.319482e-03 9.354999e-03 2.896616e-03 5.555474e-03 6.187188e-03 7.023010e-03 4.786750e-03 3.993434e-03 2.752189e-03
<GCONST> -5.319099e+01
<STATE> 3
<MEAN> 39
 -4.871147e-02 -9.883825e-01 -6.130819e-01 -1.435458e+00 -8.817350e-01 -1.373802e+00 -4.609116e-01 -7.597271e-01 -3.331233e-01 -7.607143e-01 -1.474303e-01 4.214812e-01 5.625097e+00 3.567269e-02 -9.927559e-02 -2.607669e-01 -6.954535e-02 2.807233e-01 1.961984e-01 -2.057565e-02 -1.353611e-01 7.458135e-02 1.159511e-01 1.214323e-01 1.452872e-01 3.391596e-02 -1.228567e-02 -4.982971e-03 4.331810e-02 5.245633e-03 -5.725857e-02 -2.838446e-02 6.847274e-02 5.684385e-02 3.384372e-02 4.956235e-02 1.361640e-02 -6.805082e-03 -7.822020e-03
<VARIANCE> 39
 6.458472e-02 2.351092e-01 4.956421e-01 1.020434e+00 4.665105e-01 9.097235e-01 1.969341e+00 3.045877e-01 3.865094e-01 3.288036e-01 3.057471e-01 2.031584e-01 7.198482e-01 4.008646e-03 1.301427e-02 1.540068e-02 1.909850e-02 2.668728e-02 2.548818e-02 2.222572e-02 2.360254e-02 3.321046e-02 1.595347e-02 3.299977e-02 1.632187e-02 2.602403e-03 1.348889e-03 3.653656e-03 3.357192e-03 2.633884e-03 8.826284e-03 7.979372e-03 8.229602e-03 6.491845e-03 3.931329e-03 3.694664e-03 7.992272e-03 6.083183e-03 1.168627e-03
<GCONST> -6.466749e+01
<STATE> 4
<MEAN> 39
 5.671460e-02 -1.438502e+00 -1.288750e+00 -1.373544e+00 -5.209262e-01 -1.226597e+00 -3.101660e-01 -4.459629e-01 6.577707e-04 -7.215297e-02 2.477426e-01 6.708488e-01 5.937423e+00 1.370905e-02 -1.101898e-01 8.989872e-03 1.115151e-02 -1.029720e-01 4.684906e-02 2.851358e-01 1.390280e-01 9.069449e-02 4.578593e-02 -1.523145e-02 -4.036102e-03 6.842921e-02 -2.245187e-02 6.374088e-02 7.243047e-02 3.300972e-02 -3.807268e-02 -1.197483e-02 2.196802e-02 2.006157e-02 -4.330717e-02 -6.195714e-02 -5.316229e-02 -5.513033e-02 -3.149328e-02
<VARIANCE> 39
 6.177628e-02 3.594871e-01 4.161133e-01 8.338950e-01 2.636586e-01 6.431882e-01 1.553532e+00 4.014448e-01 3.602899e-01 4.445388e-01 2.996302e-01 2.210074e-01 6.005850e-01 4.074897e-03 2.119538e-02 1.280962e-02 9.597099e-03 1.484600e-02 2.430517e-02 1.691400e-02 1.446600e-02 2.034805e-02 2.640152e-02 2.421696e-02 2.318633e-02 5.111982e-03 6.150590e-04 3.242251e-03 2.177949e-03 1.699675e-03 6.560577e-03 4.351952e-03 9.248118e-03 6.523778e-03 6.762792e-03 3.159958e-03 5.110799e-03 4.055389e-03 1.027643e-03
<GCONST> -6.961440e+01
<STATE> 5
<MEAN> 39
 4.156765e-02 -1.244700e+00 -5.797209e-01 -1.356548e+00 -9.220229e-01 -1.063317e+00 6.962314e-01 -5.575804e-01 5.416100e-02 -4.348183e-01 -2.668006e-01 5.711139e-01 5.682046e+00 -3.919620e-02 2.356782e-01 8.113751e-02 1.279313e-01 9.741564e-02 -9.320555e-02 3.359150e-02 6.022544e-02 -8.442900e-02 -2.950879e-02 -1.275356e-01 -1.884232e-01 -1.262673e-01 -1.213231e-02 3.680903e-02 7.571928e-04 2.343992e-02 6.813909e-02 -3.384470e-02 -7.415537e-02 -1.718470e-03 -1.933851e-02 -1.125228e-02 -1.856743e-02 -4.022613e-02 -3.008396e-02
<VARIANCE> 39
 3.746638e-02 4.271759e-01 4.789738e-01 9.024096e-01 3.033099e-01 1.261664e+00 1.873401e+00 6.982887e-01 7.731575e-01 2.629399e-01 3.074864e-01 3.046632e-01 1.184482e+00 2.188457e-03 1.409915e-02 1.767873e-02 1.079063e-02 2.987290e-02 3.578518e-02 4.207750e-02 2.578060e-02 2.385687e-02 3.100083e-02 1.798446e-02 3.438251e-02 3.781284e-03 7.065473e-04 5.807469e-03 3.014313e-03 2.547850e-03 3.950801e-03 5.180920e-03 4.528611e-03 4.170285e-03 6.197955e-03 3.631477e-03 3.878097e-03 6.796345e-03 1.192651e-03
<GCONST> -6.440504e+01
<STATE> 6
<MEAN> 39
 -3.236011e-01 -2.787839e-01 -6.499348e-01 -2.210654e-01 -2.049118e-01 -1.004303e+00 -4.414773e-01 3.089515e-02 -2.330705e-01 -7.308931e-01 -5.874726e-01 -1.957289e-01 5.014264e+00 -6.269985e-02 9.925252e-02 9.382387e-02 9.060749e-02 9.620106e-02 -1.889177e-02 -6.668514e-02 -3.265780e-02 -3.889829e-02 -2.896785e-02 -7.355592e-02 -7.275305e-02 -7.777460e-02 -6.366420e-03 -4.690466e-02 -9.322448e-04 -3.680229e-02 -3.380236e-02 2.807431e-02 -7.017745e-03 -3.099304e-02 1.030201e-02 1.215669e-02 4.037219e-02 4.649543e-02 1.928687e-02
<VARIANCE> 39
 8.348843e-02 2.148369e-01 3.145696e-01 4.258942e-01 2.659768e-01 5.556906e-01 4.381568e-01 3.885951e-01 2.788385e-01 1.387214e-01 1.894470e-01 1.588254e-01 6.079088e-01 4.637872e-03 9.498772e-03 1.702096e-02 1.445335e-02 2.349371e-02 2.377595e-02 1.480962e-02 1.972646e-02 1.919073e-02 1.554449e-02 1.815058e-02 2.007558e-02 4.855215e-03 1.367032e-03 3.105956e-03 3.185613e-03 2.999608e-03 3.649152e-03 6.407804e-03 4.030334e-03 4.085764e-03 3.648448e-03 3.457496e-03 3.800794e-03 4.126044e-03 7.691610e-04
<GCONST> -7.574028e+01
<STATE> 7
<MEAN> 39
 -5.782167e-01 -6.841772e-01 -4.460175e-02 -8.068138e-01 -4.161631e-01 -1.079789e+00 -1.472938e-01 -6.556828e-01 -2.749541e-01 -6.246799e-01 -4.158082e-01 3.061968e-02 4.962673e+00 -4.546588e-02 -1.367818e-01 3.952737e-02 -4.254893e-02 -7.955281e-02 3.947368e-02 -6.090622e-02 -6.951620e-02 -1.022705e-02 6.522075e-04 1.186319e-01 7.655485e-02 5.368808e-02 2.495507e-02 -1.094912e-03 -1.392400e-02 4.867797e-03 -1.664296e-02 -2.456611e-02 7.351467e-03 6.164877e-03 8.005709e-03 4.754319e-03 6.633773e-04 3.334073e-03 1.610519e-02
<VARIANCE> 39
 5.270746e-01 6.228639e-01 5.494187e-01 1.128832e+00 6.363783e-01 1.353246e+00 1.229943e+00 4.754282e-01 3.961906e-01 2.694320e-01 3.940620e-01 2.455419e-01 1.196528e+00 5.785600e-02 6.948151e-02 5.440089e-02 3.773733e-02 7.166698e-02 6.383637e-02 4.590285e-02 3.695292e-02 3.520108e-02 3.821858e-02 4.544292e-02 3.459686e-02 2.519475e-02 1.036424e-02 2.022791e-02 9.174858e-03 6.844474e-03 1.600916e-02 1.327289e-02 7.941878e-03 8.044827e-03 6.496099e-03 7.426861e-03 1.169331e-02 9.090681e-03 6.871974e-03
<GCONST> -3.554216e+01
<TRANSP> 8
 0.000000e+00 8.741891e-01 1.258110e-01 0.000000e+00 0.000000e+00 0.000000e+00 0.000000e+00 0.000000e+00
 0.000000e+00 7.790173e-01 2.209827e-01 0.000000e+00 0.000000e+00 0.000000e+00 0.000000e+00 0.000000e+00
 0.000000e+00 0.000000e+00 6.457404e-01 3.542596e-01 0.000000e+00 0.000000e+00 0.000000e+00 0.000000e+00
 0.000000e+00 0.000000e+00 0.000000e+00 6.304736e-01 3.695265e-01 0.000000e+00 0.000000e+00 0.000000e+00
 0.000000e+00 0.000000e+00 0.000000e+00 0.000000e+00 6.862993e-01 3.137006e-01 0.000000e+00 0.000000e+00
 0.000000e+00 0.000000e+00 0.000000e+00 0.000000e+00 0.000000e+00 7.557256e-01 2.442744e-01 0.000000e+00
 0.000000e+00 0.000000e+00 0.000000e+00 0.000000e+00 0.000000e+00 0.000000e+00 7.864902e-01 2.135098e-01
 0.000000e+00 0.000000e+00 0.000000e+00 0.000000e+00 0.000000e+00 0.000000e+00 0.000000e+00 0.000000e+00
<ENDHMM>
