~o
<STREAMINFO> 1 39
<VECSIZE> 39<NULLD><MFCC_D_A_0><DIAGC>
~h "lima"
<BEGINHMM>
<NUMSTATES> 6
<STATE> 2
<MEAN> 39
 -3.950138e-01 -1.151873e+00 -5.902411e-01 1.610034e+01 1.121952e+01 -3.131632e+00 -1.107610e+01 1.409901e+00 -2.159089e+00 -5.279734e+00 2.640070e+00 1.881577e+00 6.074317e+01 2.009114e-01 3.752633e-01 1.211358e-01 5.563340e-01 6.362088e-01 -1.837997e-01 -1.951165e-01 1.446049e-01 2.423012e-01 2.196449e-01 -2.752550e-01 -4.177086e-01 -2.990185e-03 -7.017602e-02 1.023289e-01 -1.829815e-02 -1.454096e-01 -8.250336e-02 1.224611e-01 1.949379e-01 1.116137e-01 1.287584e-01 2.492798e-02 -1.730857e-01 -9.652929e-02 -9.532803e-02
<VARIANCE> 39
 2.507659e+01 3.340917e+01 6.138437e+01 4.379827e+01 5.458817e+01 3.249730e+01 5.720645e+01 3.691289e+01 4.668920e+01 4.058485e+01 3.926200e+01 2.952351e+01 1.152934e+02 1.037356e+00 3.433716e+00 3.987119e+00 2.269041e+00 2.803806e+00 3.231095e+00 6.673956e+00 3.302584e+00 3.583043e+00 3.067370e+00 3.546072e+00 2.311575e+00 1.601288e+00 1.566243e-01 4.587378e-01 6.274543e-01 3.095433e-01 4.812048e-01 5.967801e-01 1.006998e+00 4.898784e-01 7.022541e-01 5.948766e-01 5.306728e-01 3.876506e-01 1.776896e-01
<GCONST> 1.241238e+02
<STATE> 3
<MEAN> 39
 8.619024e-01 7.883166e+00 -1.939897e+00 1.512690e+01 1.271983e+01 -1.832081e+00 -5.250272e+00 5.788458e+00 3.035237e+00 -2.895890e+00 -5.730131e+00 -5.703061e+00 5.962691e+01 7.177121e-01 4.323943e-02 -8.322439e-01 -1.351270e+00 -1.292396e+00 -5.094589e-01 6.228021e-01 1.001152e+00 3.498268e-01 -4.310673e-01 -9.132594e-02 4.697796e-01 4.601767e-01 1.363113e-01 -3.327792e-01 -1.470174e-01 -3.073574e-01 -4.222321e-01 -2.477292e-01 -9.118070e-02 2.593138e-02 -1.238210e-01 -1.166788e-01 5.767723e-01 6.138195e-01 2.524598e-01
<VARIANCE> 39
 2.066836e+01 3.631886e+01 2.410978e+01 1.714509e+01 3.207164e+01 1.651286e+01 1.442717e+01 6.925903e+01 3.150828e+01 1.060817e+01 2.372397e+01 1.594517e+01 8.627670e+01 3.896329e-01 6.059430e-01 9.480161e-01 2.002058e+00 2.665253e+00 2.331879e+00 9.577680e-01 1.334390e+00 1.300918e+00 9.971653e-01 3.688657e+00 3.936092e+00 4.160771e-01 5.455512e-02 1.107770e-01 1.934632e-01 2.641788e-01 2.881058e-01 3.374607e-01 2.492909e-01 2.458502e-01 2.674194e-01 2.141517e-01 3.652741e-01 3.695441e-01 4.954029e-02
<GCONST> 9.596194e+01
<STATE> 4
<MEAN> 39
 1.536142e+00 -3.612438e+00 -1.462879e+01 -2.020104e+00 2.878031e+00 -3.397353e+00 -5.363369e-01 1.263316e+01 4.385765e+00 -3.485591e+00 3.346498e+00 7.673751e+00 7.167101e+01 -1.707248e-01 -8.110732e-02 -2.059795e-01 -5.635312e-01 -5.923241e-01 2.434772e-01 3.833422e-01 -3.071118e-02 1.714951e-02 -3.172703e-02 1.788046e-01 5.575883e-01 -1.189079e-01 -1.144194e-01 7.517691e-02 2.115782e-01 2.172879e-01 1.889332e-01 1.998736e-01 -3.568164e-02 -1.748412e-01 -3.578522e-02 1.764443e-02 -1.758592e-01 -1.850279e-01 -1.008852e-01
<VARIANCE> 39
 2.186289e+01 3.874921e+01 1.586884e+01 1.704906e+01 1.045387e+01 2.828688e+01 2.029860e+01 1.717802e+01 2.040375e+01 1.604560e+01 2.891800e+01 1.611535e+01 4.867912e+01 5.483688e-01 1.300323e+00 1.404980e+00 2.300461e+00 2.107051e+00 1.269514e+00 1.221269e+00 1.678024e+00 1.508913e+00 1.354765e+00 2.479278e+00 3.126285e+00 9.705003e-01 5.687175e-02 1.245757e-01 1.558844e-01 2.335636e-01 1.994212e-01 3.148250e-01 2.335163e-01 2.495414e-01 2.191233e-01 2.162820e-01 3.201130e-01 2.150729e-01 5.851069e-02
<GCONST> 9.421586e+01
<STATE> 5
<MEAN> 39
 3.096960e+00 9.115279e+00 -2.483797e+00 3.945600e+00 -2.680103e+00 -1.606699e+00 1.339123e+00 9.760392e+00 5.062387e+00 -9.089077e+00 -2.895100e+00 6.362374e+00 5.339212e+01 -5.755598e-01 -1.694519e-01 3.001451e-01 -8.667656e-02 -8.901352e-02 4.264109e-01 1.028424e-01 -4.102143e-01 -2.522665e-01 8.086211e-03 5.166290e-02 3.488192e-02 -3.068197e-01 -3.063820e-02 2.782009e-02 1.573646e-02 1.279309e-01 1.689747e-01 -1.363266e-02 -1.100151e-01 -8.639427e-02 -2.538378e-02 5.724613e-02 -5.925834e-02 -1.647100e-01 -4.519994e-02
<VARIANCE> 39
 5.260995e+01 3.958899e+01 3.192499e+01 3.370555e+01 4.389848e+01 4.336592e+01 3.153313e+01 6.637708e+01 6.083636e+01 4.594114e+01 4.430375e+01 6.895802e+01 9.131615e+01 1.348189e+00 2.810523e+00 2.653072e+00 2.494169e+00 4.354349e+00 3.184211e+00 2.890288e+00 2.750903e+00 3.260429e+00 4.328625e+00 3.022090e+00 4.718535e+00 1.455409e+00 2.063101e-01 3.902818e-01 5.059310e-01 4.785565e-01 8.156501e-01 6.015614e-01 5.141671e-01 6.159638e-01 6.112801e-01 7.578025e-01 5.692332e-01 7.133381e-01 1.674646e-01
<GCONST> 1.263193e+02
<TRANSP> 6
 0.000000e+00 9.022160e-01 9.778395e-02 0.000000e+00 0.000000e+00 0.000000e+00
 0.000000e+00 9.278888e-01 7.211123e-02 0.000000e+00 0.000000e+00 0.000000e+00
 0.000000e+00 0.000000e+00 8.623816e-01 1.376184e-01 0.000000e+00 0.000000e+00
 0.000000e+00 0.000000e+00 0.000000e+00 8.775643e-01 8.784157e-02 3.459410e-02
 0.000000e+00 0.000000e+00 0.000000e+00 0.000000e+00 9.218421e-01 7.815784e-02
 0.000000e+00 0.000000e+00 0.000000e+00 0.000000e+00 0.000000e+00 0.000000e+00
<ENDHMM>
