~o
<STREAMINFO> 1 39
<VECSIZE> 39<NULLD><MFCC_D_A_0><DIAGC>
~h "puluh"
<BEGINHMM>
<NUMSTATES> 6
<STATE> 2
<MEAN> 39
 -3.869846e+00 2.999766e+00 -4.239786e+00 2.247197e+00 -3.717863e+00 -5.216413e+00 -4.988167e+00 3.578290e+00 3.424098e+00 -2.384696e+00 -2.814530e+00 4.431643e-01 5.423848e+01 5.695323e-01 -3.339978e-01 5.572792e-01 5.970314e-01 5.726605e-01 5.904826e-01 -3.131765e-01 -9.560288e-02 1.427631e-01 -7.614272e-02 4.178170e-01 -1.378755e-01 6.335796e-01 3.036952e-01 2.598020e-01 1.475599e-01 1.029967e-01 -1.193737e-01 -3.849961e-01 -2.166233e-01 3.366126e-01 2.902209e-01 -2.292744e-01 -3.350861e-01 -3.694962e-02 1.359050e-01
<VARIANCE> 39
 2.905293e+01 8.439459e+01 3.222984e+01 5.050990e+01 2.426085e+01 4.128440e+01 2.626607e+01 1.742412e+01 1.418399e+01 2.647902e+01 1.622071e+01 1.352019e+01 1.369735e+02 4.486314e+00 1.219567e+01 4.392383e+00 4.687995e+00 3.110610e+00 5.233763e+00 2.801025e+00 4.801904e+00 2.841290e+00 4.534553e+00 2.813284e+00 2.670346e+00 5.239614e+00 4.696202e-01 2.650687e+00 7.576280e-01 8.158735e-01 4.363284e-01 1.074918e+00 6.946140e-01 7.875450e-01 5.240937e-01 7.793807e-01 5.703523e-01 6.055210e-01 7.598527e-01
<GCONST> 1.309403e+02
<STATE> 3
<MEAN> 39
 8.007672e+00 4.387877e+00 -4.646033e-01 5.819234e+00 -3.870411e+00 -1.202009e-01 -5.957779e+00 5.767002e+00 9.314935e+00 -1.131425e+01 -9.106079e+00 1.080850e+00 5.493700e+01 -5.280811e-02 2.129728e-01 -2.946484e-01 -7.198668e-02 2.822640e-01 -1.623839e-01 2.559241e-01 5.514749e-01 -1.307830e-01 -1.342609e-02 2.573429e-01 -2.341832e-03 -1.749002e-01 -1.073749e-01 -4.328539e-02 -1.092700e-01 -4.202038e-02 -1.154445e-02 -3.033463e-02 1.755478e-01 9.579264e-03 -1.348786e-01 2.005177e-01 1.517829e-01 -4.211865e-02 -7.877029e-02
<VARIANCE> 39
 1.251516e+01 1.925448e+01 7.810622e+01 2.104822e+01 8.227900e+01 4.448277e+01 3.448032e+01 4.953489e+01 6.104757e+01 3.814799e+01 4.196445e+01 4.653057e+01 1.745387e+01 1.051542e+00 2.951023e+00 1.024137e+01 2.534784e+00 1.228876e+01 6.038386e+00 4.409464e+00 5.402161e+00 9.485099e+00 4.133185e+00 5.837100e+00 5.095249e+00 1.032731e+00 1.988647e-01 5.846376e-01 1.727979e+00 6.136820e-01 2.330392e+00 1.286470e+00 6.814216e-01 1.033675e+00 1.962535e+00 8.209435e-01 1.146546e+00 8.949056e-01 2.096986e-01
<GCONST> 1.349594e+02
<STATE> 4
<MEAN> 39
 -5.754258e-01 5.024453e+00 -3.082576e+00 5.268390e+00 2.366871e+00 -7.059100e+00 -8.173221e+00 5.915156e+00 4.572232e+00 -3.215142e+00 -6.914260e+00 -4.039930e+00 6.799847e+01 -2.739416e-01 -5.089883e-02 -8.300649e-02 -1.501255e-01 1.691313e-02 2.999562e-01 1.557553e-01 -1.570536e-01 -6.653194e-02 5.136516e-02 -1.775238e-02 2.498213e-02 -2.078019e-01 -4.112733e-02 -2.298375e-02 -2.439467e-02 -1.786733e-02 -8.702290e-03 5.575111e-02 5.596428e-02 -3.478372e-02 -4.268706e-03 2.365408e-02 2.470474e-02 3.005782e-02 -2.695806e-02
<VARIANCE> 39
 2.409143e+01 3.014826e+01 4.714156e+01 1.796619e+01 5.681371e+01 2.909930e+01 7.612464e+01 2.348857e+01 2.142750e+01 2.698522e+01 2.454667e+01 2.244861e+01 3.503954e+01 3.490205e-01 6.474187e-01 2.037463e+00 1.079544e+00 2.256347e+00 2.407865e+00 1.678478e+00 1.903893e+00 1.506764e+00 1.136096e+00 1.437033e+00 1.113003e+00 3.652915e-01 3.535185e-02 1.229841e-01 2.937107e-01 1.766729e-01 2.613661e-01 4.280179e-01 3.071076e-01 3.595695e-01 2.659652e-01 2.099102e-01 2.212809e-01 1.776931e-01 3.454503e-02
<GCONST> 9.601222e+01
<STATE> 5
<MEAN> 39
 -3.124998e+00 8.359386e+00 -5.391718e+00 -1.758502e+00 -4.772009e+00 -7.656563e-01 3.718526e+00 9.351418e+00 3.794691e+00 -2.197593e+00 -3.670995e-01 1.849097e-01 4.717031e+01 -5.124347e-01 -1.894835e-01 -4.256519e-02 -2.705227e-01 -1.436318e-01 -1.511920e-01 -6.973970e-02 -4.903601e-01 -3.058417e-01 1.799351e-01 7.291777e-02 -1.405985e-01 -2.429457e-01 2.294541e-02 -7.236493e-02 1.217021e-01 3.570476e-02 -7.922834e-03 -1.596670e-02 -1.731986e-01 -1.209544e-01 -2.800848e-02 -1.953363e-01 -6.066720e-02 7.348371e-02 8.081563e-02
<VARIANCE> 39
 4.040650e+01 5.660224e+01 4.874658e+01 4.717786e+01 5.861958e+01 5.329013e+01 5.296166e+01 4.033670e+01 3.674970e+01 6.169500e+01 2.621579e+01 3.024671e+01 6.898284e+01 1.949503e+00 5.949047e+00 5.077643e+00 5.765316e+00 4.238452e+00 4.632684e+00 6.889489e+00 3.733205e+00 4.010480e+00 7.628843e+00 3.427996e+00 4.300175e+00 2.331233e+00 2.425367e-01 1.149324e+00 9.177754e-01 1.065651e+00 6.233891e-01 9.483370e-01 1.322316e+00 8.104488e-01 8.933422e-01 1.301946e+00 7.664462e-01 9.526685e-01 3.293751e-01
<GCONST> 1.374823e+02
<TRANSP> 6
 0.000000e+00 6.250104e-01 3.749897e-01 0.000000e+00 0.000000e+00 0.000000e+00
 0.000000e+00 8.632014e-01 1.367986e-01 0.000000e+00 0.000000e+00 0.000000e+00
 0.000000e+00 0.000000e+00 9.022754e-01 5.497038e-02 4.275419e-02 0.000000e+00
 0.000000e+00 0.000000e+00 0.000000e+00 9.632888e-01 3.671122e-02 0.000000e+00
 0.000000e+00 0.000000e+00 0.000000e+00 0.000000e+00 8.974453e-01 1.025547e-01
 0.000000e+00 0.000000e+00 0.000000e+00 0.000000e+00 0.000000e+00 0.000000e+00
<ENDHMM>
