~o
<STREAMINFO> 1 39
<VECSIZE> 39<NULLD><MFCC_D_A_0><DIAGC>
~h "satu"
<BEGINHMM>
<NUMSTATES> 6
<STATE> 2
<MEAN> 39
 -2.239663e+01 -9.616512e+00 9.752830e+00 -8.952282e+00 5.358584e-01 -4.671662e-01 6.640145e+00 -8.967005e+00 9.976837e-01 -2.775701e-01 3.680612e+00 -6.500037e-01 7.285734e+01 5.993071e-01 9.833229e-02 -4.022715e-01 -3.886239e-01 -1.848646e-01 -3.465841e-01 -1.526770e-01 -5.857982e-02 -6.990791e-02 -8.160805e-02 1.142547e-01 1.678770e-01 6.994303e-01 6.856717e-01 3.305873e-01 -3.748081e-01 1.645047e-01 -9.182500e-03 -5.696735e-02 -1.193344e-01 1.560067e-01 2.089274e-02 -1.049912e-01 -7.091476e-02 9.314594e-02 -7.605569e-02
<VARIANCE> 39
 3.221084e+01 4.836939e+01 6.375029e+01 5.914540e+01 1.000788e+02 4.245388e+01 1.130882e+02 3.138823e+01 9.528209e+01 4.473564e+01 3.941454e+01 2.732840e+01 4.988153e+01 8.838870e+00 3.887720e+00 4.395362e+00 2.291037e+00 2.422854e+00 2.272013e+00 2.031802e+00 1.982437e+00 2.483363e+00 1.517253e+00 2.213947e+00 1.348041e+00 1.593548e+00 6.518816e-01 3.723421e-01 4.322119e-01 3.940992e-01 4.026501e-01 4.307042e-01 3.894735e-01 3.276458e-01 4.369251e-01 3.183862e-01 4.299537e-01 2.251685e-01 1.798166e-01
<GCONST> 1.218531e+02
<STATE> 3
<MEAN> 39
 -3.144340e+00 1.191374e+00 2.294776e+00 -1.483529e+00 -6.530833e+00 -1.489166e-01 -1.895062e+00 -1.127029e+00 1.201280e+00 -6.582972e+00 -4.142795e-01 4.677658e+00 5.994163e+01 4.365828e-01 3.561135e-01 -1.905819e-01 9.680054e-02 -8.560486e-02 -2.606766e-01 -3.529068e-02 2.822677e-01 2.561598e-01 -1.806795e-01 -2.516191e-01 -1.084416e-01 2.657267e-02 -1.281860e-01 -7.318737e-02 3.969530e-02 4.205495e-03 4.272355e-03 -1.171484e-02 2.287073e-02 -5.451055e-03 -1.687219e-02 4.168905e-02 -1.086814e-02 -5.267606e-02 -4.403188e-03
<VARIANCE> 39
 5.581746e+01 9.261433e+01 5.226176e+01 4.954440e+01 5.438852e+01 7.751344e+01 8.884000e+01 6.041275e+01 9.392607e+01 7.337890e+01 3.153094e+01 4.132123e+01 1.791897e+02 5.152150e+00 6.917197e+00 4.914211e+00 3.425663e+00 4.573803e+00 5.754368e+00 5.129506e+00 4.437703e+00 6.255289e+00 4.888748e+00 2.803024e+00 3.436769e+00 5.824728e+00 5.823959e-01 1.225954e+00 7.219250e-01 6.171573e-01 8.408503e-01 1.072141e+00 9.008276e-01 8.577789e-01 1.103919e+00 8.687992e-01 5.652572e-01 6.189010e-01 7.935167e-01
<GCONST> 1.436302e+02
<STATE> 4
<MEAN> 39
 -5.003006e-01 -8.473226e+00 6.506815e+00 -1.490128e+01 -5.220910e+00 -1.424198e+01 1.676453e+01 -1.098195e+01 3.548433e+00 -8.782007e+00 1.160271e+00 -4.683286e+00 7.467506e+01 9.468311e-02 1.532923e-01 4.331211e-02 1.547173e-01 -1.374424e-01 -7.665866e-02 -8.192500e-02 1.167823e-01 -6.341724e-02 3.354253e-02 -2.507297e-02 3.885463e-02 -2.469287e-01 -8.751819e-02 1.717965e-02 5.299835e-02 -2.087427e-02 7.409474e-02 3.373899e-02 -2.271412e-02 -4.567100e-03 5.486100e-02 -4.363825e-03 3.610356e-02 1.560004e-02 -4.518713e-03
<VARIANCE> 39
 2.916686e+01 4.035642e+01 9.784026e+01 3.153713e+01 1.599231e+02 1.337219e+02 4.229663e+01 8.279789e+01 6.601257e+01 4.477481e+01 5.188383e+01 4.955203e+01 8.258277e+01 2.129174e+00 2.209768e+00 2.831636e+00 2.147568e+00 7.045963e+00 4.321640e+00 2.182515e+00 5.910228e+00 3.228247e+00 3.200120e+00 3.025588e+00 3.478697e+00 4.487447e+00 2.668762e-01 4.381683e-01 3.418686e-01 3.374296e-01 7.609078e-01 6.011916e-01 4.150206e-01 9.800937e-01 5.529599e-01 5.669089e-01 5.468099e-01 6.289275e-01 6.126174e-01
<GCONST> 1.319837e+02
<STATE> 5
<MEAN> 39
 -3.957936e+00 6.345568e+00 -1.228747e+00 -2.980093e-02 -6.315565e+00 -9.217183e+00 -4.086868e+00 5.133204e-01 -7.921379e-03 -5.792837e+00 -1.997936e+00 -9.078057e-01 6.734109e+01 -3.130769e-01 3.446599e-02 3.957941e-02 1.520801e-01 8.099408e-02 1.057388e-01 7.126322e-03 -4.143567e-02 -9.982504e-02 4.967955e-02 -1.536990e-02 -7.010599e-02 -3.884297e-01 -3.597756e-02 -2.826295e-02 7.668264e-03 -1.922038e-02 8.304883e-03 1.632580e-02 8.556193e-03 -3.063346e-02 -3.269779e-02 -1.496072e-03 1.676783e-02 8.557531e-03 -7.547280e-03
<VARIANCE> 39
 4.004691e+01 5.280590e+01 7.457510e+01 4.959499e+01 3.723339e+01 6.440598e+01 3.219788e+01 4.969825e+01 3.541062e+01 4.653405e+01 1.978512e+01 4.217504e+01 4.914524e+01 1.393128e+00 9.902169e-01 1.247178e+00 1.134045e+00 1.458738e+00 1.844388e+00 1.465546e+00 1.533813e+00 1.837130e+00 2.027096e+00 1.297359e+00 1.119554e+00 1.207416e+00 1.959670e-01 1.593579e-01 1.855099e-01 1.985174e-01 2.371350e-01 2.538801e-01 2.622871e-01 2.464983e-01 3.225287e-01 3.431084e-01 2.588227e-01 2.044580e-01 1.637695e-01
<GCONST> 1.058170e+02
<TRANSP> 6
 0.000000e+00 7.006476e-01 2.993524e-01 0.000000e+00 0.000000e+00 0.000000e+00
 0.000000e+00 9.031808e-01 7.602996e-02 2.078921e-02 0.000000e+00 0.000000e+00
 0.000000e+00 0.000000e+00 9.531060e-01 9.701741e-03 3.719226e-02 0.000000e+00
 0.000000e+00 0.000000e+00 0.000000e+00 9.717155e-01 1.935874e-03 2.634865e-02
 0.000000e+00 0.000000e+00 0.000000e+00 0.000000e+00 9.692849e-01 3.071514e-02
 0.000000e+00 0.000000e+00 0.000000e+00 0.000000e+00 0.000000e+00 0.000000e+00
<ENDHMM>
