~o
<STREAMINFO> 1 39
<VECSIZE> 39<NULLD><MFCC_D_A_0><DIAGC>
~h "sembilan"
<BEGINHMM>
<NUMSTATES> 6
<STATE> 2
<MEAN> 39
 -1.538570e+01 -9.949903e+00 5.074899e+00 -2.141805e+00 -2.063828e+00 3.016749e+00 -2.038909e+00 -3.760914e+00 -1.704737e+00 3.614249e-01 3.648044e+00 1.132362e+00 6.012582e+01 7.805754e-01 9.048025e-01 -5.947650e-01 6.155754e-01 8.885546e-01 -2.742849e-01 3.000977e-03 4.114895e-01 7.183544e-03 5.771617e-04 8.342402e-02 2.515608e-01 8.762853e-02 4.495291e-01 3.659774e-01 -4.317614e-02 3.308531e-01 2.978786e-01 9.393090e-02 -1.062151e-01 1.871005e-01 -2.722251e-02 -1.386560e-01 -1.819365e-01 -5.951125e-02 -8.102363e-03
<VARIANCE> 39
 7.379101e+01 5.778541e+01 9.122668e+01 7.171581e+01 7.604300e+01 4.770417e+01 4.529322e+01 4.822231e+01 4.779367e+01 3.423193e+01 2.034922e+01 2.115455e+01 1.500562e+02 4.538119e+00 9.718462e+00 6.191880e+00 5.382411e+00 8.726385e+00 5.165923e+00 4.223799e+00 5.426639e+00 3.317333e+00 3.086082e+00 2.038921e+00 2.106743e+00 2.948208e+00 2.544681e-01 7.841589e-01 1.270898e+00 5.197001e-01 1.033427e+00 9.914963e-01 8.553565e-01 8.679966e-01 5.238391e-01 6.990047e-01 4.708875e-01 4.683793e-01 4.173777e-01
<GCONST> 1.365907e+02
<STATE> 3
<MEAN> 39
 -3.325029e+00 3.132472e+00 2.950833e+00 1.241665e+01 9.179430e+00 2.048850e+00 -6.118052e+00 -5.346509e+00 -4.865944e+00 -2.281197e+00 7.756816e-01 8.339867e-01 6.882459e+01 5.097910e-01 1.809668e-01 -4.520150e-01 3.618730e-01 2.211563e-01 -3.656515e-01 -4.073801e-01 2.072402e-02 -2.615889e-01 -2.435035e-01 7.900544e-02 7.992537e-02 5.178861e-02 -1.284743e-01 -1.468839e-01 -3.847731e-02 -1.894398e-01 -1.753831e-01 -4.965508e-02 7.790409e-02 -4.536610e-02 1.666952e-02 5.767978e-02 5.484561e-02 2.776747e-02 1.861317e-02
<VARIANCE> 39
 9.423234e+00 5.719078e+01 2.899270e+01 3.472082e+01 6.264266e+01 3.517644e+01 4.941774e+01 3.933499e+01 3.250294e+01 1.772667e+01 3.918910e+01 3.614371e+01 3.057697e+01 1.325676e+00 3.082718e+00 1.866214e+00 2.589183e+00 2.588977e+00 2.417163e+00 3.172162e+00 1.452913e+00 2.282160e+00 1.406221e+00 2.743920e+00 2.606385e+00 6.968287e-01 1.739091e-01 4.292435e-01 2.796240e-01 3.190860e-01 3.949191e-01 4.531874e-01 6.001590e-01 3.257711e-01 4.174290e-01 2.511282e-01 4.068967e-01 3.394091e-01 1.083743e-01
<GCONST> 1.114794e+02
<STATE> 4
<MEAN> 39
 1.011434e+00 -3.318596e+00 -1.240364e+01 2.421585e+00 6.985339e+00 -4.452609e+00 -5.372454e+00 5.198110e+00 -3.272041e+00 -4.798872e-01 9.230659e+00 1.020903e+01 7.262424e+01 -1.993917e-01 2.921251e-01 2.886739e-02 -2.117559e-01 -4.292446e-02 4.217310e-01 4.944219e-01 3.555145e-01 4.830870e-01 5.275071e-02 -3.898341e-01 -1.041400e-01 -2.607444e-01 -6.238797e-02 -2.422315e-02 7.087625e-02 5.629615e-02 5.038247e-02 2.885706e-02 -3.909304e-02 -3.693986e-02 -8.510351e-03 -2.580981e-02 -4.477395e-02 -7.908051e-02 -2.221605e-02
<VARIANCE> 39
 9.188949e+00 2.335331e+01 1.764205e+01 3.415854e+01 1.749271e+01 3.606171e+01 2.824321e+01 2.979553e+01 3.664012e+01 1.740784e+01 2.836451e+01 9.934853e+00 1.715702e+01 2.786316e-01 7.885600e-01 8.942434e-01 1.841311e+00 1.177330e+00 1.120888e+00 1.175154e+00 1.729001e+00 1.295856e+00 1.372519e+00 1.439855e+00 7.545203e-01 4.291975e-01 2.203049e-02 8.787566e-02 8.508349e-02 1.455195e-01 1.468286e-01 2.079927e-01 1.954241e-01 2.311755e-01 2.008495e-01 2.360202e-01 2.287882e-01 1.131882e-01 3.358021e-02
<GCONST> 8.403243e+01
<STATE> 5
<MEAN> 39
 3.879129e+00 4.730818e+00 -1.229969e-02 1.176645e+01 3.777536e+00 1.123175e+00 -3.056446e+00 3.494425e+00 1.985441e+00 -7.657036e+00 -2.482353e+00 4.416022e+00 5.182982e+01 -4.373587e-02 -1.029898e-01 1.514356e-01 -1.412030e-01 -2.689165e-01 1.341116e-01 -1.948055e-02 -1.946964e-01 1.632023e-02 -7.933665e-02 8.339999e-04 5.756453e-02 5.340768e-02 -1.375089e-02 -7.855725e-02 -3.833896e-02 -3.201012e-02 -5.060955e-02 -1.413282e-02 -1.726585e-02 -2.747833e-02 -3.915580e-02 9.613159e-03 6.551101e-02 4.653571e-02 1.507211e-02
<VARIANCE> 39
 3.221800e+01 7.170348e+01 3.963716e+01 4.336470e+01 9.921872e+01 4.493006e+01 3.917279e+01 5.081575e+01 4.132214e+01 3.250664e+01 4.152539e+01 6.122710e+01 4.347606e+01 1.062588e+00 4.337341e+00 3.781117e+00 3.738631e+00 6.200986e+00 5.087720e+00 3.286369e+00 3.653066e+00 4.210066e+00 2.669576e+00 3.851712e+00 4.216964e+00 1.323140e+00 1.792512e-01 5.974584e-01 6.808446e-01 6.401745e-01 9.140670e-01 9.857375e-01 6.642167e-01 6.372274e-01 8.414287e-01 5.267299e-01 6.318464e-01 6.468901e-01 1.820408e-01
<GCONST> 1.298465e+02
<TRANSP> 6
 0.000000e+00 9.037607e-01 9.623936e-02 0.000000e+00 0.000000e+00 0.000000e+00
 0.000000e+00 8.874376e-01 1.125624e-01 0.000000e+00 0.000000e+00 0.000000e+00
 0.000000e+00 0.000000e+00 9.248473e-01 2.818267e-02 4.697003e-02 0.000000e+00
 0.000000e+00 0.000000e+00 0.000000e+00 9.630281e-01 3.697192e-02 0.000000e+00
 0.000000e+00 0.000000e+00 0.000000e+00 0.000000e+00 9.570299e-01 4.297007e-02
 0.000000e+00 0.000000e+00 0.000000e+00 0.000000e+00 0.000000e+00 0.000000e+00
<ENDHMM>
