~o
<STREAMINFO> 1 39
<VECSIZE> 39<NULLD><MFCC_D_A_0><DIAGC>
~h "sepuluh"
<BEGINHMM>
<NUMSTATES> 6
<STATE> 2
<MEAN> 39
 -1.344819e+01 -4.960849e+00 3.778448e+00 -2.230602e+00 -4.358836e-01 2.753727e+00 -2.318507e+00 -1.792467e+00 -9.729055e-01 -1.226072e+00 3.832824e-01 3.128566e+00 6.291836e+01 6.312815e-01 6.698123e-01 -5.259975e-01 4.118014e-01 7.487661e-02 -5.217621e-01 -4.074978e-01 2.978952e-01 1.872942e-01 -2.686338e-02 -2.053234e-02 -1.103265e-01 -1.544369e-01 1.667801e-01 2.133579e-01 -7.231136e-02 1.620523e-01 -9.672805e-03 -2.167556e-01 -9.461362e-02 1.603819e-01 1.327530e-02 -1.790919e-02 -4.897757e-02 -8.644885e-02 -5.503306e-02
<VARIANCE> 39
 5.371864e+01 7.684560e+01 5.144870e+01 4.513519e+01 4.214816e+01 3.733502e+01 4.015351e+01 2.657578e+01 3.197254e+01 2.781269e+01 1.936529e+01 2.126209e+01 8.555662e+01 5.280065e+00 6.181439e+00 3.769668e+00 4.161521e+00 3.574057e+00 4.688617e+00 3.681882e+00 2.537037e+00 2.585611e+00 2.177523e+00 2.396426e+00 1.916451e+00 2.655352e+00 8.162845e-01 7.064719e-01 6.735573e-01 5.841618e-01 5.567168e-01 8.492821e-01 6.823773e-01 4.490440e-01 4.606593e-01 4.870139e-01 4.059345e-01 3.153797e-01 2.818914e-01
<GCONST> 1.266362e+02
<STATE> 3
<MEAN> 39
 2.686409e+00 5.800446e+00 -1.334973e+00 4.672567e+00 -2.281411e+00 -2.188362e+00 -6.579411e+00 6.856277e+00 7.484021e+00 -1.073315e+01 -6.924537e+00 1.584831e+00 5.032566e+01 4.251240e-01 2.026564e-01 4.232550e-02 -8.302819e-02 -2.754480e-01 -1.486263e-01 -5.016964e-02 3.509474e-01 3.782426e-01 -2.639939e-01 -2.530384e-01 -1.780627e-02 2.379239e-01 -5.563781e-02 -1.813001e-01 -2.651777e-02 -6.973627e-02 -6.589410e-03 8.373039e-02 3.150615e-02 -4.942061e-02 -2.337490e-02 1.794972e-02 2.795457e-03 3.180579e-02 4.363057e-02
<VARIANCE> 39
 5.516084e+01 3.227565e+01 6.404195e+01 1.939746e+01 8.459534e+01 4.069812e+01 4.102924e+01 4.152856e+01 6.765372e+01 6.850558e+01 4.269223e+01 3.896757e+01 4.683862e+01 2.376369e+00 3.642893e+00 8.085435e+00 2.359607e+00 1.010089e+01 4.633191e+00 4.643297e+00 3.896846e+00 7.394365e+00 5.949089e+00 4.150488e+00 4.186399e+00 2.010597e+00 4.055412e-01 8.199627e-01 1.345469e+00 5.388302e-01 1.839847e+00 8.398727e-01 9.409631e-01 6.699345e-01 1.348573e+00 1.226761e+00 8.363623e-01 7.430457e-01 3.560989e-01
<GCONST> 1.383081e+02
<STATE> 4
<MEAN> 39
 3.284791e-01 3.568878e+00 -2.706050e+00 6.503985e+00 -2.207443e-01 -1.188093e+01 -9.045818e+00 7.542483e+00 3.250303e+00 -4.730017e+00 -5.344518e+00 -2.106966e+00 6.983481e+01 -2.576538e-01 -7.246954e-02 -1.243477e-01 -7.251716e-02 3.437709e-02 2.225940e-01 3.014055e-01 1.899508e-02 -7.345670e-02 -4.874393e-02 -7.385568e-02 6.673968e-02 -1.896075e-01 -7.141760e-02 3.705806e-04 6.132119e-03 -3.396142e-02 3.236116e-02 1.174972e-01 3.866599e-02 -7.297687e-02 -1.667875e-02 3.828080e-02 3.298871e-02 3.124295e-02 -5.110228e-02
<VARIANCE> 39
 1.170927e+01 3.516380e+01 4.904036e+01 2.476247e+01 4.379747e+01 3.723687e+01 4.398172e+01 3.316165e+01 2.497062e+01 3.260384e+01 1.792155e+01 2.384933e+01 2.501576e+01 4.013438e-01 7.705657e-01 1.448650e+00 1.441028e+00 1.973077e+00 2.072363e+00 1.320164e+00 1.825128e+00 1.545030e+00 1.299534e+00 1.334583e+00 1.374826e+00 4.199472e-01 4.685679e-02 1.286047e-01 2.074213e-01 2.370426e-01 3.202020e-01 4.538543e-01 2.469064e-01 3.910728e-01 2.802784e-01 1.832658e-01 2.044078e-01 2.249888e-01 4.062734e-02
<GCONST> 9.610549e+01
<STATE> 5
<MEAN> 39
 -4.570919e+00 7.414515e+00 -2.967673e+00 -1.028513e-01 -4.996074e+00 -2.017006e+00 1.364404e+00 7.792624e+00 3.597273e+00 -5.411959e+00 -3.016644e+00 2.187406e+00 4.933650e+01 -6.502895e-01 -1.254582e-01 -3.989014e-01 -8.109279e-01 -1.306685e-01 5.545997e-03 1.119285e-01 -6.606987e-01 -8.894062e-01 5.430757e-01 6.538103e-01 1.275622e-01 -3.795918e-01 1.451070e-01 -5.624944e-02 7.781143e-02 6.357601e-02 -2.391141e-02 -5.513877e-02 -1.521768e-01 4.100289e-02 3.655355e-02 -1.241342e-01 3.445669e-02 3.662239e-02 1.422078e-01
<VARIANCE> 39
 3.573995e+01 3.727641e+01 6.893645e+01 5.767400e+01 4.566598e+01 3.769355e+01 3.329290e+01 7.102331e+01 1.005854e+02 4.309389e+01 3.102111e+01 2.642589e+01 9.503466e+01 1.696762e+00 3.343396e+00 5.382794e+00 3.371957e+00 4.022130e+00 3.227562e+00 3.971917e+00 3.376542e+00 4.926875e+00 3.590235e+00 3.638600e+00 2.646401e+00 2.565983e+00 2.269586e-01 6.050047e-01 1.001463e+00 8.627085e-01 5.211542e-01 6.598034e-01 8.278337e-01 7.514019e-01 1.273573e+00 6.358930e-01 8.375518e-01 4.983787e-01 3.283291e-01
<GCONST> 1.320185e+02
<TRANSP> 6
 0.000000e+00 1.000000e+00 0.000000e+00 0.000000e+00 0.000000e+00 0.000000e+00
 0.000000e+00 9.334699e-01 6.653012e-02 0.000000e+00 0.000000e+00 0.000000e+00
 0.000000e+00 0.000000e+00 9.389992e-01 6.100083e-02 0.000000e+00 0.000000e+00
 0.000000e+00 0.000000e+00 0.000000e+00 9.371598e-01 6.284024e-02 0.000000e+00
 0.000000e+00 0.000000e+00 0.000000e+00 0.000000e+00 8.793397e-01 1.206603e-01
 0.000000e+00 0.000000e+00 0.000000e+00 0.000000e+00 0.000000e+00 0.000000e+00
<ENDHMM>
