~o
<STREAMINFO> 1 39
<VECSIZE> 39<NULLD><PLP_D_A_0><DIAGC>
~h "sil"
<BEGINHMM>
<NUMSTATES> 8
<STATE> 2
<MEAN> 39
 -1.423160e+00 -5.128903e-01 -1.227063e+00 -8.719628e-01 -7.536104e-01 -5.038541e-01 -2.466806e-01 -3.608375e-01 -5.398914e-01 -3.121153e-01 1.633804e-01 3.002791e-01 2.792040e+00 -7.750214e-03 1.083922e-02 -5.800018e-02 -6.842408e-03 1.540923e-02 -8.131835e-03 -5.044359e-04 -1.455719e-02 -1.164537e-02 1.279522e-02 1.274033e-02 3.581389e-03 -2.012625e-02 3.713232e-03 -6.406136e-03 1.932032e-02 1.831253e-03 -4.999535e-03 9.410133e-04 -5.211905e-03 -2.312562e-04 4.139433e-03 3.514666e-04 -1.372920e-03 -2.763628e-03 1.277947e-02
<VARIANCE> 39
 2.292035e-01 3.998840e-01 6.378726e-01 4.021982e-01 2.294319e-01 3.286201e-01 3.252797e-01 3.705754e-01 3.168421e-01 2.572218e-01 3.423586e-01 1.440033e-01 7.613975e-01 1.651179e-02 3.993573e-02 4.473801e-02 3.322866e-02 2.704787e-02 3.436998e-02 2.897625e-02 3.313288e-02 3.018028e-02 2.959993e-02 3.138814e-02 1.443308e-02 3.537141e-02 2.219261e-03 5.786194e-03 6.769503e-03 5.993072e-03 4.855701e-03 6.705899e-03 5.473563e-03 6.517049e-03 5.838533e-03 6.151062e-03 6.255302e-03 2.910438e-03 4.060841e-03
<GCONST> -5.699334e+01
<STATE> 3
<MEAN> 39
 -1.239705e+00 -1.293395e+00 -3.327157e-01 -1.198683e+00 1.602855e-01 -7.459306e-01 5.329991e-01 -7.038716e-01 7.189666e-03 -3.302915e-01 2.558377e-01 2.182493e-02 4.786999e+00 -6.709571e-03 1.536318e-02 -5.198590e-03 1.691069e-02 5.602456e-03 -2.829254e-03 -2.904959e-03 2.236906e-03 1.056138e-03 -4.258741e-03 -8.322840e-03 -5.357618e-03 -2.076094e-02 -1.069242e-03 4.270883e-03 6.309089e-03 1.586767e-03 1.914076e-03 -1.821500e-03 4.171097e-04 2.478200e-03 1.579968e-03 -4.215819e-03 -2.665865e-03 -6.239869e-04 1.362369e-03
<VARIANCE> 39
 2.110821e-01 4.266492e-01 4.980638e-01 3.001117e-01 5.356082e-01 2.681684e-01 5.384946e-01 2.258158e-01 2.666610e-01 1.892957e-01 1.872921e-01 1.103563e-01 5.207279e-01 7.177010e-03 1.401444e-02 1.208708e-02 1.562946e-02 1.169580e-02 1.111820e-02 9.334883e-03 1.158842e-02 1.178792e-02 1.068453e-02 1.017019e-02 6.211759e-03 9.376634e-03 1.381879e-03 2.019622e-03 2.044450e-03 2.664986e-03 2.244926e-03 2.147563e-03 1.723031e-03 2.157998e-03 2.145030e-03 1.902592e-03 1.689850e-03 1.208213e-03 1.596424e-03
<GCONST> -8.497803e+01
<STATE> 4
<MEAN> 39
 -1.756081e+00 -6.141061e-01 -1.010238e+00 -7.833624e-01 -7.200275e-01 -7.060987e-01 -4.259472e-01 -3.724920e-01 -2.233656e-01 -1.678219e-01 -3.525363e-02 1.496298e-01 4.470148e+00 -1.273043e-03 1.731993e-03 9.565357e-04 1.260178e-03 -4.044369e-04 -1.872781e-03 2.963660e-03 3.817733e-03 2.567777e-04 -8.919879e-04 -1.098586e-03 -1.747143e-03 -1.564311e-03 5.458058e-04 -4.457286e-04 1.671212e-04 -2.717589e-04 -1.979071e-05 4.210956e-04 -4.805630e-04 -3.855379e-04 1.598570e-04 -2.725912e-04 4.216599e-05 2.046615e-04 8.508523e-04
<VARIANCE> 39
 8.872867e-03 3.768077e-02 2.885817e-02 2.518613e-02 2.925124e-02 8.174663e-02 7.845132e-02 1.291929e-01 2.765852e-02 2.782343e-02 8.458850e-02 4.559420e-02 3.409411e-03 2.845810e-04 5.627584e-04 1.047535e-03 1.262962e-03 1.694719e-03 1.821845e-03 2.068139e-03 2.343854e-03 2.329701e-03 2.179187e-03 2.183236e-03 1.077506e-03 1.181892e-04 5.575980e-05 1.163166e-04 1.921549e-04 2.564923e-04 3.421872e-04 3.647568e-04 4.128050e-04 4.776036e-04 4.735161e-04 4.427901e-04 4.413577e-04 2.172539e-04 2.439700e-05
<GCONST> -1.700654e+02
<STATE> 5
<MEAN> 39
 -1.824559e+00 -5.243281e-01 -8.254052e-01 -5.199447e-01 -4.258429e-01 -4.664799e-01 -1.873693e-01 -5.092487e-01 -3.115541e-01 -1.769234e-01 9.131938e-02 1.376859e-01 3.716321e+00 -1.243297e-02 1.050511e-02 1.189284e-02 1.064789e-02 9.124050e-03 9.499719e-05 6.263942e-05 1.196971e-02 1.308722e-02 -4.388777e-03 -1.137552e-02 -5.479123e-03 -1.171664e-02 5.645031e-03 -1.823400e-03 1.049855e-02 3.516039e-03 3.082091e-04 -5.895717e-04 -9.812156e-04 -5.169482e-03 -4.108964e-03 -2.008856e-03 -1.264392e-03 -7.477158e-04 1.302883e-02
<VARIANCE> 39
 1.131131e-01 1.280704e-01 1.674394e-01 1.419257e-01 1.321874e-01 1.062772e-01 1.389348e-01 1.359903e-01 1.031357e-01 8.555696e-02 1.074571e-01 4.246264e-02 9.182411e-01 2.245384e-03 3.756567e-03 6.153922e-03 6.111940e-03 5.211574e-03 5.707149e-03 5.569766e-03 6.517080e-03 5.876955e-03 5.561548e-03 5.443448e-03 2.736280e-03 1.402725e-03 1.059869e-03 1.259167e-03 1.418130e-03 1.776939e-03 1.388706e-03 1.457341e-03 1.330212e-03 1.425576e-03 1.411279e-03 1.276011e-03 1.179061e-03 6.040924e-04 8.647607e-04
<GCONST> -1.124063e+02
<STATE> 6
<MEAN> 39
 -1.759401e+00 -5.584886e-01 -7.821853e-01 -6.977157e-01 -5.377363e-01 -5.568821e-01 -2.070675e-01 -4.167904e-01 -2.295364e-01 -2.136908e-01 1.820851e-02 1.192315e-01 3.746622e+00 3.052563e-02 -1.929236e-03 7.431814e-02 4.228584e-02 1.470766e-02 -6.961304e-03 -2.635313e-02 -3.492294e-02 -1.703127e-02 -1.632304e-02 -4.432675e-04 -1.283125e-02 8.748130e-02 3.298506e-02 -9.580608e-03 1.600508e-02 1.248781e-02 5.096212e-03 -1.956411e-02 -1.863995e-02 -1.341352e-02 -1.688945e-02 -1.451018e-02 -3.712391e-04 -4.613253e-05 4.826975e-02
<VARIANCE> 39
 1.563317e-01 2.464335e-01 2.641350e-01 2.410733e-01 2.843667e-01 1.912000e-01 2.173358e-01 1.912432e-01 1.489769e-01 1.043729e-01 1.525674e-01 6.514997e-02 9.758781e-01 2.756185e-02 3.435951e-02 2.872201e-02 2.790505e-02 2.154971e-02 2.118520e-02 1.873577e-02 2.102922e-02 1.838299e-02 1.532185e-02 1.661270e-02 7.894040e-03 2.737914e-02 4.937838e-03 6.326962e-03 4.777436e-03 4.846655e-03 4.320035e-03 3.865094e-03 4.103353e-03 4.069793e-03 3.552557e-03 2.694788e-03 3.088034e-03 1.599551e-03 5.025451e-03
<GCONST> -7.167474e+01
<STATE> 7
<MEAN> 39
 -1.222427e+00 -8.384485e-01 -4.205307e-01 -7.093632e-01 -3.864016e-01 -9.143138e-01 -2.365394e-01 -6.512705e-01 -3.238118e-01 -4.703868e-01 -1.395406e-02 1.203270e-01 4.431482e+00 1.182345e-01 -3.236222e-02 5.774045e-02 2.200722e-02 -6.108725e-03 -7.498905e-02 -5.300570e-02 -2.722919e-02 -3.141109e-02 -4.532041e-02 -2.245906e-02 -4.544295e-04 1.816061e-01 7.700961e-03 2.008728e-03 -1.060060e-02 -6.314602e-03 -2.369285e-03 -9.319877e-04 -9.767396e-04 9.446267e-03 6.708014e-03 2.074204e-03 -1.415887e-03 1.039895e-03 -3.593895e-03
<VARIANCE> 39
 7.605516e-01 7.707800e-01 7.255833e-01 6.736996e-01 6.983839e-01 5.187213e-01 7.004575e-01 4.726869e-01 4.588424e-01 3.420705e-01 3.683814e-01 2.161894e-01 1.815635e+00 5.967420e-02 7.581067e-02 5.215893e-02 5.726685e-02 6.109866e-02 4.313162e-02 4.693818e-02 4.115591e-02 4.981180e-02 3.350952e-02 4.120857e-02 2.193079e-02 5.879431e-02 1.045330e-02 1.524441e-02 1.027337e-02 9.868694e-03 1.091708e-02 8.107048e-03 8.145208e-03 8.196332e-03 9.432308e-03 6.684661e-03 8.079245e-03 4.614701e-03 1.183255e-02
<GCONST> -3.631019e+01
<TRANSP> 8
 0.000000e+00 3.256563e-01 6.743438e-01 0.000000e+00 0.000000e+00 0.000000e+00 0.000000e+00 0.000000e+00
 0.000000e+00 8.851983e-01 1.148017e-01 0.000000e+00 0.000000e+00 0.000000e+00 0.000000e+00 0.000000e+00
 0.000000e+00 0.000000e+00 7.926488e-01 8.383588e-02 1.235153e-01 0.000000e+00 0.000000e+00 0.000000e+00
 0.000000e+00 0.000000e+00 0.000000e+00 9.593266e-01 2.817019e-02 1.250325e-02 0.000000e+00 0.000000e+00
 0.000000e+00 0.000000e+00 0.000000e+00 0.000000e+00 7.889744e-01 2.110256e-01 0.000000e+00 0.000000e+00
 0.000000e+00 0.000000e+00 0.000000e+00 0.000000e+00 0.000000e+00 6.141560e-01 3.858440e-01 0.000000e+00
 0.000000e+00 0.000000e+00 0.000000e+00 0.000000e+00 0.000000e+00 0.000000e+00 7.472288e-01 2.527712e-01
 0.000000e+00 0.000000e+00 0.000000e+00 0.000000e+00 0.000000e+00 0.000000e+00 0.000000e+00 0.000000e+00
<ENDHMM>
