~o
<STREAMINFO> 1 39
<VECSIZE> 39<NULLD><MFCC_D_A_0><DIAGC>
~h "tambah"
<BEGINHMM>
<NUMSTATES> 6
<STATE> 2
<MEAN> 39
 9.344330e-01 5.319813e-01 -3.285522e+00 6.765078e-01 -7.452539e+00 -2.516295e+00 1.322679e-03 3.447340e+00 -8.580675e-01 -6.695542e+00 8.266150e-01 5.495851e+00 5.772396e+01 1.195170e+00 7.921895e-01 -5.329722e-01 6.019601e-01 6.216252e-01 -5.187368e-01 -8.975326e-02 1.031488e+00 8.279219e-01 -7.816943e-02 -5.790361e-01 -5.865857e-01 2.988591e-01 -2.466150e-01 2.234897e-01 1.645188e-01 2.478679e-01 3.790443e-01 1.772290e-01 -3.883280e-02 -3.577459e-02 1.248881e-01 1.331758e-01 -2.578330e-01 -4.324854e-01 -2.831547e-01
<VARIANCE> 39
 4.195784e+01 6.150520e+01 2.511734e+01 3.163009e+01 3.702179e+01 4.195247e+01 4.701941e+01 6.206315e+01 3.073157e+01 2.799543e+01 2.525141e+01 3.370479e+01 1.577351e+02 2.475346e+00 1.051091e+01 2.768035e+00 3.733322e+00 7.237817e+00 4.718007e+00 6.798293e+00 6.069285e+00 4.660582e+00 4.388879e+00 4.354139e+00 5.896473e+00 4.868979e+00 4.060432e-01 1.865836e+00 5.630589e-01 7.007070e-01 1.175198e+00 1.152945e+00 1.421946e+00 1.237516e+00 8.933113e-01 8.346830e-01 6.463482e-01 8.042068e-01 7.961056e-01
<GCONST> 1.392790e+02
<STATE> 3
<MEAN> 39
 1.666065e+00 1.407523e+01 -1.041679e+00 9.355648e+00 5.870760e+00 1.650644e-01 -1.949904e+00 4.416114e+00 7.848963e+00 -3.421116e+00 -1.121135e+01 -8.777019e+00 5.782623e+01 -1.415717e-01 6.830126e-01 4.567850e-01 1.378558e-01 2.250556e-01 2.875119e-01 -2.440048e-01 -3.493164e-01 9.046653e-02 -4.864473e-03 -5.669057e-01 -6.201090e-01 -3.817418e-01 1.988605e-01 -3.500961e-01 -6.587300e-02 -4.845028e-01 -7.847545e-01 -1.681925e-01 1.116877e-01 -7.861982e-02 -3.391780e-01 -2.774175e-01 5.461175e-01 9.071459e-01 3.223674e-01
<VARIANCE> 39
 1.167740e+01 8.799360e+00 1.383173e+01 6.684334e+00 1.960337e+01 1.317685e+01 9.460687e+00 9.535616e+01 2.941804e+01 1.211142e+01 2.872018e+01 1.522682e+01 8.786607e+01 3.558697e-01 5.739889e-01 6.461376e-01 2.182467e+00 5.317714e+00 2.099031e+00 1.256414e+00 1.147207e+00 2.856213e+00 1.514980e+00 4.340499e+00 6.220262e+00 4.461311e-01 6.037078e-02 1.691909e-01 1.691229e-01 2.073806e-01 3.528126e-01 3.980833e-01 2.618972e-01 2.713189e-01 3.868364e-01 3.190946e-01 3.785094e-01 4.824032e-01 6.800114e-02
<GCONST> 9.609227e+01
<STATE> 4
<MEAN> 39
 5.129598e+00 6.342932e+00 7.223930e-01 2.855444e+00 -7.608057e+00 5.735992e-01 -2.420591e+00 2.400203e+00 5.047349e+00 -1.112769e+01 -3.487723e+00 8.170902e+00 6.128967e+01 -4.216646e-02 -2.105249e+00 7.266540e-02 -3.639009e-01 -1.073430e+00 9.595428e-01 5.989298e-01 -1.324638e-01 -3.113021e-01 -7.003506e-01 1.720715e+00 2.486807e+00 8.388897e-01 -3.026700e-01 6.379671e-02 -9.736428e-02 4.608701e-01 7.068010e-01 1.001734e-01 4.090987e-01 2.512837e-01 -5.563090e-02 5.443840e-01 -4.041191e-02 -7.622446e-01 -2.788658e-01
<VARIANCE> 39
 1.520590e+01 5.284718e+01 1.654977e+01 2.010866e+01 3.009133e+01 6.418544e+01 1.915708e+01 9.332168e+01 3.327853e+01 2.575039e+01 2.581900e+01 4.936442e+01 8.824948e+01 1.708648e+00 2.078032e+00 2.873206e+00 2.906372e+00 7.327177e+00 6.098165e+00 3.939480e+00 2.497409e+00 4.011889e+00 3.976795e+00 1.827413e+00 6.952559e+00 1.759602e+00 2.202781e-01 6.260934e-01 7.041385e-01 2.885189e-01 6.571059e-01 1.544950e+00 5.958851e-01 4.671320e-01 1.038193e+00 5.095391e-01 3.347775e-01 8.339212e-01 2.595352e-01
<GCONST> 1.248644e+02
<STATE> 5
<MEAN> 39
 -3.635777e+00 -2.291598e-01 -1.852085e-01 6.996122e+00 -2.758832e+00 2.033545e+00 7.058582e+00 3.369825e+00 -2.715016e+00 -3.706125e+00 4.230356e+00 5.804339e+00 5.786668e+01 -8.198564e-01 7.500406e-03 2.516030e-02 1.304715e-01 4.308962e-01 -3.665845e-01 5.203482e-02 -3.041994e-01 -5.314921e-01 5.192230e-01 -6.067316e-02 -7.085096e-01 -4.806095e-01 1.172080e-01 1.113888e-01 6.689348e-02 -8.663475e-02 -1.019866e-01 -5.321259e-03 -3.270333e-01 -1.610267e-01 1.717565e-01 -2.168399e-01 -2.089326e-01 9.094288e-02 5.372662e-02
<VARIANCE> 39
 5.344623e+01 8.186256e+01 6.977636e+01 4.311369e+01 3.653122e+01 7.903381e+01 6.144544e+01 1.205567e+02 4.369296e+01 3.523272e+01 4.123326e+01 2.992259e+01 1.259576e+02 1.858249e+00 5.216982e+00 4.820520e+00 3.597146e+00 3.343346e+00 4.946682e+00 5.677886e+00 3.651291e+00 5.184399e+00 4.841013e+00 3.325177e+00 2.970733e+00 1.617996e+00 2.454505e-01 6.953768e-01 7.482526e-01 5.183096e-01 5.836207e-01 9.063348e-01 7.466731e-01 5.951821e-01 8.019254e-01 8.438016e-01 5.673974e-01 5.290392e-01 2.537495e-01
<GCONST> 1.340692e+02
<TRANSP> 6
 0.000000e+00 9.000936e-01 9.990646e-02 0.000000e+00 0.000000e+00 0.000000e+00
 0.000000e+00 8.937494e-01 1.062506e-01 0.000000e+00 0.000000e+00 0.000000e+00
 0.000000e+00 0.000000e+00 8.797100e-01 1.202900e-01 0.000000e+00 0.000000e+00
 0.000000e+00 0.000000e+00 0.000000e+00 8.555375e-01 1.444625e-01 0.000000e+00
 0.000000e+00 0.000000e+00 0.000000e+00 0.000000e+00 9.110567e-01 8.894328e-02
 0.000000e+00 0.000000e+00 0.000000e+00 0.000000e+00 0.000000e+00 0.000000e+00
<ENDHMM>
