~o
<STREAMINFO> 1 39
<VECSIZE> 39<NULLD><PLP_D_A_0><DIAGC>
~h "tiga"
<BEGINHMM>
<NUMSTATES> 8
<STATE> 2
<MEAN> 39
 -8.804607e-01 -1.208170e+00 -1.936129e-02 2.452231e-01 -2.848544e-01 -1.167517e+00 -1.182184e+00 -8.534845e-01 -3.868744e-01 -5.108254e-01 1.443083e-01 -5.087778e-02 5.003345e+00 1.787979e-01 5.013750e-03 2.119485e-01 3.279967e-01 1.632230e-01 -2.136671e-01 -2.098962e-01 -2.064835e-02 -8.705068e-02 -6.463849e-02 -7.823445e-02 -9.674483e-02 1.722796e-01 -2.444834e-02 7.786324e-02 -3.477615e-02 -9.966232e-03 8.862600e-03 1.517294e-02 7.043330e-02 4.837657e-02 -4.259769e-03 1.590636e-02 -2.743918e-02 -2.537288e-03 -8.805280e-02
<VARIANCE> 39
 2.531477e-01 4.325707e-01 6.153268e-01 8.553383e-01 6.351022e-01 8.106328e-01 6.234848e-01 2.519364e-01 3.075192e-01 3.324733e-01 3.103544e-01 1.461209e-01 1.181648e+00 1.670252e-02 7.181642e-02 3.917795e-02 4.997929e-02 4.572079e-02 5.907184e-02 4.881265e-02 3.555797e-02 3.311667e-02 2.505196e-02 3.521813e-02 1.425958e-02 4.789156e-02 5.734636e-03 1.257445e-02 1.058740e-02 1.498760e-02 9.306713e-03 1.211986e-02 1.429242e-02 6.532119e-03 7.033669e-03 6.614478e-03 5.709951e-03 2.663463e-03 1.054971e-02
<GCONST> -4.413605e+01
<STATE> 3
<MEAN> 39
 -7.446195e-01 -8.934101e-01 7.025114e-01 5.763914e-01 3.574525e-01 -2.039437e+00 -9.507693e-01 -6.552750e-01 -5.263834e-01 -5.213242e-01 -4.110237e-01 -2.731303e-01 5.357105e+00 -3.887168e-02 1.640930e-01 -7.868630e-02 -2.567717e-02 2.688815e-03 1.176740e-01 1.422440e-01 4.354014e-02 3.688867e-02 1.740678e-02 -2.335565e-02 -7.510428e-03 -1.658698e-01 -2.247704e-02 -4.495510e-02 -6.285596e-02 -9.508272e-02 -4.357168e-02 7.419074e-02 3.218993e-02 -3.196779e-02 2.024782e-02 9.435375e-03 3.911946e-02 3.268376e-02 1.229759e-02
<VARIANCE> 39
 9.503587e-02 6.726905e-01 1.015945e+00 9.335904e-01 2.862136e-01 1.332457e+00 5.152978e-01 3.573202e-01 2.303721e-01 2.092922e-01 4.656043e-01 1.393987e-01 8.871023e-01 9.652673e-03 2.415767e-02 3.364272e-02 2.935051e-02 1.756032e-02 5.931379e-02 2.690026e-02 1.857941e-02 2.093959e-02 2.001251e-02 2.990923e-02 1.394822e-02 2.211238e-02 3.094738e-03 1.145200e-02 5.029405e-03 8.680930e-03 6.249444e-03 1.030224e-02 8.338139e-03 3.360166e-03 5.699283e-03 4.447251e-03 5.050468e-03 3.847631e-03 1.046599e-02
<GCONST> -5.520319e+01
<STATE> 4
<MEAN> 39
 -9.632258e-01 -7.880957e-01 -9.907828e-02 1.347785e-01 1.324427e-01 -1.005704e+00 -6.999310e-01 -8.732314e-01 -3.619045e-01 -4.690798e-01 -9.428653e-02 -2.091573e-01 5.022989e+00 8.152283e-02 -2.196353e-01 -9.148572e-02 -2.291532e-01 -9.960819e-02 -1.798218e-03 -8.700746e-02 -1.352807e-01 -5.081272e-02 2.340568e-02 1.411697e-01 1.337021e-01 2.644493e-01 7.817314e-02 -3.189577e-02 1.961642e-02 -1.596297e-02 -4.401457e-02 -7.420722e-02 -5.665141e-02 3.756665e-04 -2.767985e-02 -8.519378e-03 3.691891e-02 4.522174e-02 7.389930e-02
<VARIANCE> 39
 2.262582e-01 7.159338e-01 5.818719e-01 8.903335e-01 4.431492e-01 3.317765e-01 4.959724e-01 4.942089e-01 3.100651e-01 2.712835e-01 1.801539e-01 1.102145e-01 1.103135e+00 2.844374e-02 4.228086e-02 4.180731e-02 3.261376e-02 2.966279e-02 7.321527e-02 6.983067e-02 2.438131e-02 3.913024e-02 3.541470e-02 2.861176e-02 1.768707e-02 3.913515e-02 2.958388e-03 1.509516e-02 1.002278e-02 7.515729e-03 6.543419e-03 1.343921e-02 1.362710e-02 8.048593e-03 7.898929e-03 8.637642e-03 6.985468e-03 3.327604e-03 1.205297e-02
<GCONST> -4.630791e+01
<STATE> 5
<MEAN> 39
 -1.715500e-01 -1.295044e+00 -2.426085e-01 -5.302103e-01 -3.582987e-01 -1.527345e+00 -1.139241e+00 -1.167434e+00 -6.720927e-01 -3.331810e-01 5.349944e-01 4.296793e-01 5.975555e+00 2.016831e-01 -2.048354e-02 -1.538764e-01 -2.460517e-01 -2.305253e-01 -3.041741e-02 1.462886e-01 1.001397e-01 -1.301205e-02 2.108221e-02 1.033859e-01 1.993252e-01 1.095101e-01 -4.641889e-02 7.380898e-02 -1.048058e-02 2.809443e-02 1.942809e-02 5.628337e-02 9.842175e-02 6.852879e-02 4.739024e-02 -1.984995e-02 -8.087669e-02 -5.441564e-02 -1.011993e-01
<VARIANCE> 39
 1.157997e-01 5.618866e-01 4.741935e-01 9.701076e-01 3.397463e-01 1.105323e+00 8.783693e-01 4.982133e-01 2.374214e-01 6.315191e-01 3.571432e-01 1.690054e-01 9.507345e-01 1.404890e-02 2.345688e-02 3.238829e-02 2.007844e-02 2.167149e-02 5.234619e-02 5.115538e-02 2.628332e-02 3.834954e-02 4.861770e-02 3.884054e-02 2.270293e-02 1.625139e-02 2.546048e-03 6.560449e-03 5.622124e-03 4.965547e-03 6.058963e-03 1.203966e-02 8.834324e-03 5.755391e-03 6.182504e-03 7.295549e-03 5.243752e-03 5.357833e-03 3.276933e-03
<GCONST> -5.168605e+01
<STATE> 6
<MEAN> 39
 -1.359774e-01 -1.128578e+00 -1.013244e+00 -1.183697e+00 -9.512180e-01 -1.323368e+00 -2.194783e-01 -5.734928e-01 -3.671046e-01 -2.548207e-01 5.248002e-01 6.803355e-01 5.925360e+00 -5.347582e-02 9.276021e-02 -1.852779e-02 -4.383488e-03 -3.664356e-02 1.069519e-01 1.079565e-01 6.000889e-02 3.779239e-02 -6.865823e-02 -7.727762e-02 -7.169543e-03 -1.415071e-01 -4.375629e-02 3.380224e-02 3.824649e-02 5.761556e-02 5.396271e-02 9.189643e-03 -3.336208e-02 -2.010900e-02 -1.269000e-02 -8.578693e-03 -1.872771e-02 -3.939681e-02 -4.837506e-02
<VARIANCE> 39
 1.626108e-01 6.031711e-01 6.670051e-01 8.663764e-01 2.364157e-01 5.904669e-01 8.133937e-01 6.423550e-01 3.298221e-01 4.564017e-01 2.936229e-01 1.460793e-01 6.562348e-01 9.153468e-03 2.325603e-02 1.514140e-02 1.536957e-02 1.375767e-02 1.791756e-02 2.544399e-02 2.207251e-02 2.031288e-02 1.790005e-02 1.651667e-02 1.490164e-02 1.792213e-02 2.014815e-03 2.901687e-03 3.105255e-03 3.497584e-03 3.794462e-03 4.434627e-03 4.341907e-03 3.760549e-03 4.064165e-03 4.528687e-03 3.478653e-03 4.109904e-03 3.780999e-03
<GCONST> -6.527065e+01
<STATE> 7
<MEAN> 39
 -4.508774e-01 -5.013703e-01 -5.334664e-01 -8.216322e-01 -5.267439e-01 -9.238434e-01 -2.507199e-01 -6.951538e-01 -5.611801e-01 -7.901949e-01 -4.421012e-02 3.065315e-01 4.998781e+00 -6.237820e-02 1.298374e-02 -2.356816e-02 7.120795e-03 4.342581e-02 -1.405916e-02 -1.110259e-02 1.362018e-02 -1.595118e-02 2.229061e-02 -1.059260e-02 -3.291367e-02 -6.068998e-02 7.639889e-03 -4.649729e-02 -7.496437e-03 -1.906158e-02 -1.853731e-02 -2.005637e-02 -8.496193e-03 -7.752745e-03 6.543162e-03 2.149722e-02 2.381065e-02 1.886416e-02 4.466655e-02
<VARIANCE> 39
 4.132651e-01 5.807076e-01 3.709036e-01 6.109884e-01 4.006999e-01 4.862349e-01 6.734895e-01 4.720421e-01 4.131952e-01 3.686161e-01 3.254198e-01 3.172023e-01 1.183081e+00 2.145763e-02 5.442332e-02 2.803128e-02 3.420110e-02 4.158230e-02 3.974155e-02 3.414057e-02 3.755739e-02 3.553774e-02 3.922862e-02 3.016483e-02 4.545267e-02 5.952711e-02 4.413298e-03 7.750553e-03 4.487708e-03 6.042209e-03 7.827449e-03 7.182677e-03 6.900191e-03 6.760172e-03 7.768876e-03 6.848885e-03 4.958470e-03 8.682739e-03 8.174914e-03
<GCONST> -4.601545e+01
<TRANSP> 8
 0.000000e+00 7.332345e-01 2.667655e-01 0.000000e+00 0.000000e+00 0.000000e+00 0.000000e+00 0.000000e+00
 0.000000e+00 6.827906e-01 3.172094e-01 0.000000e+00 0.000000e+00 0.000000e+00 0.000000e+00 0.000000e+00
 0.000000e+00 0.000000e+00 6.847234e-01 3.152767e-01 0.000000e+00 0.000000e+00 0.000000e+00 0.000000e+00
 0.000000e+00 0.000000e+00 0.000000e+00 6.566169e-01 3.433831e-01 0.000000e+00 0.000000e+00 0.000000e+00
 0.000000e+00 0.000000e+00 0.000000e+00 0.000000e+00 6.210478e-01 3.789522e-01 0.000000e+00 0.000000e+00
 0.000000e+00 0.000000e+00 0.000000e+00 0.000000e+00 0.000000e+00 7.452078e-01 2.547922e-01 0.000000e+00
 0.000000e+00 0.000000e+00 0.000000e+00 0.000000e+00 0.000000e+00 0.000000e+00 7.943918e-01 2.056082e-01
 0.000000e+00 0.000000e+00 0.000000e+00 0.000000e+00 0.000000e+00 0.000000e+00 0.000000e+00 0.000000e+00
<ENDHMM>
