~o
<STREAMINFO> 1 39
<VECSIZE> 39<NULLD><MFCC_D_A_0><DIAGC>
~h "belas"
<BEGINHMM>
<NUMSTATES> 6
<STATE> 2
<MEAN> 39
 2.627319e+00 1.203988e+00 -5.533315e+00 1.581173e+00 -2.593731e+00 -6.258951e+00 -3.113191e+00 -3.506771e+00 -2.442413e+00 -4.814850e+00 1.111422e+00 7.026596e+00 7.342021e+01 4.272498e-02 -2.983272e-01 -2.564604e-02 -3.066521e-01 -2.531553e-01 1.166446e-02 4.372852e-02 -7.950494e-02 8.932168e-02 2.592489e-01 3.732138e-01 2.931185e-01 2.537372e-01 -8.579458e-02 3.379146e-02 1.079667e-01 -4.438978e-03 5.001037e-02 1.001757e-01 4.541120e-02 9.303232e-03 -2.499516e-02 -7.314923e-03 1.000157e-02 -6.288827e-02 -4.866079e-02
<VARIANCE> 39
 1.430564e+01 5.382322e+01 7.526936e+01 7.017944e+01 6.396202e+01 6.449841e+01 3.283816e+01 5.590880e+01 6.251084e+01 5.367559e+01 4.242107e+01 4.526328e+01 5.146105e+01 5.003784e-01 1.309446e+00 1.303012e+00 1.500514e+00 1.876141e+00 2.025851e+00 1.772507e+00 1.549725e+00 2.766626e+00 2.120376e+00 1.621692e+00 1.541896e+00 6.499406e-01 8.741698e-02 1.766847e-01 1.748821e-01 2.275417e-01 2.444187e-01 3.193032e-01 3.126754e-01 2.567235e-01 4.160438e-01 3.652869e-01 2.658206e-01 2.624684e-01 7.410446e-02
<GCONST> 1.075872e+02
<STATE> 3
<MEAN> 39
 -9.754611e+00 -9.866270e+00 1.065871e+01 -2.006343e+01 9.178103e+00 -1.195046e+01 1.808194e+01 -1.388458e+01 5.286813e+00 -6.217295e+00 3.741149e+00 -2.264674e+00 8.003804e+01 -2.489058e-01 1.029286e-01 1.083452e-01 -5.781477e-02 1.558671e-01 2.624515e-01 5.802798e-02 2.192213e-01 2.826309e-01 9.803374e-02 2.588894e-01 -8.297181e-02 -2.584619e-01 2.799354e-02 1.248198e-02 1.218526e-02 3.902223e-02 9.563037e-03 -1.677935e-03 -3.204227e-02 -8.674896e-03 -5.108513e-02 -8.830045e-03 -3.451816e-02 8.625501e-03 -2.143470e-02
<VARIANCE> 39
 1.444218e+02 4.923395e+01 8.494270e+01 4.334862e+01 1.396363e+02 8.485207e+01 4.751816e+01 6.342722e+01 7.342887e+01 4.413351e+01 5.941706e+01 4.183588e+01 6.108273e+01 4.721018e+00 2.568284e+00 3.544165e+00 2.736060e+00 4.490287e+00 2.671134e+00 3.987672e+00 3.590012e+00 4.074388e+00 3.287856e+00 3.733473e+00 3.033684e+00 2.150353e+00 5.341165e-01 3.395503e-01 4.095869e-01 4.049196e-01 5.035927e-01 4.035000e-01 6.595268e-01 5.983989e-01 6.258431e-01 5.752625e-01 6.339766e-01 5.368505e-01 3.011029e-01
<GCONST> 1.325365e+02
<STATE> 4
<MEAN> 39
 -6.480273e+00 -4.827276e+00 4.776220e+00 -4.276305e-01 -4.097738e+00 1.438069e+00 -1.821557e+00 -2.547514e+00 -1.680447e+00 -5.143157e+00 2.511771e+00 4.575819e+00 6.183786e+01 -1.033307e+00 -3.187319e-01 4.200331e-01 -4.644684e-01 -1.562883e-01 1.268448e-01 1.075687e-01 -2.658064e-01 -1.472284e-01 1.631746e-01 -3.180532e-02 -3.097653e-01 -1.965882e-01 8.933902e-03 -2.095549e-02 -9.686891e-02 -3.282841e-02 -3.582671e-02 -9.091174e-02 -4.718516e-02 -1.214074e-02 3.652136e-02 -3.103764e-02 -4.179205e-02 2.959992e-02 3.251103e-02
<VARIANCE> 39
 1.288269e+02 1.138201e+02 8.450858e+01 7.739283e+01 6.544453e+01 7.428865e+01 5.601220e+01 7.020154e+01 6.974565e+01 6.476929e+01 5.925608e+01 5.066148e+01 1.492150e+02 5.504188e+00 5.746153e+00 5.886283e+00 4.308990e+00 4.717724e+00 5.214850e+00 3.368133e+00 3.444422e+00 4.390304e+00 4.021937e+00 3.372177e+00 3.112132e+00 2.312738e+00 5.760009e-01 8.298061e-01 7.880135e-01 7.582640e-01 8.586538e-01 9.068413e-01 6.041446e-01 6.669911e-01 7.771026e-01 7.039883e-01 5.538821e-01 5.107445e-01 3.393343e-01
<GCONST> 1.412931e+02
<STATE> 5
<MEAN> 39
 -1.903255e+01 -4.750885e+00 2.802751e+00 -8.701111e+00 -4.436006e+00 -4.236246e-01 -2.904478e-01 -6.633325e+00 -7.279601e-01 -8.839498e-01 2.443826e+00 1.081052e+00 6.841135e+01 1.334784e-01 1.557954e-01 -3.103290e-01 3.596033e-01 1.230829e-01 1.551552e-01 4.698813e-02 1.853832e-01 2.824061e-02 4.532386e-02 -8.339290e-02 -5.168789e-02 -5.808274e-01 1.378617e-01 6.832332e-02 -6.890826e-02 8.809753e-02 3.611860e-02 5.024237e-03 5.134847e-03 4.284985e-02 -9.138264e-03 -8.463789e-03 3.913403e-03 7.486474e-03 -2.155590e-02
<VARIANCE> 39
 2.759160e+01 3.791466e+01 6.145141e+01 4.787156e+01 3.254596e+01 3.296218e+01 3.746188e+01 1.805509e+01 2.553202e+01 2.527646e+01 1.487114e+01 2.339862e+01 7.955691e+01 8.574600e-01 8.794778e-01 1.173087e+00 1.039730e+00 9.860615e-01 9.809619e-01 1.082687e+00 1.036425e+00 1.167561e+00 9.932998e-01 1.041698e+00 9.048284e-01 7.417016e-01 1.241655e-01 1.247479e-01 1.702615e-01 1.971884e-01 1.877968e-01 2.007113e-01 2.114844e-01 2.161132e-01 2.183408e-01 2.094285e-01 2.045203e-01 1.763966e-01 8.455971e-02
<GCONST> 9.379562e+01
<TRANSP> 6
 0.000000e+00 7.967123e-01 2.032877e-01 0.000000e+00 0.000000e+00 0.000000e+00
 0.000000e+00 9.266766e-01 2.374817e-03 7.094853e-02 0.000000e+00 0.000000e+00
 0.000000e+00 0.000000e+00 9.701806e-01 2.981941e-02 0.000000e+00 0.000000e+00
 0.000000e+00 0.000000e+00 0.000000e+00 9.241170e-01 3.962126e-02 3.626183e-02
 0.000000e+00 0.000000e+00 0.000000e+00 0.000000e+00 9.492851e-01 5.071484e-02
 0.000000e+00 0.000000e+00 0.000000e+00 0.000000e+00 0.000000e+00 0.000000e+00
<ENDHMM>
