~o
<STREAMINFO> 1 39
<VECSIZE> 39<NULLD><MFCC_D_A_0><DIAGC>
~h "dua"
<BEGINHMM>
<NUMSTATES> 6
<STATE> 2
<MEAN> 39
 -1.917617e+00 6.156969e+00 -5.810404e-01 9.061322e+00 7.834368e+00 3.410437e+00 -5.449627e+00 3.840521e+00 4.933657e+00 -5.463524e+00 -4.027606e+00 1.770762e+00 5.353361e+01 1.169591e+00 -6.320404e-02 3.316485e-01 -4.664614e-01 -2.807653e-01 2.402688e-01 -1.114632e+00 1.387646e-01 6.509488e-01 -1.491108e+00 -9.079553e-01 -3.774205e-02 1.026370e+00 -1.150816e-01 -5.548441e-02 2.149704e-01 -1.954722e-01 -4.662628e-01 -1.718955e-01 -2.081074e-03 2.436594e-01 1.704202e-01 -1.286945e-01 2.945940e-04 -3.644567e-02 -1.230679e-02
<VARIANCE> 39
 5.307521e+01 7.141453e+01 3.942380e+01 3.411632e+01 6.278159e+01 5.117609e+01 8.523470e+01 4.512566e+01 8.174785e+01 8.035568e+01 4.790088e+01 3.781903e+01 1.125949e+02 2.584028e+00 6.143747e+00 6.653958e+00 4.200348e+00 7.266842e+00 4.580081e+00 8.396121e+00 4.841632e+00 7.768788e+00 7.479393e+00 4.716908e+00 4.255423e+00 2.362968e+00 3.968990e-01 1.236943e+00 1.330468e+00 6.141996e-01 9.809397e-01 9.977731e-01 1.877084e+00 9.376133e-01 1.459459e+00 1.539751e+00 1.109183e+00 6.771531e-01 4.370475e-01
<GCONST> 1.450202e+02
<STATE> 3
<MEAN> 39
 3.896332e+00 6.034604e+00 5.052941e+00 2.499924e+00 -4.982687e+00 -7.241591e-01 -1.159014e+01 6.808325e+00 1.189039e+01 -1.264394e+01 -7.719570e+00 3.021883e+00 6.219352e+01 2.432144e-01 -3.278119e-01 -9.357014e-02 -2.844491e-01 -1.115091e+00 -9.432573e-01 1.730569e-02 2.143596e-01 1.889131e-01 2.974971e-01 1.507647e-01 3.682659e-01 3.009028e-01 -2.124381e-02 1.655295e-03 -2.892116e-01 1.620316e-01 3.265651e-01 -7.365352e-02 1.346699e-01 -8.391863e-02 -2.769879e-01 2.431531e-01 1.364017e-01 -6.483548e-03 -7.980198e-02
<VARIANCE> 39
 1.800921e+01 4.153762e+01 4.097398e+01 1.978797e+01 7.581400e+01 3.707747e+01 3.658706e+01 4.094976e+01 6.454669e+01 8.999387e+01 2.714806e+01 6.982339e+01 6.260231e+01 3.223705e-01 1.850188e+00 1.704760e+00 1.628986e+00 2.254210e+00 2.137503e+00 2.671845e+00 2.360594e+00 2.302694e+00 2.428394e+00 1.861105e+00 2.375107e+00 5.749167e-01 5.701517e-02 2.969693e-01 2.315445e-01 2.644434e-01 3.810523e-01 3.318109e-01 3.855728e-01 4.700499e-01 4.205849e-01 5.799403e-01 3.981016e-01 5.332792e-01 9.631490e-02
<GCONST> 1.112215e+02
<STATE> 4
<MEAN> 39
 2.296418e+00 -3.776216e+00 -1.299947e+01 -2.285637e+00 -1.765749e+00 -1.238528e+01 -7.555759e+00 9.003407e+00 2.696473e+00 1.911047e-01 2.082667e+00 5.195489e+00 7.405589e+01 -2.764718e-01 -5.961271e-03 -3.958203e-01 -1.655835e-01 -7.885752e-02 2.727232e-01 6.077579e-01 6.893835e-02 -1.279680e-01 3.055328e-02 2.014840e-01 3.074092e-01 -3.065876e-01 -7.343601e-02 1.047885e-01 1.229005e-01 6.116684e-02 4.512830e-02 1.514496e-01 3.760611e-02 -4.479444e-02 4.522089e-02 2.500357e-03 -5.085400e-02 -9.919126e-02 -8.607827e-02
<VARIANCE> 39
 1.344392e+01 2.943099e+01 4.608166e+01 1.463305e+01 1.466724e+01 5.292706e+01 3.742782e+01 2.381483e+01 1.873624e+01 2.765429e+01 2.056370e+01 2.063259e+01 2.246475e+01 3.879423e-01 1.240867e+00 1.077603e+00 6.548554e-01 6.078159e-01 1.489617e+00 1.287225e+00 1.330132e+00 1.274718e+00 1.247336e+00 1.533333e+00 1.153694e+00 6.454344e-01 3.076019e-02 1.081644e-01 1.083124e-01 1.085307e-01 1.129635e-01 2.390591e-01 2.743023e-01 2.369635e-01 2.230549e-01 2.240212e-01 2.548567e-01 1.766706e-01 4.209273e-02
<GCONST> 8.722739e+01
<STATE> 5
<MEAN> 39
 3.703621e-01 8.818747e+00 -1.350140e+00 4.794125e+00 -2.749658e+00 -3.292277e+00 -3.517536e-02 7.602108e+00 3.310452e+00 -8.416021e+00 -5.412068e+00 2.991010e+00 5.200104e+01 -6.270006e-01 3.457713e-01 -2.444120e-01 1.925987e-01 7.506217e-01 -4.345879e-02 5.209653e-01 -1.274144e-01 -8.326686e-01 7.447442e-01 2.054884e-01 -6.652130e-01 -6.473835e-01 4.733668e-02 -9.293672e-02 1.293885e-01 -1.244235e-01 -1.128673e-01 1.485663e-01 -2.226090e-01 -1.045018e-01 1.660538e-01 -1.327307e-01 -2.018722e-02 7.393565e-02 1.020681e-01
<VARIANCE> 39
 5.588807e+01 4.722500e+01 4.656134e+01 4.836401e+01 4.690560e+01 4.995293e+01 4.568673e+01 7.213440e+01 6.123862e+01 4.721172e+01 3.994413e+01 4.523790e+01 8.501591e+01 2.637799e+00 3.937585e+00 3.967052e+00 4.104270e+00 5.287510e+00 4.619610e+00 4.790810e+00 4.182225e+00 5.734210e+00 4.254375e+00 3.441020e+00 4.203306e+00 2.728379e+00 3.793176e-01 5.724223e-01 6.457459e-01 7.049767e-01 8.250924e-01 7.423868e-01 7.437782e-01 6.534474e-01 9.645365e-01 6.155367e-01 6.343598e-01 6.701518e-01 3.029248e-01
<GCONST> 1.351429e+02
<TRANSP> 6
 0.000000e+00 7.641485e-01 2.358515e-01 0.000000e+00 0.000000e+00 0.000000e+00
 0.000000e+00 8.616187e-01 1.383813e-01 0.000000e+00 0.000000e+00 0.000000e+00
 0.000000e+00 0.000000e+00 8.951395e-01 4.369223e-02 6.116829e-02 0.000000e+00
 0.000000e+00 0.000000e+00 0.000000e+00 9.466573e-01 2.131197e-02 3.203069e-02
 0.000000e+00 0.000000e+00 0.000000e+00 0.000000e+00 9.003720e-01 9.962791e-02
 0.000000e+00 0.000000e+00 0.000000e+00 0.000000e+00 0.000000e+00 0.000000e+00
<ENDHMM>
