~o
<STREAMINFO> 1 39
<VECSIZE> 39<NULLD><MFCC_D_A_0><DIAGC>
~h "enam"
<BEGINHMM>
<NUMSTATES> 6
<STATE> 2
<MEAN> 39
 -1.396917e+00 6.697816e+00 -2.209874e+00 1.316970e+01 1.243040e+01 8.452626e-01 -5.016541e+00 3.520625e+00 1.029240e+00 -4.298916e+00 -3.562653e+00 1.196023e+00 5.753923e+01 7.839895e-01 -8.940015e-02 -2.100033e-01 1.941294e-03 1.128312e-01 3.751714e-02 1.032375e-02 4.952792e-02 6.913840e-02 -1.176038e-01 4.096550e-02 2.528258e-01 6.198668e-01 3.453130e-02 -2.388569e-01 -1.318526e-01 -3.535811e-01 -3.920990e-01 -1.812551e-03 1.110164e-01 6.960192e-02 5.004942e-02 -2.395260e-02 2.265927e-01 2.040258e-01 1.305249e-01
<VARIANCE> 39
 3.130917e+01 2.318490e+01 1.717625e+01 2.538106e+01 3.332683e+01 2.734834e+01 2.775817e+01 4.951195e+01 2.609814e+01 1.993950e+01 2.833876e+01 2.799758e+01 1.054310e+02 1.242501e+00 2.179187e+00 1.924487e+00 3.510050e+00 3.701404e+00 2.098374e+00 3.465328e+00 1.684255e+00 1.959490e+00 1.885086e+00 2.646245e+00 2.804518e+00 9.958480e-01 1.846008e-01 2.329159e-01 2.925871e-01 3.783127e-01 3.432211e-01 4.269714e-01 5.224273e-01 3.490184e-01 3.908328e-01 3.165095e-01 3.835960e-01 4.231015e-01 1.188648e-01
<GCONST> 1.109912e+02
<STATE> 3
<MEAN> 39
 6.755093e+00 2.385420e-01 -3.154103e+00 1.981204e+00 -4.100518e+00 3.260492e+00 -1.495471e+00 7.026095e+00 7.806695e+00 -8.402775e+00 1.680566e+00 1.076323e+01 6.062350e+01 4.209381e-04 -1.370222e-01 -3.205688e-01 -4.256537e-01 -3.258010e-01 -2.547109e-01 3.799263e-01 7.185371e-01 7.595876e-01 2.495547e-01 -2.457712e-01 5.760056e-02 7.807986e-02 -1.651790e-01 2.842190e-01 5.189732e-02 4.876665e-01 6.337135e-01 -6.387445e-02 -4.206301e-02 5.279265e-02 -1.254091e-01 2.545138e-02 -4.344035e-01 -5.347019e-01 -2.693771e-01
<VARIANCE> 39
 1.087442e+01 3.483043e+01 3.680859e+01 2.804826e+01 6.463268e+01 4.319248e+01 2.115183e+01 5.579608e+01 3.194142e+01 4.676202e+01 4.237728e+01 2.985781e+01 7.885499e+01 6.168907e-01 2.864812e+00 2.654802e+00 6.081435e+00 9.975507e+00 4.229183e+00 2.345733e+00 3.142073e+00 2.366546e+00 2.157007e+00 5.111341e+00 7.266285e+00 1.511398e+00 8.289214e-02 2.554176e-01 3.603587e-01 4.568753e-01 6.745349e-01 7.224155e-01 4.932766e-01 5.176052e-01 4.403037e-01 4.130692e-01 5.876203e-01 6.036460e-01 1.000087e-01
<GCONST> 1.203432e+02
<STATE> 4
<MEAN> 39
 9.851816e-01 1.319850e+00 -8.529074e+00 3.730413e+00 5.846449e+00 1.596201e+00 2.020629e+00 1.025864e+01 4.602031e+00 -4.172113e+00 -2.404674e+00 3.992865e+00 6.807687e+01 -3.523622e-01 4.897529e-01 3.560927e-01 4.365983e-01 3.775812e-01 2.274783e-01 1.495214e-01 4.173309e-03 -2.561168e-01 -7.836994e-02 -4.037719e-01 -7.583023e-01 -4.806996e-01 -1.085026e-02 2.212250e-02 7.329772e-02 -5.264059e-02 -1.114653e-01 1.688084e-02 -5.295217e-02 -1.058126e-01 -4.899096e-04 1.409174e-02 8.973932e-02 1.130942e-01 -1.650726e-03
<VARIANCE> 39
 1.586129e+01 6.379424e+01 3.539359e+01 4.245824e+01 2.036726e+01 1.874630e+01 1.438084e+01 4.595187e+01 2.626047e+01 1.422726e+01 3.106701e+01 5.056602e+01 8.404217e+01 1.943845e-01 4.292641e-01 4.913033e-01 1.071150e+00 1.228003e+00 9.174895e-01 7.878370e-01 9.832813e-01 9.697192e-01 9.050656e-01 1.184552e+00 1.626260e+00 1.577146e-01 2.359194e-02 7.397063e-02 9.526984e-02 2.115350e-01 2.506851e-01 1.683351e-01 1.509681e-01 1.636435e-01 1.893222e-01 1.872953e-01 1.867985e-01 3.218014e-01 2.838179e-02
<GCONST> 8.464638e+01
<STATE> 5
<MEAN> 39
 -2.931527e+00 9.882493e+00 2.444000e-01 8.278796e+00 5.372465e+00 3.151848e+00 1.285227e+00 6.545603e+00 3.944680e+00 -4.780484e+00 -6.890969e+00 -2.976090e+00 5.347916e+01 -3.078757e-01 -5.351796e-01 4.370388e-02 -6.251946e-01 -8.846238e-01 -2.251230e-01 -3.930317e-01 -7.257060e-01 -4.674720e-01 -8.250564e-02 4.040272e-01 5.569563e-01 2.808015e-02 9.346964e-02 -1.685771e-01 -5.644483e-02 -6.928560e-02 -1.167078e-01 -1.275687e-01 -1.276692e-01 -1.031286e-01 -1.273691e-01 -2.037744e-02 8.172650e-02 1.116625e-01 1.450560e-01
<VARIANCE> 39
 4.792041e+01 4.499642e+01 2.298631e+01 3.385987e+01 4.663708e+01 2.881511e+01 4.261697e+01 6.348955e+01 5.668570e+01 5.094516e+01 4.795490e+01 4.826428e+01 9.312446e+01 1.295962e+00 2.924394e+00 2.113459e+00 2.390350e+00 3.373025e+00 3.071580e+00 3.196674e+00 3.158708e+00 4.596749e+00 4.095241e+00 3.270084e+00 3.486563e+00 1.312627e+00 1.677667e-01 3.501027e-01 3.650563e-01 4.448329e-01 5.512043e-01 5.091121e-01 5.138727e-01 4.474394e-01 8.407093e-01 7.238314e-01 6.514134e-01 5.542918e-01 1.865925e-01
<GCONST> 1.240219e+02
<TRANSP> 6
 0.000000e+00 8.749934e-01 1.250066e-01 0.000000e+00 0.000000e+00 0.000000e+00
 0.000000e+00 9.183741e-01 8.162585e-02 0.000000e+00 0.000000e+00 0.000000e+00
 0.000000e+00 0.000000e+00 8.705574e-01 1.294426e-01 0.000000e+00 0.000000e+00
 0.000000e+00 0.000000e+00 0.000000e+00 9.210243e-01 6.711456e-02 1.186122e-02
 0.000000e+00 0.000000e+00 0.000000e+00 0.000000e+00 8.888037e-01 1.111963e-01
 0.000000e+00 0.000000e+00 0.000000e+00 0.000000e+00 0.000000e+00 0.000000e+00
<ENDHMM>
