~o
<STREAMINFO> 1 39
<VECSIZE> 39<NULLD><MFCC_D_A_0><DIAGC>
~h "kali"
<BEGINHMM>
<NUMSTATES> 6
<STATE> 2
<MEAN> 39
 1.235801e+00 -4.621948e+00 2.498168e+00 6.148762e+00 -2.140397e+00 3.349753e+00 -7.175058e+00 -3.351316e+00 -8.886616e-01 -8.635942e+00 1.575648e+00 4.932579e+00 5.739422e+01 4.345035e-01 1.041707e-01 -1.488263e-01 6.191496e-01 4.303870e-01 -4.774600e-01 -4.357387e-01 2.822118e-02 1.017521e-01 4.051324e-01 2.149506e-01 -2.728659e-03 1.629938e-01 8.295272e-03 1.216281e-01 -1.032597e-01 -2.144349e-02 -1.818377e-02 -5.680389e-02 9.465260e-02 1.895523e-01 7.287347e-02 -1.218406e-02 -1.534236e-02 5.674887e-02 -7.684695e-02
<VARIANCE> 39
 5.891765e+01 4.602131e+01 5.283372e+01 1.285861e+02 5.879395e+01 4.855603e+01 5.979805e+01 3.720720e+01 5.559357e+01 8.012361e+01 2.475482e+01 2.819944e+01 4.996280e+01 3.735713e+00 5.956576e+00 4.576604e+00 6.568939e+00 5.558217e+00 6.932682e+00 6.087674e+00 4.906496e+00 7.644521e+00 3.559150e+00 2.765616e+00 3.445055e+00 2.750868e+00 4.503663e-01 1.071496e+00 7.950016e-01 1.140810e+00 1.045952e+00 1.314441e+00 1.217932e+00 9.238929e-01 1.535446e+00 6.928281e-01 5.705140e-01 7.155867e-01 4.260097e-01
<GCONST> 1.409781e+02
<STATE> 3
<MEAN> 39
 4.068500e+00 -5.236500e+00 -1.420600e+01 -6.135532e+00 -1.732137e+00 -4.298769e+00 -5.720293e+00 3.156507e+00 2.858580e+00 1.599206e+00 6.732278e+00 1.167549e+01 7.624894e+01 4.629889e-01 3.030177e-01 -4.413916e-01 4.756714e-01 -7.685713e-02 -3.732037e-01 -1.951473e-01 -3.706022e-02 -8.331996e-01 -8.598891e-01 2.134399e-01 4.632990e-01 -1.004103e-01 -3.765414e-01 6.278158e-02 3.028285e-01 2.171331e-01 3.094414e-01 1.600593e-01 1.274462e-02 -2.950181e-01 -3.536560e-01 -1.496865e-02 -6.393453e-02 -3.488895e-01 -2.106050e-01
<VARIANCE> 39
 1.669109e+00 8.095272e+00 7.458829e+00 1.817743e+01 4.985042e+00 2.147758e+01 1.376076e+01 1.855441e+01 2.318094e+01 1.537206e+01 1.165916e+01 9.725712e+00 1.715192e+00 7.206058e-01 9.055275e-01 1.651994e+00 2.116286e+00 1.317835e+00 1.824317e+00 2.255604e+00 2.979114e+00 3.162436e+00 1.188665e+00 1.102755e+00 2.012570e+00 4.754086e-01 1.843182e-01 1.455910e-01 1.851569e-01 3.095963e-01 9.257424e-02 4.014224e-01 4.641214e-01 4.279728e-01 3.048486e-01 2.479325e-01 2.189727e-01 1.744274e-01 4.923555e-02
<GCONST> 8.529280e+01
<STATE> 4
<MEAN> 39
 -5.770152e-01 -4.392508e+00 -7.227557e+00 9.632351e+00 9.728827e+00 -5.516136e+00 -1.015286e+01 1.112656e+00 -6.593749e+00 -1.929017e+00 6.450459e+00 4.193483e+00 7.063839e+01 -5.409187e-01 1.217264e-01 4.331132e-01 7.484773e-01 7.515987e-01 1.362628e-01 6.050848e-02 1.778907e-01 7.150794e-02 5.841800e-02 -3.223484e-01 -5.439388e-01 -4.067514e-01 -2.334598e-02 -1.760277e-02 9.130317e-02 -1.620546e-01 -1.223264e-01 1.248709e-01 4.805834e-02 -1.965886e-02 1.938310e-01 1.867116e-02 -7.351568e-02 2.252723e-02 4.835020e-02
<VARIANCE> 39
 1.309300e+01 1.781773e+01 2.103230e+01 3.593977e+01 2.888272e+01 1.214822e+01 2.288511e+01 1.140157e+01 1.607924e+01 1.061193e+01 1.500136e+01 1.211424e+01 3.730593e+01 2.984912e-01 2.038236e+00 1.510954e+00 1.864389e+00 2.525731e+00 1.471750e+00 3.086356e+00 1.573830e+00 1.742549e+00 1.011260e+00 1.224419e+00 1.168508e+00 5.025364e-01 6.238184e-02 2.927584e-01 2.092453e-01 2.584550e-01 3.538732e-01 2.942805e-01 5.744799e-01 2.932595e-01 2.653300e-01 2.212397e-01 2.624801e-01 1.978072e-01 7.995854e-02
<GCONST> 9.352935e+01
<STATE> 5
<MEAN> 39
 9.453966e-01 6.504332e+00 2.091501e-02 1.046781e+01 6.084121e+00 -1.373990e+00 -5.942670e+00 3.424759e+00 3.471695e+00 -4.908350e+00 -3.722932e+00 7.483842e-01 5.184019e+01 -5.032077e-02 -6.891120e-02 4.090240e-01 -9.904917e-01 -6.159018e-01 4.304200e-01 1.301462e-01 -1.458531e-01 5.527446e-01 -4.053705e-01 -4.914421e-01 5.574488e-02 3.778367e-01 5.643770e-02 -2.588848e-01 3.741190e-02 2.281397e-02 -9.353630e-02 -1.796432e-02 -1.163775e-01 -6.307971e-02 -6.403196e-02 -5.294861e-02 1.189423e-01 9.635693e-02 1.652718e-01
<VARIANCE> 39
 6.019154e+01 6.962230e+01 3.997766e+01 5.450775e+01 6.527464e+01 3.547179e+01 2.621338e+01 4.357026e+01 4.673750e+01 5.465971e+01 4.894001e+01 5.236544e+01 9.885354e+01 3.301512e+00 5.112432e+00 4.503361e+00 3.284353e+00 4.152443e+00 2.847958e+00 3.448902e+00 2.691889e+00 4.516943e+00 3.550619e+00 4.323751e+00 4.181962e+00 2.320619e+00 4.078127e-01 7.189065e-01 7.511116e-01 5.418342e-01 5.966529e-01 6.818674e-01 7.094239e-01 4.875157e-01 7.617546e-01 7.100970e-01 7.259597e-01 5.933726e-01 3.549693e-01
<GCONST> 1.329316e+02
<TRANSP> 6
 0.000000e+00 1.000000e+00 0.000000e+00 0.000000e+00 0.000000e+00 0.000000e+00
 0.000000e+00 9.191328e-01 4.043317e-02 4.043401e-02 0.000000e+00 0.000000e+00
 0.000000e+00 0.000000e+00 8.890442e-01 1.109558e-01 0.000000e+00 0.000000e+00
 0.000000e+00 0.000000e+00 0.000000e+00 8.802191e-01 9.559913e-02 2.418167e-02
 0.000000e+00 0.000000e+00 0.000000e+00 0.000000e+00 8.743956e-01 1.256044e-01
 0.000000e+00 0.000000e+00 0.000000e+00 0.000000e+00 0.000000e+00 0.000000e+00
<ENDHMM>
