~o
<STREAMINFO> 1 39
<VECSIZE> 39<NULLD><MFCC_D_A_0><DIAGC>
~h "kurang"
<BEGINHMM>
<NUMSTATES> 6
<STATE> 2
<MEAN> 39
 3.076279e+00 4.490333e+00 2.037646e+00 5.345477e+00 -2.914056e+00 3.894915e+00 -4.984588e+00 5.542583e+00 1.184877e+01 -9.910764e+00 -6.640795e+00 8.414115e+00 5.075967e+01 2.157080e-02 -1.168933e-02 -3.537976e-02 2.867139e-01 3.301698e-01 6.992795e-02 1.470443e-02 -1.235584e-01 -7.124245e-02 2.696357e-01 2.192298e-02 -8.923284e-02 -5.318142e-03 -1.285591e-02 -2.977508e-02 6.730300e-03 -1.908784e-02 -5.026798e-02 -2.039073e-02 -1.294012e-02 -1.113672e-02 -3.386832e-02 -1.357283e-02 3.823369e-02 -2.351788e-02 3.380231e-04
<VARIANCE> 39
 2.517665e+01 7.379259e+01 4.124229e+01 3.770314e+01 1.103698e+02 5.642041e+01 5.641316e+01 5.460006e+01 6.407115e+01 9.112406e+01 3.963446e+01 9.027364e+01 3.012953e+01 1.684327e+00 5.224553e+00 4.557068e+00 2.754059e+00 7.835046e+00 4.541118e+00 5.093681e+00 5.141790e+00 5.500571e+00 5.778340e+00 4.644706e+00 6.569883e+00 1.791223e+00 3.012030e-01 9.123132e-01 9.506974e-01 5.296645e-01 1.424882e+00 8.369681e-01 9.196602e-01 8.965465e-01 9.533393e-01 1.064328e+00 8.835030e-01 1.047055e+00 3.333167e-01
<GCONST> 1.394284e+02
<STATE> 3
<MEAN> 39
 -1.599116e+00 1.902411e+00 -4.017200e+00 -2.140535e+00 -1.733205e+00 -9.248300e+00 -8.453769e+00 -1.074662e+00 -2.130972e+00 -3.464702e+00 -2.049209e-01 2.031454e+00 6.909211e+01 5.897304e-01 -3.211425e-01 -4.819075e-01 8.816895e-02 1.296923e-01 -1.447146e-01 2.572355e-02 1.046407e-01 -1.547725e-02 -5.330469e-02 6.788246e-02 2.419674e-01 4.859839e-01 -6.051220e-02 -5.825609e-02 -2.825125e-03 1.573385e-02 -1.070378e-03 8.310367e-02 1.360405e-01 7.301629e-02 7.347826e-02 1.905045e-02 -2.959909e-02 -1.926734e-02 -2.176443e-02
<VARIANCE> 39
 2.839619e+01 3.218707e+01 7.492131e+01 3.469647e+01 5.858005e+01 5.826836e+01 3.506846e+01 4.142728e+01 2.615360e+01 4.731230e+01 2.792157e+01 4.399532e+01 2.520871e+01 1.652552e+00 2.363418e+00 2.412011e+00 2.245893e+00 2.969687e+00 3.773111e+00 2.882223e+00 2.777476e+00 2.621408e+00 2.493501e+00 2.570611e+00 2.449177e+00 7.628464e-01 2.798389e-01 3.296558e-01 3.155887e-01 4.338847e-01 5.102580e-01 6.612607e-01 3.996989e-01 4.800862e-01 4.075734e-01 3.920042e-01 4.599873e-01 3.719565e-01 1.401630e-01
<GCONST> 1.175579e+02
<STATE> 4
<MEAN> 39
 -1.061823e+00 1.499850e+00 -5.700576e+00 2.403813e+00 3.574913e+00 -3.026401e+00 -1.374089e+00 5.005675e+00 1.435568e+00 -4.339433e+00 -2.790895e+00 9.000067e-01 6.883979e+01 -3.673438e-01 4.312710e-01 5.649631e-01 4.563925e-01 3.194408e-01 3.660914e-01 1.170525e-01 7.544273e-02 2.946866e-02 -1.154734e-01 -2.843022e-01 -3.132807e-01 -4.159764e-01 -8.217855e-03 -1.179156e-02 -4.576021e-03 -2.785502e-02 8.490421e-03 -3.482797e-02 -9.648860e-02 -9.275289e-02 -4.957225e-02 3.157015e-02 5.593560e-02 4.836109e-02 2.197399e-03
<VARIANCE> 39
 1.325555e+01 4.247980e+01 5.340862e+01 2.641739e+01 3.194700e+01 2.977217e+01 1.812661e+01 5.069221e+01 2.532776e+01 2.354513e+01 1.819915e+01 4.157550e+01 3.510199e+01 2.108717e-01 5.157412e-01 6.122304e-01 9.649798e-01 9.366212e-01 1.030766e+00 1.236730e+00 1.302920e+00 1.237631e+00 1.256456e+00 9.846402e-01 8.652416e-01 1.739411e-01 3.408050e-02 1.107654e-01 1.172133e-01 1.527272e-01 1.762550e-01 1.993893e-01 2.464832e-01 1.920209e-01 2.482026e-01 1.909197e-01 1.852153e-01 1.692455e-01 3.259866e-02
<GCONST> 8.581393e+01
<STATE> 5
<MEAN> 39
 8.440248e-02 -4.001375e+00 8.356925e+00 -1.522315e+01 -5.205122e+00 -2.027025e+01 1.625064e+01 -1.446428e+01 -4.098559e+00 -7.483732e+00 -3.408409e+00 -2.610150e+00 7.579856e+01 -7.607909e-02 -2.230358e-01 -1.295687e-01 -9.624425e-02 1.643652e-01 4.786186e-02 5.691885e-02 -1.541503e-01 -8.333746e-04 -7.422490e-02 -3.728686e-03 3.048499e-02 1.428513e-01 2.438440e-04 3.345472e-02 -4.855203e-03 7.578149e-03 3.038305e-02 -1.551720e-02 1.505858e-03 1.908014e-03 3.647805e-02 -1.648615e-02 1.961839e-02 -8.626296e-03 3.564978e-03
<VARIANCE> 39
 4.558284e+01 4.263513e+01 1.053645e+02 8.692287e+01 9.308031e+01 1.408368e+02 1.543413e+02 7.693785e+01 4.711752e+01 4.694970e+01 3.720915e+01 4.943891e+01 4.407059e+01 1.948735e+00 2.719760e+00 2.827916e+00 2.436598e+00 4.348102e+00 4.962401e+00 4.116014e+00 3.469217e+00 3.345894e+00 2.786175e+00 3.354534e+00 3.244316e+00 1.492378e+00 2.600842e-01 3.583962e-01 3.187620e-01 3.743393e-01 6.310431e-01 7.974301e-01 6.246629e-01 5.918356e-01 5.704589e-01 4.653460e-01 5.772024e-01 4.669919e-01 2.291831e-01
<GCONST> 1.302971e+02
<TRANSP> 6
 0.000000e+00 2.500037e-01 7.499964e-01 0.000000e+00 0.000000e+00 0.000000e+00
 0.000000e+00 9.680716e-01 2.235083e-02 9.577590e-03 0.000000e+00 0.000000e+00
 0.000000e+00 0.000000e+00 9.048145e-01 5.145231e-02 4.373316e-02 0.000000e+00
 0.000000e+00 0.000000e+00 0.000000e+00 9.410468e-01 3.462068e-02 2.433246e-02
 0.000000e+00 0.000000e+00 0.000000e+00 0.000000e+00 9.480676e-01 5.193238e-02
 0.000000e+00 0.000000e+00 0.000000e+00 0.000000e+00 0.000000e+00 0.000000e+00
<ENDHMM>
