~o
<STREAMINFO> 1 39
<VECSIZE> 39<NULLD><PLP_D_A_0><DIAGC>
~h "lima"
<BEGINHMM>
<NUMSTATES> 8
<STATE> 2
<MEAN> 39
 -4.986442e-01 -9.268643e-01 7.781113e-02 2.384910e-01 1.024462e-02 -1.573401e+00 -9.427018e-01 -8.615122e-01 -6.953241e-01 -6.705095e-01 4.450487e-02 8.005373e-03 5.258873e+00 4.860621e-02 4.011036e-02 6.794284e-02 1.110371e-01 7.882991e-02 -1.205519e-01 -1.182350e-01 1.846837e-02 2.845854e-02 -1.323207e-04 -2.518553e-02 -7.876236e-02 4.603055e-02 -8.455796e-03 2.375707e-02 -4.014487e-02 -4.004315e-02 -1.758263e-03 2.612734e-02 3.860673e-02 3.108711e-02 2.122766e-02 8.628324e-03 -2.723348e-02 -8.685646e-03 -3.463113e-02
<VARIANCE> 39
 2.699776e-01 4.966599e-01 9.515513e-01 8.342448e-01 4.564463e-01 1.677124e+00 9.687542e-01 5.100567e-01 3.912650e-01 2.986511e-01 4.452817e-01 1.696255e-01 1.144618e+00 2.358047e-02 4.277921e-02 6.730679e-02 4.307523e-02 3.477751e-02 6.113672e-02 6.973059e-02 4.981312e-02 2.943350e-02 2.245989e-02 3.541423e-02 1.444031e-02 2.980669e-02 4.164863e-03 7.347237e-03 1.272670e-02 7.687217e-03 7.345408e-03 1.153960e-02 1.148185e-02 1.027960e-02 7.215239e-03 4.549055e-03 8.516259e-03 3.072778e-03 3.643598e-03
<GCONST> -4.363865e+01
<STATE> 3
<MEAN> 39
 -4.941468e-01 -3.564065e-02 -1.415156e-01 4.811971e-01 6.211966e-02 -1.371442e+00 -1.469461e+00 -7.523964e-01 -4.530265e-01 -3.840855e-01 -9.564812e-02 -3.276062e-01 5.314831e+00 3.801684e-02 1.221807e-01 -9.537389e-02 -1.256578e-01 -1.589769e-02 1.039127e-01 9.506386e-02 2.702652e-02 8.090381e-02 1.546597e-03 -1.508207e-01 -6.733261e-02 -4.561301e-02 4.896553e-03 -2.389712e-02 -2.624332e-02 -4.841939e-02 -4.846912e-02 1.439018e-02 5.759250e-02 2.535278e-02 -3.262268e-03 -1.653793e-02 5.086077e-03 2.284788e-02 1.389801e-02
<VARIANCE> 39
 6.770363e-02 5.736891e-01 2.085376e-01 5.946706e-01 5.465981e-01 2.224809e-01 3.209401e-01 2.010818e-01 2.158292e-01 1.650999e-01 3.134495e-01 1.093143e-01 1.845038e-01 2.351180e-03 1.785863e-02 1.158229e-02 2.281058e-02 1.911980e-02 2.012859e-02 1.881598e-02 1.183206e-02 1.250680e-02 1.478145e-02 2.847607e-02 1.278694e-02 7.018759e-03 1.366826e-03 5.847351e-03 2.848811e-03 4.009162e-03 3.647731e-03 6.747548e-03 4.920054e-03 3.732746e-03 2.218963e-03 2.081609e-03 6.515462e-03 3.526337e-03 2.319201e-03
<GCONST> -7.663404e+01
<STATE> 4
<MEAN> 39
 -6.643357e-02 -1.541051e-01 -4.692621e-01 -2.077245e-01 2.072062e-01 -1.598060e+00 -4.998898e-01 -2.694476e-01 -3.179184e-01 -7.372460e-01 -8.838033e-01 -6.610488e-01 5.065033e+00 1.037851e-01 -6.096683e-02 -1.896375e-01 -2.285552e-01 -1.977731e-01 -3.655636e-03 2.590005e-01 1.822023e-01 8.793453e-03 -4.801982e-02 7.429449e-03 1.166033e-01 8.116493e-02 -2.441609e-03 -9.501258e-02 1.928419e-02 -2.679884e-02 -9.223718e-02 4.040231e-03 1.124787e-02 -2.549627e-02 4.039236e-03 3.425425e-03 1.201149e-01 1.115097e-01 6.244446e-02
<VARIANCE> 39
 8.823066e-02 3.796275e-01 3.342881e-01 9.479308e-01 3.053340e-01 8.184867e-01 8.653299e-01 3.939506e-01 3.095711e-01 1.664973e-01 2.662786e-01 1.542214e-01 9.959802e-01 4.304846e-03 3.322598e-02 1.491972e-02 2.866473e-02 4.277501e-02 2.896571e-02 2.548989e-02 3.152182e-02 2.179968e-02 2.068909e-02 6.581433e-02 5.048250e-02 1.364075e-02 1.289116e-03 2.128131e-03 5.511844e-03 4.504273e-03 5.251961e-03 5.893850e-03 4.534386e-03 4.920077e-03 5.009622e-03 5.323750e-03 5.906516e-03 5.141566e-03 1.121351e-03
<GCONST> -6.185917e+01
<STATE> 5
<MEAN> 39
 1.347532e-01 -6.896786e-01 -9.386996e-01 -1.085799e+00 -9.764043e-01 -1.378516e+00 1.706848e-01 9.618732e-03 -2.091041e-01 -7.383031e-01 -6.498948e-02 3.442588e-01 5.689303e+00 3.524509e-02 -2.108600e-01 -7.018787e-02 -2.294449e-01 -2.788073e-01 1.143352e-01 2.078560e-01 1.781353e-02 5.626975e-02 -6.672941e-03 2.182799e-01 2.980871e-01 1.482854e-01 -3.861630e-02 4.646861e-02 6.025233e-02 8.800019e-02 9.935883e-02 2.230035e-02 -8.197894e-02 -5.760774e-02 -3.633753e-03 6.038303e-03 -4.638438e-02 -6.025745e-02 -5.382143e-02
<VARIANCE> 39
 9.231421e-02 5.748361e-01 3.335714e-01 7.313437e-01 4.275264e-01 5.457247e-01 8.366466e-01 7.267774e-01 4.214319e-01 2.194038e-01 2.821293e-01 2.342729e-01 8.108665e-01 3.396311e-03 1.909714e-02 3.001395e-02 2.781465e-02 3.523004e-02 3.404846e-02 2.254048e-02 3.694671e-02 3.076879e-02 2.737955e-02 2.714380e-02 2.883987e-02 7.149767e-03 9.022491e-04 3.521253e-03 3.171884e-03 3.981302e-03 5.467516e-03 3.982794e-03 3.511573e-03 3.940651e-03 5.115510e-03 3.687499e-03 5.204650e-03 4.972445e-03 1.653526e-03
<GCONST> -6.335764e+01
<STATE> 6
<MEAN> 39
 -2.653108e-01 -9.865791e-01 -1.116183e+00 -1.285881e+00 -9.250332e-01 -9.720430e-01 2.721348e-01 -2.389001e-01 -2.444527e-01 -5.981379e-01 1.487221e-01 5.855206e-01 5.745894e+00 -7.908151e-02 4.261087e-02 3.351191e-02 4.048445e-02 3.530634e-02 6.181809e-02 -1.846068e-02 -3.262614e-02 -8.906571e-03 2.429449e-05 -2.605854e-02 -1.125077e-02 -1.028833e-01 -2.139894e-02 3.919586e-02 2.416429e-02 3.577472e-02 4.480731e-02 -4.227133e-03 -2.661063e-02 -5.986292e-03 -9.456710e-03 -2.119374e-03 -2.858644e-02 -4.391317e-02 -4.008926e-02
<VARIANCE> 39
 3.259577e-01 6.838431e-01 4.620816e-01 6.861523e-01 3.500774e-01 4.276743e-01 8.176267e-01 8.293554e-01 2.786096e-01 1.794086e-01 1.841746e-01 1.790492e-01 7.163311e-01 7.183024e-03 1.615108e-02 1.333985e-02 1.207500e-02 1.301773e-02 1.036860e-02 9.912134e-03 9.585209e-03 1.426471e-02 9.312578e-03 1.498338e-02 1.262896e-02 1.362890e-02 1.571694e-03 3.820568e-03 2.799794e-03 4.326731e-03 6.163665e-03 3.166913e-03 3.548777e-03 2.695497e-03 3.646038e-03 2.852854e-03 3.933863e-03 4.852259e-03 3.569281e-03
<GCONST> -7.148428e+01
<STATE> 7
<MEAN> 39
 -3.171117e-01 -4.776770e-01 -5.004745e-01 -8.656729e-01 -4.638336e-01 -1.012288e+00 -3.682324e-02 -5.357016e-01 -4.065403e-01 -8.510603e-01 -2.324201e-01 2.639746e-01 5.018772e+00 -5.732884e-02 -2.776000e-02 -4.970275e-03 9.861297e-03 5.117318e-02 6.201779e-03 -6.590188e-02 -5.124663e-02 -1.993471e-02 2.822470e-02 2.638305e-02 -1.117655e-02 -3.033350e-02 1.090013e-02 -2.785104e-02 -1.715675e-02 -2.028282e-02 -2.412846e-02 -1.444090e-02 5.303262e-03 5.982334e-03 8.867908e-03 1.414638e-02 1.585122e-02 8.187282e-03 2.936162e-02
<VARIANCE> 39
 3.589737e-01 7.180021e-01 3.424041e-01 6.749747e-01 5.470086e-01 6.839533e-01 6.942276e-01 5.946071e-01 3.463332e-01 3.370712e-01 2.639685e-01 2.842637e-01 1.263553e+00 2.967726e-02 4.588149e-02 3.357649e-02 3.467948e-02 6.135891e-02 3.838276e-02 3.009977e-02 2.755650e-02 3.914009e-02 3.970308e-02 3.260622e-02 4.000921e-02 5.344985e-02 5.485324e-03 8.001770e-03 7.136427e-03 5.507759e-03 1.235609e-02 7.591973e-03 5.949348e-03 4.840025e-03 6.371868e-03 7.137213e-03 5.839465e-03 7.579975e-03 6.711571e-03
<GCONST> -4.498849e+01
<TRANSP> 8
 0.000000e+00 8.006895e-01 1.993106e-01 0.000000e+00 0.000000e+00 0.000000e+00 0.000000e+00 0.000000e+00
 0.000000e+00 8.022685e-01 1.113814e-01 8.635010e-02 0.000000e+00 0.000000e+00 0.000000e+00 0.000000e+00
 0.000000e+00 0.000000e+00 7.294441e-01 2.373179e-01 3.323800e-02 0.000000e+00 0.000000e+00 0.000000e+00
 0.000000e+00 0.000000e+00 0.000000e+00 6.341448e-01 3.559137e-01 9.941454e-03 0.000000e+00 0.000000e+00
 0.000000e+00 0.000000e+00 0.000000e+00 0.000000e+00 5.458918e-01 4.541082e-01 0.000000e+00 0.000000e+00
 0.000000e+00 0.000000e+00 0.000000e+00 0.000000e+00 0.000000e+00 7.701761e-01 2.298239e-01 0.000000e+00
 0.000000e+00 0.000000e+00 0.000000e+00 0.000000e+00 0.000000e+00 0.000000e+00 7.794324e-01 2.205676e-01
 0.000000e+00 0.000000e+00 0.000000e+00 0.000000e+00 0.000000e+00 0.000000e+00 0.000000e+00 0.000000e+00
<ENDHMM>
