~o
<STREAMINFO> 1 39
<VECSIZE> 39<NULLD><PLP_D_A_0><DIAGC>
~h "puluh"
<BEGINHMM>
<NUMSTATES> 8
<STATE> 2
<MEAN> 39
 -1.755908e-01 -4.208345e-01 -7.094825e-01 -3.727312e-01 -8.992810e-01 -5.768457e-01 -9.331033e-01 -3.209858e-01 1.525982e-01 -8.383486e-01 -6.780153e-01 -9.927841e-02 4.209892e+00 6.673760e-02 4.046428e-03 1.144652e-01 3.237537e-04 -4.270741e-02 6.097202e-02 -6.504752e-02 -5.074878e-02 1.061251e-02 -5.319163e-02 -8.555863e-03 -3.933965e-02 7.299984e-02 2.097473e-02 -2.653542e-03 3.684510e-02 1.260211e-02 -5.297515e-02 -2.824898e-02 1.026581e-02 2.752397e-02 9.519710e-03 -2.612646e-02 2.270398e-03 1.356668e-02 2.293887e-02
<VARIANCE> 39
 5.709617e-01 5.675572e-01 3.544334e-01 2.750762e-01 3.182028e-01 3.950432e-01 3.549803e-01 2.282918e-01 3.459525e-01 3.389424e-01 3.872822e-01 1.304015e-01 4.712659e-01 3.949317e-02 6.069073e-02 5.790518e-02 3.389826e-02 9.426779e-02 4.214574e-02 2.148983e-02 1.681590e-02 3.690635e-02 2.915274e-02 4.245714e-02 2.133541e-02 3.360626e-02 8.753764e-03 1.334588e-02 9.909546e-03 6.053874e-03 1.798115e-02 8.037773e-03 6.033037e-03 4.344302e-03 1.051913e-02 5.790816e-03 1.030287e-02 5.088352e-03 8.121844e-03
<GCONST> -4.774365e+01
<STATE> 3
<MEAN> 39
 -1.078160e-01 -1.435202e-01 -5.428088e-01 -4.224593e-01 -8.296211e-01 -1.384735e+00 -8.915476e-01 -3.110411e-01 -4.623563e-01 -9.588978e-01 -6.251872e-01 -2.830757e-01 5.426873e+00 -7.430641e-03 -2.168745e-02 4.900403e-02 1.054781e-02 -3.985550e-02 -1.176539e-02 2.247477e-02 6.021006e-03 7.362872e-03 -3.187948e-02 9.978928e-03 2.702651e-02 2.521748e-02 -2.983344e-02 1.014332e-03 -8.853499e-03 -7.864281e-03 -5.044764e-03 1.484525e-02 2.662237e-02 1.617677e-02 2.346854e-02 2.398795e-02 5.464637e-03 5.383807e-03 -2.362688e-02
<VARIANCE> 39
 9.867185e-02 5.472506e-01 5.609646e-01 4.921161e-01 8.615261e-01 4.275631e-01 7.792506e-01 3.605848e-01 3.340299e-01 4.505443e-01 1.826998e-01 2.388162e-01 2.579869e-01 6.751607e-03 9.392379e-03 4.134252e-02 2.000822e-02 6.723038e-02 5.262844e-02 2.265277e-02 3.056003e-02 2.764062e-02 1.494971e-02 1.625373e-02 2.158254e-02 5.889955e-03 9.828397e-04 3.006094e-03 1.220326e-02 4.087554e-03 1.442381e-02 1.271477e-02 4.130941e-03 6.652668e-03 4.190658e-03 2.745709e-03 3.179934e-03 2.848253e-03 1.400969e-03
<GCONST> -6.304089e+01
<STATE> 4
<MEAN> 39
 -1.475283e-01 -8.852370e-02 -3.094784e-01 -4.209260e-01 -1.208529e+00 -8.608765e-01 -4.240347e-01 1.522119e-01 1.408430e-01 -1.081783e+00 -6.396716e-01 3.565533e-03 4.642310e+00 -1.236171e-01 1.975550e-02 -1.839186e-01 -4.377182e-02 1.266943e-01 8.770931e-02 2.104568e-01 9.882174e-02 -3.348831e-02 1.607518e-01 6.979585e-02 -4.340713e-02 -1.438679e-01 -1.732400e-02 -2.936704e-02 -6.309659e-02 -2.096721e-02 3.532244e-02 1.860083e-02 -1.494628e-02 -4.003948e-02 -4.005845e-02 2.642562e-02 4.541091e-03 -1.413610e-02 -1.675981e-02
<VARIANCE> 39
 1.706441e-01 3.140763e-01 4.914651e-01 2.306787e-01 3.976887e-01 5.503022e-01 5.426516e-01 3.775209e-01 5.090916e-01 3.836503e-01 1.607158e-01 2.041334e-01 8.258497e-01 8.058544e-03 2.900983e-02 5.368041e-02 2.817330e-02 3.893639e-02 5.342325e-02 2.730539e-02 3.738553e-02 4.784477e-02 2.201274e-02 1.614355e-02 2.211078e-02 3.968588e-03 1.044553e-03 3.922912e-03 1.598768e-02 4.696766e-03 1.358986e-02 6.842695e-03 7.986394e-03 6.064995e-03 9.072987e-03 5.621761e-03 3.609224e-03 6.369442e-03 1.372120e-03
<GCONST> -5.828909e+01
<STATE> 5
<MEAN> 39
 -4.331837e-01 -1.057444e+00 5.040503e-01 -1.943766e+00 -5.293925e-01 -1.752837e+00 1.172920e+00 -9.273261e-01 -9.589853e-02 -6.459724e-01 -2.262026e-01 -1.722354e-01 5.804182e+00 -1.069730e-01 1.669892e-03 3.446460e-02 6.707736e-02 5.447816e-02 7.293805e-02 5.340822e-03 3.270654e-02 9.036349e-02 -1.384585e-02 6.431563e-02 -8.833099e-03 -6.022769e-02 -4.874939e-03 3.829696e-03 4.887931e-03 1.248789e-02 1.460103e-02 -3.860092e-03 -9.966363e-03 1.098434e-02 1.997667e-03 5.082805e-03 2.022091e-03 -2.322200e-03 -1.484402e-02
<VARIANCE> 39
 4.366330e-01 1.292674e-01 2.780813e-01 4.523757e-01 1.361179e+00 6.651988e-01 2.349849e-01 2.232408e-01 4.993647e-01 2.159386e-01 2.918392e-01 1.444611e-01 3.549827e-01 1.617656e-02 1.852724e-02 3.576506e-02 2.037238e-02 7.509282e-02 5.030438e-02 1.946070e-02 3.157763e-02 2.076178e-02 1.896398e-02 2.164580e-02 1.585211e-02 2.125668e-02 3.093229e-03 4.173284e-03 8.637763e-03 3.942478e-03 1.502566e-02 1.266215e-02 3.451913e-03 8.356743e-03 3.945470e-03 3.057461e-03 4.851941e-03 3.127336e-03 3.992726e-03
<GCONST> -5.923577e+01
<STATE> 6
<MEAN> 39
 -1.201384e+00 -4.852645e-01 -8.997676e-01 -8.670455e-01 -8.142392e-01 -8.677832e-01 -3.522931e-01 -3.775327e-01 -2.699004e-01 -5.107201e-01 -2.718453e-01 9.827062e-03 4.611080e+00 -1.033387e-01 -4.563019e-02 -3.759987e-02 6.026220e-03 3.790670e-02 4.415185e-02 2.185292e-03 -3.120995e-02 -1.930951e-03 5.599550e-02 4.569605e-02 3.114480e-02 -8.903404e-02 1.382235e-02 7.283438e-03 1.832642e-02 8.609023e-03 -9.375382e-03 -1.706975e-02 -1.309310e-02 8.393655e-04 3.256512e-03 -8.570122e-03 -7.073516e-04 2.402421e-03 1.381951e-02
<VARIANCE> 39
 3.209691e-01 1.317875e-01 2.384085e-01 1.771121e-01 1.832732e-01 1.801005e-01 2.995831e-01 2.222897e-01 1.582591e-01 1.753209e-01 1.545338e-01 6.614304e-02 4.581746e-01 6.693998e-03 1.171568e-02 1.887304e-02 1.752788e-02 1.442018e-02 1.633615e-02 1.353793e-02 1.193515e-02 1.307420e-02 1.236401e-02 8.554572e-03 5.740958e-03 7.853734e-03 1.023913e-03 1.709971e-03 4.023105e-03 3.218997e-03 3.032762e-03 3.545827e-03 3.189777e-03 2.137580e-03 2.453734e-03 2.455508e-03 1.493825e-03 1.344210e-03 1.423327e-03
<GCONST> -8.730738e+01
<STATE> 7
<MEAN> 39
 -6.806629e-01 -6.253822e-01 -6.811774e-01 -1.042313e+00 -8.065279e-01 -9.545105e-01 -4.106313e-02 -2.803853e-01 -2.419591e-01 -5.107262e-01 -9.313954e-03 1.039181e-01 4.573020e+00 3.251734e-02 -4.571965e-02 -6.615540e-03 -2.354767e-02 -3.383936e-02 -3.557904e-02 -3.227652e-02 -2.375333e-02 -1.427034e-03 -6.998541e-04 1.679987e-02 4.205957e-02 5.726895e-02 1.261106e-02 2.223926e-03 1.103367e-02 -7.829148e-04 -2.839959e-03 -7.906127e-03 -1.339749e-02 -6.192969e-03 5.239318e-03 -1.276627e-02 -9.740605e-03 1.656014e-03 1.337042e-02
<VARIANCE> 39
 5.144666e-01 5.759664e-01 6.301318e-01 6.889070e-01 6.862722e-01 6.375695e-01 6.192798e-01 4.962254e-01 3.236665e-01 3.198073e-01 2.675973e-01 2.209376e-01 1.664616e+00 4.803831e-02 5.546044e-02 3.626826e-02 5.256131e-02 5.284113e-02 3.566945e-02 4.464030e-02 2.882390e-02 2.620796e-02 4.121246e-02 3.391941e-02 2.478418e-02 4.955907e-02 8.392048e-03 1.213636e-02 6.857600e-03 1.124831e-02 1.068360e-02 8.906328e-03 8.276009e-03 5.830326e-03 5.353052e-03 8.156636e-03 6.785493e-03 5.563585e-03 1.079340e-02
<GCONST> -4.161674e+01
<TRANSP> 8
 0.000000e+00 4.498004e-01 5.501996e-01 0.000000e+00 0.000000e+00 0.000000e+00 0.000000e+00 0.000000e+00
 0.000000e+00 8.012688e-01 1.987313e-01 0.000000e+00 0.000000e+00 0.000000e+00 0.000000e+00 0.000000e+00
 0.000000e+00 0.000000e+00 7.584491e-01 1.874749e-01 5.407605e-02 0.000000e+00 0.000000e+00 0.000000e+00
 0.000000e+00 0.000000e+00 0.000000e+00 6.837056e-01 0.000000e+00 3.162945e-01 0.000000e+00 0.000000e+00
 0.000000e+00 0.000000e+00 0.000000e+00 0.000000e+00 9.137041e-01 8.629589e-02 0.000000e+00 0.000000e+00
 0.000000e+00 0.000000e+00 0.000000e+00 0.000000e+00 0.000000e+00 7.868589e-01 2.131411e-01 0.000000e+00
 0.000000e+00 0.000000e+00 0.000000e+00 0.000000e+00 0.000000e+00 0.000000e+00 7.148530e-01 2.851469e-01
 0.000000e+00 0.000000e+00 0.000000e+00 0.000000e+00 0.000000e+00 0.000000e+00 0.000000e+00 0.000000e+00
<ENDHMM>
