~o
<STREAMINFO> 1 39
<VECSIZE> 39<NULLD><PLP_D_A_0><DIAGC>
~h "satu"
<BEGINHMM>
<NUMSTATES> 8
<STATE> 2
<MEAN> 39
 -2.082788e+00 -1.730222e+00 2.951056e-01 -1.355443e+00 -6.597867e-01 -4.908358e-01 -7.520821e-03 -9.256439e-01 -3.280108e-01 -1.222627e-02 3.223404e-01 2.569385e-01 5.481875e+00 1.553591e-01 1.611426e-02 -7.517044e-02 -7.854901e-02 -3.374006e-02 -5.179796e-02 -2.427296e-02 1.743170e-02 4.835659e-02 -2.520871e-02 1.070723e-02 3.891656e-02 1.489010e-01 1.281389e-01 6.442239e-02 -8.831654e-02 3.028956e-02 1.281972e-03 -1.017246e-02 -7.372176e-03 2.931154e-02 1.978666e-02 -2.712583e-02 -2.464112e-02 3.207923e-03 -1.385570e-02
<VARIANCE> 39
 5.081125e-01 5.482476e-01 5.111188e-01 4.564809e-01 7.071574e-01 3.840024e-01 7.886983e-01 1.769420e-01 5.296280e-01 2.246174e-01 2.076182e-01 1.130787e-01 8.486549e-01 1.519665e-01 8.256876e-02 9.626137e-02 3.217389e-02 3.054458e-02 3.361320e-02 2.841623e-02 2.446140e-02 2.424026e-02 2.461079e-02 1.833052e-02 1.220272e-02 2.532302e-02 1.704391e-02 1.174060e-02 9.770552e-03 7.414042e-03 6.271736e-03 8.205220e-03 5.698028e-03 3.720895e-03 4.430820e-03 4.346066e-03 3.449818e-03 2.407209e-03 2.899787e-03
<GCONST> -5.127296e+01
<STATE> 3
<MEAN> 39
 -1.136254e-01 -1.219136e+00 -9.006169e-01 -1.427077e+00 -9.900826e-01 -6.821528e-01 8.434665e-02 -6.695172e-01 7.727935e-02 -4.644880e-01 1.658681e-01 4.491868e-01 5.954422e+00 6.255732e-02 9.824278e-02 -7.955520e-02 6.845219e-02 -2.125032e-02 3.311977e-03 2.125544e-03 2.168807e-02 -1.259548e-03 -2.738788e-02 -3.941482e-02 4.062046e-03 -1.251031e-01 -1.173741e-01 -2.084923e-03 4.504579e-02 4.759909e-03 3.452823e-02 -4.980137e-03 -6.085508e-03 -4.004206e-03 -2.541602e-02 2.115449e-02 4.498303e-03 -1.842525e-02 -6.368243e-02
<VARIANCE> 39
 7.835534e-02 5.663714e-01 4.596424e-01 3.611973e-01 2.813860e-01 5.328196e-01 1.019477e+00 5.340762e-01 3.936087e-01 3.084700e-01 2.035279e-01 3.590957e-01 6.864915e-01 7.938555e-02 2.864107e-02 5.049489e-02 2.479709e-02 3.520558e-02 3.422061e-02 2.098064e-02 3.114389e-02 3.313319e-02 2.170233e-02 2.023058e-02 1.847654e-02 4.219215e-02 4.854913e-03 5.387970e-03 7.612555e-03 4.095967e-03 4.839326e-03 7.374241e-03 4.072763e-03 6.683792e-03 6.550899e-03 4.422331e-03 3.377001e-03 3.308504e-03 3.681023e-03
<GCONST> -5.509384e+01
<STATE> 4
<MEAN> 39
 -1.108062e+00 -6.068513e-01 -8.796432e-01 -1.025701e+00 -6.197641e-01 -8.228961e-01 -1.236107e-01 -4.109610e-01 -1.452777e-01 -3.542530e-01 1.805768e-02 2.126584e-01 4.467749e+00 -8.751516e-02 -5.236997e-02 3.468522e-02 6.680586e-02 2.170965e-02 -8.906169e-02 -2.296648e-04 2.493766e-02 -6.128773e-02 -3.738468e-02 1.333736e-02 -3.761637e-02 -1.521451e-02 9.276298e-02 -4.757926e-02 4.440065e-02 -5.276349e-03 -6.211200e-02 -2.728799e-02 -4.109074e-03 -1.790432e-02 -5.924448e-03 -3.960864e-02 -4.474483e-03 1.445445e-02 1.372307e-01
<VARIANCE> 39
 1.630953e-01 3.736538e-01 3.867775e-01 4.577278e-01 3.463640e-01 1.935146e-01 5.457150e-01 1.897938e-01 1.861715e-01 1.128082e-01 1.283540e-01 1.515349e-01 7.167484e-01 4.236150e-02 5.019550e-02 3.328751e-02 2.671526e-02 4.128455e-02 3.678327e-02 2.281735e-02 3.436065e-02 3.006378e-02 2.267183e-02 1.404767e-02 1.555007e-02 9.520010e-02 4.607642e-03 1.001378e-02 5.466037e-03 5.764972e-03 7.727623e-03 9.484997e-03 5.334430e-03 6.287125e-03 6.150575e-03 4.279185e-03 3.518729e-03 2.683476e-03 7.126831e-03
<GCONST> -5.808178e+01
<STATE> 5
<MEAN> 39
 -3.873928e-01 -1.128428e+00 -1.755456e-01 -8.343552e-01 -1.235378e+00 -1.371007e+00 -2.857903e-01 -5.264356e-01 -5.227259e-01 -1.056997e+00 -1.395967e-01 2.380369e-01 5.673431e+00 2.753311e-01 1.051408e-01 2.703152e-01 -4.877703e-02 -2.694984e-01 -1.664149e-01 -1.043390e-01 8.033972e-02 8.840174e-02 -1.587300e-01 -1.692081e-01 -2.892598e-02 2.474674e-01 -3.876315e-02 9.168597e-02 -1.355046e-02 -1.283106e-02 -2.452071e-04 1.852798e-02 -3.742693e-03 4.105358e-02 7.329632e-02 5.852515e-02 -9.641447e-03 -1.559964e-02 -1.251597e-01
<VARIANCE> 39
 2.480777e-01 6.228409e-01 4.969233e-01 5.507964e-01 4.605971e-01 9.778219e-01 9.444897e-01 4.532185e-01 4.147424e-01 2.998252e-01 2.988929e-01 1.361596e-01 8.006130e-01 2.130470e-02 6.028844e-02 2.974522e-02 2.870040e-02 6.087875e-02 8.830182e-02 3.756443e-02 3.345074e-02 5.870007e-02 3.870065e-02 2.014020e-02 1.735129e-02 6.294599e-02 7.046691e-03 8.615145e-03 1.001127e-02 5.857104e-03 1.032451e-02 1.051539e-02 7.311589e-03 6.422072e-03 8.525172e-03 6.107423e-03 6.910304e-03 2.025162e-03 5.849392e-03
<GCONST> -4.581048e+01
<STATE> 6
<MEAN> 39
 -8.803742e-02 -3.145525e-01 4.485904e-01 -1.055938e+00 -1.983147e+00 -2.033577e+00 -2.757503e-01 -8.060385e-02 8.284181e-02 -8.733752e-01 -4.475270e-01 -4.926038e-02 5.586186e+00 -5.535535e-02 8.953138e-02 -7.951472e-03 2.864989e-02 3.470698e-02 5.031542e-02 -3.980444e-03 -9.251875e-03 2.609213e-02 3.888571e-02 6.389812e-03 -1.934715e-02 -1.320055e-01 -4.814176e-02 -2.474334e-02 -5.222382e-02 1.235997e-02 7.372819e-02 4.530629e-02 2.143549e-02 -3.124611e-02 -3.899141e-02 1.495213e-02 1.905283e-02 5.669568e-03 -3.285562e-02
<VARIANCE> 39
 8.110227e-02 7.418827e-01 5.691130e-01 9.906372e-01 3.662690e-01 9.225827e-01 1.132982e+00 3.556940e-01 4.688879e-01 4.257639e-01 2.001315e-01 2.454023e-01 4.979574e-01 9.593913e-03 1.269542e-02 1.832013e-02 1.615291e-02 4.622468e-02 2.751860e-02 1.988280e-02 2.208894e-02 2.843480e-02 1.653504e-02 1.481999e-02 1.542294e-02 1.162082e-02 1.478036e-03 2.376390e-03 3.816932e-03 3.088123e-03 4.332324e-03 4.463317e-03 4.206354e-03 3.581855e-03 5.333266e-03 3.911314e-03 3.275439e-03 4.015739e-03 1.849097e-03
<GCONST> -6.523356e+01
<STATE> 7
<MEAN> 39
 -9.547427e-01 -2.944028e-01 -3.984196e-01 -7.594483e-01 -8.860599e-01 -1.091211e+00 -3.353568e-01 -3.987086e-01 -1.725347e-01 -5.636796e-01 -2.360595e-01 -5.635350e-04 4.561327e+00 -9.958486e-02 -7.706941e-02 -1.145867e-01 -2.907372e-02 9.692383e-02 5.569864e-02 5.155199e-02 -2.027456e-02 -3.568972e-02 7.564618e-02 5.773336e-02 7.139273e-03 -6.932998e-02 2.515045e-02 -2.162887e-02 1.379665e-02 -1.566786e-02 -3.479719e-02 -1.708959e-02 -1.105791e-02 9.668062e-03 1.094974e-02 -1.222399e-02 9.016377e-03 8.904483e-03 3.822016e-02
<VARIANCE> 39
 2.641679e-01 5.402011e-01 3.517562e-01 4.723002e-01 3.816490e-01 4.414094e-01 4.680358e-01 4.362181e-01 3.581819e-01 2.197620e-01 1.639703e-01 1.460825e-01 7.156467e-01 2.382755e-02 2.490179e-02 3.081395e-02 2.772727e-02 4.982801e-02 3.975577e-02 2.556520e-02 3.373846e-02 2.630189e-02 2.272316e-02 1.603581e-02 1.831020e-02 3.893917e-02 2.788974e-03 5.562837e-03 5.395566e-03 4.951295e-03 5.961038e-03 6.122991e-03 4.813064e-03 5.653709e-03 4.711404e-03 3.504254e-03 3.072248e-03 2.944010e-03 5.704413e-03
<GCONST> -5.874436e+01
<TRANSP> 8
 0.000000e+00 8.750366e-01 1.249634e-01 0.000000e+00 0.000000e+00 0.000000e+00 0.000000e+00 0.000000e+00
 0.000000e+00 8.136992e-01 1.863009e-01 0.000000e+00 0.000000e+00 0.000000e+00 0.000000e+00 0.000000e+00
 0.000000e+00 0.000000e+00 8.426173e-01 1.573827e-01 0.000000e+00 0.000000e+00 0.000000e+00 0.000000e+00
 0.000000e+00 0.000000e+00 0.000000e+00 7.997392e-01 2.002608e-01 0.000000e+00 0.000000e+00 0.000000e+00
 0.000000e+00 0.000000e+00 0.000000e+00 0.000000e+00 6.763869e-01 3.236131e-01 0.000000e+00 0.000000e+00
 0.000000e+00 0.000000e+00 0.000000e+00 0.000000e+00 0.000000e+00 8.230611e-01 1.769389e-01 0.000000e+00
 0.000000e+00 0.000000e+00 0.000000e+00 0.000000e+00 0.000000e+00 0.000000e+00 8.194593e-01 1.805407e-01
 0.000000e+00 0.000000e+00 0.000000e+00 0.000000e+00 0.000000e+00 0.000000e+00 0.000000e+00 0.000000e+00
<ENDHMM>
