~o
<STREAMINFO> 1 39
<VECSIZE> 39<NULLD><MFCC_D_A_0><DIAGC>
~h "sebelas"
<BEGINHMM>
<NUMSTATES> 6
<STATE> 2
<MEAN> 39
 -1.068892e+01 -4.841002e+00 4.911390e+00 -8.059153e-01 -1.049105e+00 1.169406e+00 -2.505005e+00 -3.511004e-01 -2.472679e+00 -4.125664e+00 1.050436e+00 3.068799e+00 5.791084e+01 9.294722e-01 1.231370e+00 -1.924753e-01 4.551808e-01 4.039067e-01 -1.692594e-01 1.191592e-02 4.709299e-01 1.258092e-01 -4.693346e-01 -5.308961e-01 -4.597373e-02 -5.007268e-02 8.452595e-02 1.156247e-01 -1.544006e-02 1.556862e-01 2.418778e-02 6.457291e-02 3.751659e-02 1.065114e-01 4.395251e-02 -6.371985e-02 -8.102528e-02 -4.722622e-02 -7.380654e-02
<VARIANCE> 39
 1.042530e+02 1.410663e+02 6.980215e+01 8.502847e+01 5.654481e+01 4.554232e+01 4.678249e+01 5.928717e+01 7.057145e+01 6.159909e+01 3.089737e+01 3.148772e+01 1.474900e+02 5.366869e+00 8.144807e+00 6.177778e+00 6.388827e+00 4.695973e+00 5.494774e+00 3.716535e+00 4.398869e+00 5.839171e+00 4.336099e+00 3.501979e+00 3.915073e+00 2.056472e+00 8.809081e-01 8.464319e-01 1.220516e+00 9.149566e-01 7.285643e-01 1.231694e+00 7.254136e-01 7.334036e-01 1.172363e+00 9.084907e-01 5.970240e-01 7.364783e-01 3.135773e-01
<GCONST> 1.432224e+02
<STATE> 3
<MEAN> 39
 2.378281e+00 5.379152e+00 1.874503e+00 7.418855e+00 -1.003400e+00 9.795301e-01 -2.374595e+00 2.691208e+00 1.072105e+00 -1.125978e+01 -6.097839e+00 5.523073e+00 5.949971e+01 3.150306e-01 -7.489052e-01 -2.494778e-01 5.199729e-02 -5.401549e-01 -3.807266e-02 -2.780003e-01 -2.942585e-01 3.065450e-02 -1.238178e-01 4.522581e-01 5.605801e-01 4.053772e-01 -1.207685e-02 -8.492903e-02 -5.769332e-02 -4.386150e-02 1.355982e-02 -6.122606e-02 -3.878598e-02 -6.588829e-02 -8.637355e-02 6.052248e-02 1.765451e-01 6.302901e-02 3.671030e-02
<VARIANCE> 39
 4.144160e+01 5.423524e+01 4.950978e+01 2.854121e+01 7.750290e+01 5.242067e+01 2.690340e+01 7.187046e+01 4.119224e+01 4.586537e+01 3.130996e+01 4.873084e+01 7.636815e+01 1.150343e+00 2.022106e+00 3.368744e+00 1.635751e+00 3.305616e+00 5.297928e+00 2.567829e+00 2.150773e+00 2.588583e+00 2.668892e+00 2.937950e+00 2.025876e+00 1.003080e+00 1.755534e-01 3.510384e-01 4.428434e-01 2.817256e-01 5.778632e-01 7.097611e-01 4.415859e-01 3.769830e-01 3.963199e-01 4.336345e-01 5.001943e-01 3.720061e-01 1.523232e-01
<GCONST> 1.197004e+02
<STATE> 4
<MEAN> 39
 2.820248e+00 -6.519627e+00 -1.182801e+01 -1.393931e+00 -4.094604e-01 -7.868798e+00 -4.947943e+00 3.374956e+00 -1.714904e+00 5.756031e-01 5.977160e+00 1.101602e+01 7.507454e+01 -6.711388e-02 -1.242250e-01 2.518099e-02 -5.747588e-01 4.862978e-02 3.324729e-01 6.077102e-02 7.608829e-02 5.030895e-01 4.535889e-01 3.475239e-01 3.190364e-01 1.518480e-01 -1.554025e-01 5.680459e-02 1.827914e-01 -3.922683e-02 6.850255e-02 1.711358e-01 7.025566e-02 1.443601e-02 3.030896e-02 -2.632591e-03 -5.096966e-02 -1.047327e-01 -6.051913e-02
<VARIANCE> 39
 2.499746e+00 2.092603e+01 3.632153e+01 3.527862e+01 1.719909e+01 3.435536e+01 8.253200e+00 2.469459e+01 6.731364e+01 4.229427e+01 1.904514e+01 1.077333e+01 2.627763e+01 2.305735e-01 9.137277e-01 1.016793e+00 1.005795e+00 9.917594e-01 1.230987e+00 8.445677e-01 1.237837e+00 2.312309e+00 1.449080e+00 1.393672e+00 6.964228e-01 3.183581e-01 7.712495e-02 1.006373e-01 1.164641e-01 2.160216e-01 1.461539e-01 1.729154e-01 1.629774e-01 2.006239e-01 4.155269e-01 2.505435e-01 1.881218e-01 1.510376e-01 3.507258e-02
<GCONST> 8.496606e+01
<STATE> 5
<MEAN> 39
 -1.174976e+01 -9.494576e+00 5.325310e+00 -6.183996e+00 -6.253267e+00 6.271372e+00 -2.408511e+00 -3.022871e+00 8.001169e-02 -2.083933e+00 4.635576e+00 6.335702e+00 6.118900e+01 -7.079097e-01 1.210291e-01 -5.214753e-02 -1.354709e-01 2.013635e-02 -4.346052e-02 1.810825e-01 -1.014559e-01 -2.895053e-01 1.800895e-01 -1.808884e-01 -4.829960e-01 -5.824499e-01 9.997197e-02 3.945336e-02 -7.215635e-02 4.324572e-02 -5.534921e-03 -6.463535e-02 -2.395906e-02 8.149629e-03 5.931430e-03 -3.108088e-02 -4.960428e-02 2.044042e-02 1.834901e-02
<VARIANCE> 39
 7.721390e+01 7.557407e+01 5.687795e+01 9.591943e+01 5.450991e+01 4.548088e+01 4.344392e+01 3.808375e+01 5.134433e+01 4.835330e+01 3.164322e+01 2.837866e+01 1.490034e+02 2.658686e+00 5.352139e+00 4.861013e+00 4.239592e+00 4.010759e+00 3.673270e+00 2.607886e+00 3.632043e+00 3.818402e+00 3.019839e+00 2.793069e+00 2.272902e+00 1.725097e+00 2.525926e-01 8.103077e-01 6.284226e-01 6.272287e-01 7.246838e-01 6.302738e-01 5.224126e-01 7.997010e-01 6.760763e-01 5.136161e-01 5.636938e-01 4.743741e-01 2.857659e-01
<GCONST> 1.314564e+02
<TRANSP> 6
 0.000000e+00 1.000000e+00 0.000000e+00 0.000000e+00 0.000000e+00 0.000000e+00
 0.000000e+00 9.322476e-01 6.775243e-02 0.000000e+00 0.000000e+00 0.000000e+00
 0.000000e+00 0.000000e+00 9.384550e-01 6.154507e-02 0.000000e+00 0.000000e+00
 0.000000e+00 0.000000e+00 0.000000e+00 8.960289e-01 1.039712e-01 0.000000e+00
 0.000000e+00 0.000000e+00 0.000000e+00 0.000000e+00 9.546728e-01 4.532717e-02
 0.000000e+00 0.000000e+00 0.000000e+00 0.000000e+00 0.000000e+00 0.000000e+00
<ENDHMM>
