~o
<STREAMINFO> 1 39
<VECSIZE> 39<NULLD><PLP_D_A_0><DIAGC>
~h "sembilan"
<BEGINHMM>
<NUMSTATES> 8
<STATE> 2
<MEAN> 39
 -1.862641e+00 -1.728116e+00 3.382701e-01 -8.291554e-01 -6.522775e-01 -4.872182e-01 -1.560625e-01 -8.211167e-01 -5.993189e-01 -2.396534e-02 4.181338e-01 2.449258e-01 5.186043e+00 1.960529e-01 1.587079e-01 -4.020609e-02 1.218200e-01 9.691555e-02 -1.083972e-01 -6.151728e-02 4.173698e-03 -5.448496e-02 -5.620223e-02 -7.012602e-02 -3.577892e-02 1.144004e-02 1.014931e-01 1.195549e-01 -5.200242e-02 6.808438e-02 5.120575e-02 -2.046082e-02 -4.368604e-02 1.598502e-02 3.172461e-03 -3.883917e-02 -5.433440e-02 -3.372446e-02 -3.823342e-02
<VARIANCE> 39
 7.004910e-01 5.510143e-01 5.771132e-01 7.560887e-01 6.376178e-01 5.231494e-01 4.843126e-01 4.828970e-01 3.667897e-01 2.397153e-01 1.458376e-01 9.358256e-02 1.149137e+00 1.373895e-01 2.017335e-01 7.176709e-02 7.547393e-02 6.954258e-02 4.573241e-02 3.857544e-02 3.707318e-02 4.150838e-02 2.857891e-02 3.339097e-02 1.776804e-02 3.773772e-02 1.473097e-02 2.127713e-02 1.247799e-02 1.055267e-02 8.821582e-03 8.358853e-03 5.742209e-03 7.620398e-03 7.933857e-03 3.892498e-03 4.340088e-03 3.239429e-03 5.214222e-03
<GCONST> -4.115887e+01
<STATE> 3
<MEAN> 39
 -3.624365e-01 5.391262e-02 -1.008782e-01 4.037209e-02 8.155253e-02 -1.107255e+00 -8.919136e-01 -8.454555e-01 -5.368848e-01 -5.458081e-01 -4.666367e-01 -3.598549e-01 5.027866e+00 1.130089e-01 3.675910e-02 -4.398643e-02 1.349408e-01 7.935649e-02 -8.235598e-02 -1.026313e-01 -2.960968e-02 -1.660874e-02 -2.328850e-02 -8.522904e-03 -3.222968e-02 2.630490e-02 -7.019863e-02 -1.339811e-01 1.456048e-02 -3.331285e-02 -4.558205e-02 1.161328e-02 2.143256e-02 -1.782560e-02 -7.546672e-03 2.341099e-02 7.974005e-02 5.702784e-02 4.029319e-02
<VARIANCE> 39
 1.704797e-01 3.237466e-01 3.381501e-01 5.932965e-01 4.009580e-01 7.089532e-01 3.387157e-01 3.734012e-01 2.668199e-01 1.425907e-01 1.883642e-01 1.226527e-01 7.760065e-01 3.694716e-02 1.016766e-01 2.420389e-02 3.093036e-02 2.248516e-02 2.570049e-02 2.258992e-02 2.369383e-02 2.432814e-02 2.484571e-02 5.804608e-02 3.197877e-02 1.177891e-02 5.076846e-03 8.304526e-03 4.089959e-03 5.221914e-03 4.616084e-03 5.322421e-03 4.573327e-03 4.009540e-03 5.128609e-03 4.984417e-03 5.510440e-03 3.995693e-03 1.827354e-03
<GCONST> -5.930586e+01
<STATE> 4
<MEAN> 39
 -1.708466e-01 -9.873903e-01 -3.337550e-01 1.515390e-02 -2.570604e-01 -1.404291e+00 -8.370083e-01 -1.149592e+00 -8.702486e-01 -5.528072e-01 3.069887e-01 3.068341e-01 5.575887e+00 5.335008e-02 -1.252606e-01 -1.019652e-01 -1.657221e-01 -1.812811e-01 4.610971e-02 1.205698e-01 3.100021e-02 5.571624e-02 4.842230e-02 1.043154e-01 1.431999e-01 9.260493e-02 -2.883851e-03 3.006631e-02 1.550873e-03 -3.609576e-02 -9.300153e-03 2.696031e-02 2.422766e-02 2.830793e-02 4.527124e-02 1.455528e-02 -2.833602e-02 -1.707502e-02 -1.300472e-02
<VARIANCE> 39
 1.492976e-01 5.040458e-01 5.560554e-01 9.225808e-01 5.418416e-01 1.011288e+00 7.498340e-01 3.708643e-01 2.765759e-01 3.560752e-01 4.518009e-01 2.305998e-01 8.085738e-01 6.580005e-03 3.552137e-02 3.905934e-02 2.937714e-02 2.342953e-02 4.821391e-02 4.015764e-02 3.170022e-02 4.682397e-02 2.911464e-02 2.932194e-02 1.817201e-02 1.055116e-02 1.986485e-03 6.471350e-03 7.461782e-03 7.088396e-03 5.977698e-03 8.682810e-03 7.970531e-03 4.859345e-03 7.315839e-03 4.983608e-03 6.037780e-03 3.792693e-03 2.223086e-03
<GCONST> -5.366755e+01
<STATE> 5
<MEAN> 39
 8.654981e-03 -1.286380e+00 -8.645661e-01 -1.084233e+00 -8.800316e-01 -1.050240e+00 2.413247e-03 -6.575547e-01 -6.426503e-02 -1.882743e-01 4.442850e-01 6.579038e-01 5.989530e+00 -2.591819e-02 1.045315e-01 4.738132e-02 4.318054e-02 9.728432e-02 3.479931e-02 -2.982451e-02 2.913972e-02 3.091562e-02 -4.672885e-02 -1.137311e-01 -6.740765e-02 -7.693116e-02 -1.404125e-02 8.122406e-02 2.979250e-02 7.502093e-02 7.583959e-02 -3.165315e-02 -4.900220e-02 -1.354600e-02 -5.764857e-02 -4.504285e-02 -5.924911e-02 -5.203633e-02 -5.768914e-02
<VARIANCE> 39
 5.481267e-02 5.580539e-01 4.955177e-01 7.681402e-01 4.481395e-01 9.355217e-01 8.404521e-01 6.419421e-01 2.545348e-01 2.918501e-01 2.640075e-01 1.693863e-01 8.048651e-01 3.119274e-03 3.746339e-02 1.913981e-02 3.603969e-02 3.440273e-02 2.657191e-02 2.725416e-02 2.339202e-02 3.773701e-02 1.934158e-02 3.094441e-02 2.147291e-02 1.639368e-02 5.177779e-04 3.569017e-03 4.458154e-03 4.462008e-03 5.399071e-03 5.755764e-03 3.603613e-03 4.480818e-03 4.825270e-03 3.468476e-03 4.081785e-03 4.497232e-03 1.280595e-03
<GCONST> -6.352892e+01
<STATE> 6
<MEAN> 39
 -2.454845e-01 -2.069522e-02 -3.346431e-01 -1.177089e-01 8.313061e-02 -1.147173e+00 -6.372411e-01 -6.156299e-01 -3.200767e-01 -7.573195e-01 -6.042651e-01 -1.137779e-01 4.978939e+00 -7.268352e-02 1.321038e-01 3.683653e-02 7.162689e-02 1.090930e-01 -1.401747e-02 -1.599238e-02 2.592069e-02 -5.741974e-02 -7.422284e-02 -8.414791e-02 -8.936852e-02 -1.344562e-01 6.660985e-04 -9.557418e-02 -4.427216e-02 -6.875025e-02 -7.612837e-02 2.637638e-02 4.386251e-02 -1.684171e-02 8.839583e-06 3.311367e-02 9.296390e-02 6.816327e-02 4.588623e-02
<VARIANCE> 39
 8.030204e-02 3.364362e-01 3.339050e-01 6.906928e-01 3.172407e-01 7.029327e-01 5.142910e-01 5.263544e-01 2.307102e-01 2.167180e-01 3.072833e-01 2.283209e-01 8.604794e-01 8.840969e-03 3.802742e-02 2.803870e-02 3.610113e-02 4.057726e-02 3.674284e-02 2.365515e-02 2.508777e-02 1.646832e-02 2.288982e-02 4.623738e-02 3.544984e-02 1.463098e-02 1.529376e-03 4.242057e-03 3.803520e-03 3.993860e-03 5.538294e-03 6.712210e-03 3.948623e-03 5.235731e-03 4.615722e-03 4.491062e-03 4.923785e-03 5.735143e-03 2.100061e-03
<GCONST> -6.081583e+01
<STATE> 7
<MEAN> 39
 -4.567881e-01 -7.766070e-01 -6.439633e-01 -8.572197e-01 -4.472384e-01 -1.096843e+00 -1.314708e-01 -7.644664e-01 -4.291192e-01 -6.121594e-01 -2.097548e-02 3.602745e-01 5.244716e+00 -2.780901e-02 -1.412708e-01 -4.367997e-02 -9.639320e-02 -1.231577e-01 4.722781e-02 4.250662e-02 -2.225502e-02 4.860345e-02 7.700735e-02 9.584501e-02 5.920964e-02 6.144945e-02 8.465121e-03 1.391385e-02 1.317541e-02 4.584789e-03 5.186406e-03 -9.969618e-03 -1.506198e-02 5.750672e-03 1.159472e-02 4.787608e-03 -1.748971e-02 -1.784657e-02 8.996926e-03
<VARIANCE> 39
 5.878200e-01 6.643679e-01 4.573129e-01 8.746728e-01 6.914803e-01 6.083912e-01 7.815536e-01 4.146484e-01 4.678645e-01 3.668154e-01 2.242127e-01 2.435465e-01 1.376890e+00 2.931650e-02 3.841553e-02 4.295703e-02 3.148121e-02 4.895552e-02 3.734337e-02 2.468826e-02 2.921751e-02 3.871600e-02 3.011326e-02 2.983052e-02 2.938433e-02 2.609702e-02 5.038523e-03 6.580682e-03 7.216853e-03 5.900736e-03 9.501640e-03 6.511668e-03 4.388404e-03 5.546645e-03 6.633023e-03 6.100767e-03 5.038212e-03 4.364050e-03 4.159865e-03
<GCONST> -4.791012e+01
<TRANSP> 8
 0.000000e+00 6.502216e-01 3.497784e-01 0.000000e+00 0.000000e+00 0.000000e+00 0.000000e+00 0.000000e+00
 0.000000e+00 7.711460e-01 2.288540e-01 0.000000e+00 0.000000e+00 0.000000e+00 0.000000e+00 0.000000e+00
 0.000000e+00 0.000000e+00 7.939556e-01 2.033205e-01 2.723817e-03 0.000000e+00 0.000000e+00 0.000000e+00
 0.000000e+00 0.000000e+00 0.000000e+00 8.299927e-01 1.700073e-01 0.000000e+00 0.000000e+00 0.000000e+00
 0.000000e+00 0.000000e+00 0.000000e+00 0.000000e+00 7.945420e-01 2.054580e-01 0.000000e+00 0.000000e+00
 0.000000e+00 0.000000e+00 0.000000e+00 0.000000e+00 0.000000e+00 7.648026e-01 2.351974e-01 0.000000e+00
 0.000000e+00 0.000000e+00 0.000000e+00 0.000000e+00 0.000000e+00 0.000000e+00 7.992855e-01 2.007145e-01
 0.000000e+00 0.000000e+00 0.000000e+00 0.000000e+00 0.000000e+00 0.000000e+00 0.000000e+00 0.000000e+00
<ENDHMM>
