~o
<STREAMINFO> 1 39
<VECSIZE> 39<NULLD><MFCC_D_A_0><DIAGC>
~h "sepuluh"
<BEGINHMM>
<NUMSTATES> 6
<STATE> 2
<MEAN> 39
 -4.315184e+00 -6.223352e+00 1.259743e+01 -1.431815e+01 -1.656892e+00 -1.528314e+01 1.347479e+01 -1.097042e+01 -1.008064e+00 -9.165271e+00 -7.021217e-01 -2.188821e+00 7.428319e+01 1.431618e-01 -3.919924e-02 -1.614509e-01 5.457747e-02 -2.062140e-02 -1.125560e-01 -1.072944e-01 1.285782e-01 3.516319e-02 -6.408014e-02 -6.442136e-02 7.270825e-02 -1.322621e-01 1.466799e-02 8.986270e-02 -6.820406e-02 4.972213e-02 5.472852e-02 5.171113e-02 -5.265202e-02 -9.633937e-03 4.126604e-02 2.205118e-02 -9.197269e-03 -1.859638e-02 -8.670495e-02
<VARIANCE> 39
 1.017849e+02 4.565223e+01 4.108271e+01 8.258394e+01 1.686373e+02 1.457247e+02 5.571825e+01 5.174775e+01 5.420971e+01 6.372866e+01 8.507274e+01 3.657547e+01 5.215986e+01 3.156082e+00 2.642230e+00 4.552125e+00 3.157357e+00 7.509963e+00 6.752835e+00 3.488675e+00 3.106190e+00 4.465134e+00 3.476489e+00 3.943565e+00 2.798881e+00 3.113654e+00 4.422243e-01 3.829484e-01 6.600336e-01 5.303766e-01 9.564742e-01 1.017128e+00 6.774837e-01 5.748758e-01 8.782631e-01 6.845773e-01 5.944481e-01 6.153272e-01 4.383518e-01
<GCONST> 1.377111e+02
<STATE> 3
<MEAN> 39
 -1.521243e+01 -7.430367e-01 1.866090e+00 -1.019324e+00 -6.169109e-01 2.702507e-01 -7.234402e-01 -3.517253e+00 -1.466804e+00 -2.085703e+00 2.348749e-01 6.833459e-01 6.388930e+01 5.483502e-01 8.400220e-01 -3.959934e-01 1.651199e-01 -2.245654e-02 -9.823181e-02 -8.371712e-02 1.706364e-01 1.790647e-01 -2.028467e-02 -1.115044e-01 -1.974682e-01 -4.500918e-01 1.985784e-01 6.919497e-02 1.520598e-01 3.526981e-02 -9.826906e-02 -2.043492e-01 -1.027223e-01 1.033591e-02 -4.719644e-02 -2.578861e-02 6.539333e-03 -1.597279e-02 1.875368e-01
<VARIANCE> 39
 4.653794e+01 3.682014e+01 3.533568e+01 3.034418e+01 1.849692e+01 2.468115e+01 3.601452e+01 2.368224e+01 2.032104e+01 2.130760e+01 1.764142e+01 1.899829e+01 4.888173e+01 4.550242e+00 3.547960e+00 2.631651e+00 1.971604e+00 1.380545e+00 1.998091e+00 1.902480e+00 1.697498e+00 1.839497e+00 1.350919e+00 1.547137e+00 1.331955e+00 2.644290e+00 8.447428e-01 5.253922e-01 4.877377e-01 3.526055e-01 2.796686e-01 4.536990e-01 4.600582e-01 3.853725e-01 3.987159e-01 2.619247e-01 2.620277e-01 1.889752e-01 2.586813e-01
<GCONST> 1.109848e+02
<STATE> 4
<MEAN> 39
 -2.066722e-01 5.224680e+00 -4.062213e-01 2.576221e+00 -3.170257e+00 -3.624711e+00 -3.395862e+00 4.205065e+00 2.788778e+00 -8.523209e+00 -4.164493e+00 8.575622e-01 5.426929e+01 5.205829e-01 4.412322e-01 7.665100e-02 9.959250e-03 -3.123110e-01 -5.289531e-01 -2.633159e-01 1.557019e-01 5.550748e-04 -1.769876e-01 -6.846459e-02 -1.238629e-02 2.237809e-01 -1.062314e-01 -1.015097e-01 -5.516010e-02 -1.367523e-02 2.351459e-02 6.383236e-02 6.462596e-02 1.824997e-02 3.299263e-03 -2.563480e-02 -1.516989e-02 -9.743384e-03 -5.449112e-02
<VARIANCE> 39
 6.280834e+01 8.352477e+01 6.943415e+01 4.521807e+01 8.050127e+01 6.993260e+01 5.782106e+01 6.776582e+01 9.967666e+01 5.757835e+01 4.687194e+01 3.729851e+01 1.176450e+02 3.842549e+00 5.459326e+00 6.699846e+00 4.085445e+00 7.930118e+00 6.858967e+00 4.736194e+00 4.063243e+00 6.137959e+00 4.705060e+00 3.815608e+00 3.113065e+00 2.965310e+00 4.855595e-01 9.668531e-01 1.146829e+00 7.660367e-01 1.265550e+00 1.138621e+00 8.685753e-01 7.107868e-01 1.098074e+00 9.236448e-01 7.596042e-01 5.632679e-01 4.308124e-01
<GCONST> 1.436443e+02
<STATE> 5
<MEAN> 39
 -2.361734e+00 8.057745e+00 5.314073e-01 2.884638e+00 -4.622301e+00 -9.858374e+00 -4.032773e+00 1.104467e+00 -5.618703e-01 -8.274577e+00 -5.298919e+00 -3.621000e+00 6.759940e+01 -3.197233e-01 -2.148651e-01 -1.805456e-01 -7.438684e-02 1.458016e-01 2.692725e-01 1.629030e-01 -3.602554e-02 -4.548451e-02 8.177026e-02 5.566101e-03 4.121130e-02 -2.280608e-01 -2.142419e-02 -1.894934e-02 -1.082146e-02 -1.590890e-02 1.779491e-02 2.557647e-02 -1.137993e-02 -1.733642e-02 4.455880e-03 2.280616e-02 1.664833e-02 1.911765e-02 -1.071321e-02
<VARIANCE> 39
 3.995012e+01 4.863943e+01 4.973664e+01 4.029855e+01 4.772701e+01 5.243534e+01 5.286262e+01 4.701140e+01 4.376738e+01 4.031765e+01 2.924605e+01 2.020924e+01 3.592654e+01 5.334017e-01 7.062607e-01 1.215204e+00 1.272968e+00 1.751810e+00 1.931479e+00 1.397307e+00 1.458038e+00 2.005103e+00 1.371294e+00 1.509386e+00 1.233777e+00 5.316288e-01 5.201871e-02 1.093533e-01 1.590790e-01 2.240435e-01 2.799798e-01 3.433190e-01 2.623375e-01 2.762573e-01 3.414806e-01 2.249084e-01 2.402987e-01 2.022038e-01 5.465155e-02
<GCONST> 1.003586e+02
<TRANSP> 6
 0.000000e+00 6.124786e-01 3.875214e-01 0.000000e+00 0.000000e+00 0.000000e+00
 0.000000e+00 9.521522e-01 2.648320e-02 2.136466e-02 0.000000e+00 0.000000e+00
 0.000000e+00 0.000000e+00 9.239273e-01 7.353150e-02 2.541233e-03 0.000000e+00
 0.000000e+00 0.000000e+00 0.000000e+00 9.341688e-01 3.716137e-02 2.866984e-02
 0.000000e+00 0.000000e+00 0.000000e+00 0.000000e+00 9.736536e-01 2.634636e-02
 0.000000e+00 0.000000e+00 0.000000e+00 0.000000e+00 0.000000e+00 0.000000e+00
<ENDHMM>
