~o
<STREAMINFO> 1 39
<VECSIZE> 39<NULLD><MFCC_D_A_0><DIAGC>
~h "sil"
<BEGINHMM>
<NUMSTATES> 6
<STATE> 2
<MEAN> 39
 -1.219122e+01 3.848881e+00 -7.439881e+00 -4.357455e+00 -4.520421e+00 -5.747531e-01 -5.801889e-01 -5.166922e-01 -4.951606e+00 -4.387024e+00 -1.071466e+00 7.852885e-01 4.123315e+01 -8.764058e-02 1.444473e-01 -7.569476e-02 2.540269e-02 6.148026e-02 9.046571e-03 5.255540e-02 -9.675216e-03 -6.361395e-02 5.895489e-03 -4.846067e-02 -4.721060e-02 -1.567891e-01 -9.748905e-04 -1.767079e-02 4.537208e-02 1.750890e-02 5.157641e-03 2.853573e-03 -1.406475e-02 1.781223e-02 2.883475e-02 -7.682988e-03 -1.004912e-03 2.761557e-03 1.710224e-02
<VARIANCE> 39
 2.308977e+01 4.642509e+01 9.824540e+01 5.904509e+01 3.178345e+01 5.376721e+01 4.643714e+01 4.946258e+01 6.876017e+01 5.436431e+01 3.891536e+01 3.327427e+01 7.664973e+01 8.785107e-01 1.808517e+00 2.843231e+00 2.892515e+00 2.745779e+00 3.674711e+00 3.863816e+00 4.177325e+00 4.195146e+00 4.107052e+00 3.746615e+00 3.328502e+00 8.582395e-01 1.214867e-01 2.441522e-01 4.034557e-01 4.853010e-01 5.239310e-01 7.223642e-01 7.830319e-01 8.481030e-01 8.267837e-01 8.226054e-01 7.546754e-01 6.722120e-01 9.437867e-02
<GCONST> 1.251608e+02
<STATE> 3
<MEAN> 39
 -1.494171e+01 4.142056e+00 -3.112277e+00 3.677692e-01 -9.132708e-01 1.814511e+00 2.850385e+00 4.334818e+00 1.399922e+00 1.858612e+00 -2.983160e+00 -3.616008e+00 5.868265e+01 -1.672394e-02 4.283660e-02 5.291832e-03 4.307175e-02 4.080337e-03 -5.416635e-02 1.558791e-02 1.819961e-02 -1.561042e-02 1.356617e-02 5.444332e-04 -4.856219e-02 -3.232969e-02 2.292747e-03 -7.734031e-03 2.205077e-03 -3.592074e-03 3.962114e-03 6.421616e-03 -3.117151e-03 -3.712069e-03 -3.253467e-04 6.912161e-04 2.703327e-03 5.576898e-03 6.796236e-03
<VARIANCE> 39
 8.020018e-01 1.427674e+00 3.774393e+00 3.060996e+00 3.762051e+00 5.867613e+00 5.938488e+00 6.209934e+00 5.432597e+00 5.041262e+00 5.436654e+00 5.508838e+00 3.859720e-01 4.156434e-02 1.036036e-01 1.810955e-01 2.409302e-01 3.592256e-01 4.456467e-01 5.388720e-01 5.297881e-01 5.007705e-01 4.656518e-01 5.071953e-01 4.531271e-01 1.809224e-02 7.282917e-03 2.058642e-02 3.067087e-02 4.581412e-02 7.188881e-02 8.829451e-02 1.086352e-01 1.056328e-01 9.900857e-02 9.296886e-02 1.006839e-01 9.009274e-02 3.056143e-03
<GCONST> 2.803378e+01
<STATE> 4
<MEAN> 39
 -1.804701e+01 3.265866e+00 -3.510641e+00 3.016925e+00 8.272166e-01 2.803723e+00 4.333646e+00 4.655304e-01 3.129583e-01 7.259145e-01 1.296148e+00 3.321418e-01 5.378828e+01 -2.618984e-02 2.561496e-02 1.121330e-01 9.422453e-02 1.044306e-01 7.576683e-02 1.251038e-02 8.297034e-02 1.023268e-01 2.560944e-02 -4.205239e-03 4.688265e-02 -9.244765e-03 4.852866e-02 -1.978483e-02 7.016946e-02 7.194728e-02 5.008466e-02 1.633639e-02 -2.964426e-02 -3.454481e-02 -6.570463e-03 -5.163224e-03 1.552826e-02 2.100512e-02 6.474084e-02
<VARIANCE> 39
 9.063089e+00 7.869327e+00 1.191166e+01 1.615244e+01 1.063636e+01 1.352377e+01 1.516061e+01 2.775061e+01 1.864331e+01 1.690539e+01 2.132903e+01 1.755726e+01 3.558162e+01 1.971505e-01 3.694761e-01 5.897438e-01 7.003505e-01 7.679668e-01 1.054173e+00 1.041611e+00 1.083913e+00 9.778631e-01 1.067068e+00 1.001838e+00 9.403605e-01 1.020557e-01 6.175541e-02 9.425890e-02 1.189550e-01 1.683323e-01 2.134191e-01 1.951676e-01 2.049887e-01 2.410368e-01 1.990683e-01 1.960399e-01 1.871646e-01 1.985384e-01 3.915064e-02
<GCONST> 7.655266e+01
<STATE> 5
<MEAN> 39
 -1.281614e+01 1.948016e+00 -3.679060e+00 5.093307e-01 -2.225803e+00 -2.178585e-01 -1.065815e+00 6.405424e-01 -2.127190e+00 -3.758980e+00 -2.100894e+00 7.842035e-01 4.294082e+01 5.412403e-01 -4.990754e-01 3.675421e-01 4.285003e-01 3.497787e-01 -6.902955e-02 -4.501730e-01 -1.399754e-01 6.965902e-02 -1.211966e-01 7.697205e-02 1.788066e-01 7.663968e-01 1.115123e-01 -2.677357e-02 -1.915378e-02 4.973140e-02 7.490096e-02 -4.700684e-02 -8.068837e-02 -2.048687e-02 -3.351348e-02 -5.295642e-02 1.436029e-02 3.924901e-03 1.138993e-01
<VARIANCE> 39
 4.629351e+01 6.530022e+01 6.982720e+01 6.367020e+01 6.220407e+01 5.197083e+01 6.159154e+01 6.435483e+01 7.857471e+01 6.572394e+01 5.285753e+01 4.882452e+01 1.438598e+02 3.112759e+00 5.649054e+00 5.347012e+00 5.503910e+00 6.805610e+00 5.291181e+00 5.732389e+00 5.811174e+00 6.547661e+00 5.663854e+00 5.571639e+00 4.683279e+00 4.731088e+00 4.651761e-01 1.031339e+00 9.227104e-01 9.165511e-01 1.187895e+00 1.131872e+00 1.154457e+00 1.129312e+00 1.283423e+00 1.149957e+00 1.126884e+00 9.361039e-01 8.922443e-01
<GCONST> 1.475868e+02
<TRANSP> 6
 0.000000e+00 7.156406e-01 2.843594e-01 0.000000e+00 0.000000e+00 0.000000e+00
 0.000000e+00 9.463345e-01 1.954705e-02 3.411847e-02 0.000000e+00 0.000000e+00
 0.000000e+00 0.000000e+00 9.716752e-01 2.832476e-02 0.000000e+00 0.000000e+00
 0.000000e+00 0.000000e+00 0.000000e+00 7.782543e-01 1.500456e-01 7.170010e-02
 0.000000e+00 0.000000e+00 0.000000e+00 0.000000e+00 8.954543e-01 1.045457e-01
 0.000000e+00 0.000000e+00 0.000000e+00 0.000000e+00 0.000000e+00 0.000000e+00
<ENDHMM>
