~o
<STREAMINFO> 1 39
<VECSIZE> 39<NULLD><MFCC_D_A_0><DIAGC>
~h "tambah"
<BEGINHMM>
<NUMSTATES> 6
<STATE> 2
<MEAN> 39
 -5.297041e+00 -7.704030e-01 7.186600e-01 -1.721342e+00 -3.279739e+00 -1.558576e+00 2.400758e+00 -6.015344e+00 -2.287513e+00 -4.617871e+00 2.905698e+00 6.979797e-01 6.722662e+01 1.395918e+00 3.866064e-02 -1.364649e-01 -1.206345e-01 -3.857548e-01 -4.061994e-02 1.681828e-01 -3.542622e-02 -7.187916e-02 -2.932942e-01 2.359111e-01 6.500826e-01 1.157803e+00 8.025735e-02 2.379984e-01 -3.437633e-02 -4.372585e-03 1.444264e-01 -3.400308e-02 -7.963888e-02 1.549198e-01 1.540080e-01 -3.746724e-02 -1.618664e-01 -9.591955e-03 -1.006032e-01
<VARIANCE> 39
 7.618721e+01 5.475141e+01 3.854034e+01 5.447284e+01 9.407364e+01 4.453767e+01 5.774244e+01 6.502742e+01 4.128238e+01 4.247872e+01 3.173683e+01 4.484326e+01 1.384417e+02 5.753492e+00 8.230446e+00 3.420292e+00 4.293958e+00 7.468719e+00 4.485654e+00 4.428817e+00 5.365488e+00 4.186028e+00 3.780924e+00 3.599373e+00 3.381350e+00 6.911570e+00 6.899529e-01 1.572763e+00 6.638540e-01 8.641983e-01 1.370346e+00 9.664218e-01 9.368660e-01 9.939978e-01 8.321045e-01 7.481685e-01 7.212765e-01 5.706244e-01 1.280741e+00
<GCONST> 1.429341e+02
<STATE> 3
<MEAN> 39
 3.398486e+00 5.043200e+00 -2.425997e+00 -2.367597e+00 -8.095717e+00 -3.541755e+00 1.321746e+00 -9.371804e-01 2.285330e+00 -5.695910e+00 -7.964346e-01 4.315464e+00 7.317793e+01 3.791858e-02 1.431808e+00 1.161452e-01 9.413636e-01 1.539806e+00 -3.796049e-01 -6.751500e-01 6.787666e-01 9.540248e-01 1.348326e-01 -1.491860e+00 -1.745203e+00 -9.894087e-01 -4.996482e-01 -5.280099e-02 2.213732e-01 4.755297e-01 5.092154e-01 3.054401e-01 2.794216e-02 -2.832415e-01 -8.389061e-02 1.142202e-01 -2.191457e-01 -6.246068e-01 -3.616758e-01
<VARIANCE> 39
 1.087057e+01 3.531293e+01 2.196599e+01 5.137498e+01 3.782136e+01 3.959945e+01 4.398510e+01 6.083401e+01 2.636014e+01 2.059714e+01 2.656974e+01 5.933754e+01 8.768222e+01 1.203621e+00 1.266465e+00 1.586266e+00 2.695804e+00 4.917942e+00 2.213541e+00 1.932103e+00 2.155279e+00 2.401214e+00 1.929294e+00 2.482145e+00 4.537185e+00 1.093017e+00 2.506711e-01 2.147196e-01 2.016593e-01 3.240523e-01 6.496620e-01 4.165578e-01 4.217126e-01 3.179748e-01 3.990270e-01 4.008752e-01 4.052953e-01 5.289201e-01 1.931006e-01
<GCONST> 1.137420e+02
<STATE> 4
<MEAN> 39
 3.738112e-01 1.321555e+01 8.260337e-02 7.646028e+00 4.724256e+00 -1.141265e+00 -2.521734e+00 1.127925e-01 6.328440e+00 -4.579578e+00 -1.071764e+01 -1.025357e+01 6.597735e+01 -1.334918e-01 5.030569e-01 3.065164e-01 1.731773e-01 3.094109e-01 1.790962e-01 -1.229164e-01 -1.883335e-01 -5.474757e-02 7.530864e-02 -3.027889e-01 -5.337443e-01 -3.312003e-01 1.688752e-01 -2.445368e-01 -8.077165e-02 -4.687344e-01 -7.188764e-01 -1.626265e-01 9.188931e-02 -3.553216e-02 -1.905385e-01 -1.021876e-01 4.616959e-01 7.451170e-01 2.898669e-01
<VARIANCE> 39
 7.124931e+00 1.358811e+01 1.423306e+01 1.465357e+01 1.594396e+01 2.845877e+01 1.418248e+01 5.121255e+01 2.930225e+01 2.156517e+01 2.142915e+01 1.686996e+01 7.371035e+01 2.774579e-01 4.087856e-01 4.744989e-01 1.856504e+00 3.675982e+00 1.168070e+00 8.218209e-01 7.998326e-01 1.439558e+00 9.932883e-01 2.632508e+00 4.291582e+00 4.257240e-01 4.530055e-02 1.302297e-01 1.192743e-01 1.867159e-01 3.688069e-01 2.254210e-01 1.535188e-01 1.775727e-01 2.592709e-01 2.422025e-01 2.634669e-01 4.230757e-01 7.796163e-02
<GCONST> 8.905690e+01
<STATE> 5
<MEAN> 39
 -3.396297e-02 -3.912574e-01 9.304981e-01 -5.334631e+00 -3.741003e+00 -2.416650e+00 6.272679e+00 -6.541723e+00 3.024318e+00 -6.991548e+00 -1.823025e+00 6.739128e-01 7.060332e+01 -2.882284e-01 -3.474460e-01 6.917318e-02 1.270860e-02 -2.829757e-02 9.838042e-02 1.042453e-01 -1.162981e-01 -2.436352e-01 4.676142e-02 3.091399e-01 3.374183e-01 -8.230143e-02 -3.831911e-02 2.768070e-02 1.022162e-02 6.834442e-02 1.104944e-01 1.587303e-02 -1.718481e-02 1.386203e-02 2.519854e-02 2.418171e-02 -6.176129e-02 -1.212681e-01 -3.340543e-02
<VARIANCE> 39
 4.936813e+01 7.617561e+01 6.792089e+01 1.262798e+02 8.427949e+01 6.347377e+01 8.017429e+01 1.179752e+02 5.747387e+01 4.332660e+01 5.669857e+01 5.969840e+01 1.105176e+02 1.562462e+00 3.419433e+00 2.136874e+00 3.187335e+00 5.674020e+00 3.139616e+00 2.768817e+00 3.122428e+00 3.148641e+00 2.884862e+00 3.191800e+00 4.372777e+00 2.425016e+00 2.046942e-01 4.550858e-01 3.493574e-01 4.677410e-01 7.629101e-01 5.820409e-01 4.636577e-01 5.504043e-01 5.683005e-01 4.824425e-01 4.602722e-01 5.340248e-01 3.244229e-01
<GCONST> 1.315322e+02
<TRANSP> 6
 0.000000e+00 6.930465e-01 3.069536e-01 0.000000e+00 0.000000e+00 0.000000e+00
 0.000000e+00 8.844613e-01 1.155386e-01 0.000000e+00 0.000000e+00 0.000000e+00
 0.000000e+00 0.000000e+00 7.532430e-01 1.833141e-01 6.344289e-02 0.000000e+00
 0.000000e+00 0.000000e+00 0.000000e+00 8.858652e-01 1.141348e-01 0.000000e+00
 0.000000e+00 0.000000e+00 0.000000e+00 0.000000e+00 9.568516e-01 4.314842e-02
 0.000000e+00 0.000000e+00 0.000000e+00 0.000000e+00 0.000000e+00 0.000000e+00
<ENDHMM>
