~o
<STREAMINFO> 1 39
<VECSIZE> 39<NULLD><MFCC_D_A_0><DIAGC>
~h "tiga"
<BEGINHMM>
<NUMSTATES> 6
<STATE> 2
<MEAN> 39
 -2.747764e+00 -1.340252e+00 1.522267e+00 1.345217e+01 4.004764e+00 -1.682000e+00 -9.190808e+00 1.461897e+00 1.069669e+00 -5.894000e+00 4.501020e-01 -1.192327e+00 4.873946e+01 7.800044e-01 -2.305140e-01 2.933186e-01 4.731471e-01 2.240047e-01 2.718507e-01 -4.419051e-01 -7.664110e-02 1.821702e-01 -6.615798e-01 5.338487e-02 3.775653e-01 7.053134e-01 7.257006e-02 9.692284e-02 1.131987e-02 -3.817090e-02 -7.984921e-02 -3.828182e-02 2.559720e-02 -1.197739e-03 -4.140779e-02 -1.056811e-01 -5.139744e-02 1.173940e-01 1.402791e-02
<VARIANCE> 39
 3.453140e+01 8.756423e+01 5.266346e+01 8.813218e+01 7.632715e+01 5.194451e+01 6.342375e+01 6.228158e+01 4.942067e+01 6.115656e+01 2.629784e+01 3.814880e+01 5.086690e+01 3.306049e+00 1.189561e+01 6.758032e+00 7.808738e+00 8.776129e+00 6.256255e+00 9.246891e+00 7.614248e+00 6.132655e+00 7.051294e+00 3.491047e+00 3.929172e+00 5.643890e+00 5.581147e-01 2.213526e+00 1.431118e+00 1.150993e+00 1.390866e+00 1.206556e+00 1.812510e+00 1.508701e+00 1.284292e+00 1.187237e+00 7.303873e-01 7.110378e-01 9.401175e-01
<GCONST> 1.495078e+02
<STATE> 3
<MEAN> 39
 -5.809520e+00 -1.472861e+00 4.279956e+00 1.723518e+01 1.104511e+01 -3.705640e+00 -9.556692e+00 4.512185e-01 -5.327214e-01 -7.374054e-01 7.443436e-01 -2.042317e+00 6.684495e+01 5.947286e-01 -1.851303e-01 -2.046315e-01 -1.544742e-01 -4.833422e-02 -3.383912e-01 -5.108276e-01 -1.840102e-01 -4.693667e-01 -1.419947e-01 5.054621e-01 5.182282e-01 4.970812e-01 -1.673358e-02 3.477237e-02 -2.072251e-01 -2.492180e-01 -2.401669e-01 -7.048848e-03 1.970576e-01 1.008367e-01 2.070659e-02 3.834959e-02 5.777185e-02 1.255479e-01 -7.097898e-02
<VARIANCE> 39
 3.267669e+01 3.425728e+01 3.456063e+01 5.113860e+01 3.485651e+01 3.383178e+01 6.521117e+01 5.688931e+01 3.695318e+01 3.997132e+01 2.128542e+01 1.911528e+01 4.071828e+01 1.648117e+00 2.574548e+00 2.380934e+00 5.416295e+00 3.817100e+00 3.450727e+00 5.928484e+00 2.460703e+00 3.677196e+00 1.811753e+00 2.546036e+00 2.495565e+00 2.137203e+00 2.620763e-01 4.089913e-01 3.797355e-01 5.967113e-01 5.378302e-01 5.051828e-01 1.045787e+00 4.627101e-01 6.582471e-01 3.851889e-01 3.283463e-01 3.245012e-01 3.090711e-01
<GCONST> 1.217127e+02
<STATE> 4
<MEAN> 39
 2.086491e+00 -5.199394e+00 -9.218573e+00 1.013955e-01 3.589820e-01 -6.037668e+00 -9.245210e+00 1.829387e+00 -4.071533e+00 -1.533284e+00 1.110952e+01 1.042767e+01 7.198340e+01 -1.166339e-01 4.999860e-01 -4.836670e-01 -6.381826e-01 -6.471885e-01 3.715643e-01 1.127531e+00 6.193956e-01 3.847957e-01 -1.386739e-01 -3.294120e-01 3.604712e-01 -4.445313e-01 -1.752564e-01 9.097560e-02 1.539247e-01 2.054334e-01 2.355924e-01 6.956036e-02 1.318694e-02 -9.841974e-03 8.268061e-02 2.200831e-02 -2.297926e-01 -2.409031e-01 -1.450845e-01
<VARIANCE> 39
 1.970049e+01 2.106690e+01 8.312222e+01 3.103417e+01 2.603604e+01 6.953851e+01 4.556457e+01 3.633950e+01 2.545100e+01 7.772510e+01 2.654306e+01 1.009640e+01 4.814057e+01 4.643512e-01 5.297822e-01 1.132331e+00 1.596462e+00 1.462171e+00 1.434513e+00 1.452156e+00 1.825262e+00 1.324435e+00 1.381142e+00 1.527198e+00 1.500886e+00 4.399728e-01 6.364870e-02 1.097820e-01 1.281504e-01 2.022658e-01 1.703936e-01 2.940466e-01 3.171429e-01 3.939111e-01 3.278548e-01 3.108749e-01 3.166542e-01 2.809492e-01 7.086715e-02
<GCONST> 9.800680e+01
<STATE> 5
<MEAN> 39
 1.887206e+00 5.582828e+00 -1.284838e+00 4.909795e+00 -1.316830e+00 1.067152e+00 -2.045330e+00 5.571796e+00 3.282356e+00 -1.153845e+01 -3.371050e+00 7.005744e+00 5.230871e+01 -7.621232e-01 8.332479e-01 -1.884741e-01 -3.386649e-02 2.878778e-01 -3.254726e-01 7.720366e-01 2.629978e-01 3.510369e-03 8.442860e-01 -4.373640e-01 -8.336737e-01 -9.580433e-01 -2.499373e-02 -7.320517e-02 5.134732e-02 3.229426e-02 9.345990e-02 6.726918e-02 -1.613046e-01 -9.748926e-02 -5.160662e-02 8.541808e-02 1.048973e-01 -7.469473e-02 1.093683e-02
<VARIANCE> 39
 5.085485e+01 4.700079e+01 3.340978e+01 5.390272e+01 5.361639e+01 4.532238e+01 4.212342e+01 5.914455e+01 7.058221e+01 5.897512e+01 4.493972e+01 1.030571e+02 7.498915e+01 1.452886e+00 3.138206e+00 3.498337e+00 2.913719e+00 4.852962e+00 3.746055e+00 3.180407e+00 5.336003e+00 4.730556e+00 4.525711e+00 3.424612e+00 6.218366e+00 1.803025e+00 2.571319e-01 3.633114e-01 6.571723e-01 5.941904e-01 8.802906e-01 7.896500e-01 5.379195e-01 8.765180e-01 7.727458e-01 8.878619e-01 6.278532e-01 9.685322e-01 2.403497e-01
<GCONST> 1.332166e+02
<TRANSP> 6
 0.000000e+00 5.787544e-01 4.212456e-01 0.000000e+00 0.000000e+00 0.000000e+00
 0.000000e+00 9.356606e-01 6.433942e-02 0.000000e+00 0.000000e+00 0.000000e+00
 0.000000e+00 0.000000e+00 9.155070e-01 8.449305e-02 0.000000e+00 0.000000e+00
 0.000000e+00 0.000000e+00 0.000000e+00 8.759845e-01 8.280130e-02 4.121417e-02
 0.000000e+00 0.000000e+00 0.000000e+00 0.000000e+00 9.012615e-01 9.873851e-02
 0.000000e+00 0.000000e+00 0.000000e+00 0.000000e+00 0.000000e+00 0.000000e+00
<ENDHMM>
